     1     1     2     2     4     6     8     2     0     1     0     0     0     2     0     0   711     1
     2     1     2     2     4     6     8     2     0     0     1     0     1     1     0     1   493     0
     3     1     1     2     2     4     6     8     1     1     0     1     1     2     1     1  1225     0
     4     1     1     2     2     4     6     8     1     0     0     0     0     1     0     1   448     1
     5     2     5     0     1     3     5     7     1     1     0     0     0     3     0     1   622     0
     6     2     5     0     1     3     5     7     1     1     1     0     1     1     0     0   447     0
     7     1     2     2     4     6     8     2     1     0     1     1     0     3     0     1   578     0
     8     1     3     1     6     8     2     4     0     1     1     1     1     2     1     1   732     0
     9     2     8     1     7     1     3     5     0     0     1     1     1     3     0     1   752     0
    10     2     5     0     1     3     5     7     0     1     0     1     1     2     0     1   494     0
    11     2     7     0     5     7     1     3     1     1     1     1     1     2     1     0   536     0
    12     1     4     1     8     2     4     6     0     1     0     0     0     3     1     0   922     0
    13     2     5     0     1     3     5     7     1     0     0     1     0     3     1     1   623     0
    14     2     5     0     1     3     5     7     0     1     0     0     1     1     1     1   433     0
    15     1     2     2     4     6     8     2     0     0     1     0     1     3     0     1   526     0
    16     1     3     1     6     8     2     4     1     0     0     1     1     2     1     0  1271     1
    17     2     5     0     1     3     5     7     1     0     0     1     0     3     0     0   603     0
    18     2     6     2     3     5     7     1     1     1     0     0     0     2     0     1   862     0
    19     2     5     0     1     3     5     7     0     0     0     0     1     2     1     1   776     0
    20     2     6     2     3     5     7     1     0     1     0     1     0     2     0     1   534     0
    21     1     1     2     2     4     6     8     0     1     0     1     1     3     0     0   472     0
    22     1     1     2     2     4     6     8     0     0     1     0     0     1     0     1   976     0
    23     2     5     0     1     3     5     7     1     0     1     0     0     3     1     0   627     0
    24     1     2     2     4     6     8     2     0     1     0     0     1     3     1     1   468     0
    25     2     7     0     5     7     1     3     1     1     1     1     0     3     1     0   430     0
    26     2     8     1     7     1     3     5     1     0     1     0     0     2     0     1   984     1
    27     1     1     2     2     4     6     8     1     0     0     1     1     3     0     0   795     0
    28     1     1     2     2     4     6     8     1     1     1     0     1     1     0     1   481     0
    29     2     7     0     5     7     1     3     0     1     0     1     0     3     1     0   986     0
    30     1     2     2     4     6     8     2     0     1     0     0     1     3     0     0   372     0
    31     1     4     1     8     2     4     6     0     1     1     0     0     2     0     0   478     1
    32     1     4     1     8     2     4     6     1     0     0     0     1     1     1     1  1228     1
    33     1     2     2     4     6     8     2     1     0     1     0     1     2     0     0   866     0
    34     1     2     2     4     6     8     2     0     1     0     0     0     1     1     1   613     0
    35     2     7     0     5     7     1     3     1     0     0     0     1     3     1     1   691     0
    36     2     7     0     5     7     1     3     0     1     0     1     1     1     1     1   405     0
    37     1     1     2     2     4     6     8     0     1     0     0     1     3     0     0   859     0
    38     1     2     2     4     6     8     2     1     0     1     1     0     2     1     1   445     1
    39     2     6     2     3     5     7     1     1     0     1     1     1     3     0     0   630     0
    40     2     6     2     3     5     7     1     1     1     1     1     0     1     0     1   475     0
    41     2     6     2     3     5     7     1     0     0     1     0     1     1     1     1   824     0
    42     2     6     2     3     5     7     1     1     1     0     1     1     1     1     1   490     0
    43     2     6     2     3     5     7     1     0     0     0     1     0     1     1     1   441     1
    44     2     5     0     1     3     5     7     0     0     1     1     1     2     0     0   804     0
    45     1     1     2     2     4     6     8     1     0     1     1     0     3     1     0   787     0
    46     1     1     2     2     4     6     8     0     0     1     0     0     1     1     0   484     0
    47     2     8     1     7     1     3     5     1     0     1     1     1     3     1     0   593     0
    48     2     8     1     7     1     3     5     0     0     1     0     1     1     1     0   447     0
    49     1     2     2     4     6     8     2     0     0     1     1     0     3     0     0   566     0
    50     2     7     0     5     7     1     3     0     0     1     0     1     3     0     0   521     0
    51     2     5     0     1     3     5     7     1     0     0     1     1     2     1     0   858     0
    52     2     5     0     1     3     5     7     1     1     0     0     0     1     0     1   502     0
    53     2     7     0     5     7     1     3     0     1     0     1     0     2     1     0   500     0
    54     2     8     1     7     1     3     5     1     1     0     1     0     2     1     0   623     0
    55     1     3     1     6     8     2     4     0     1     0     0     1     3     1     0   704     0
    56     1     4     1     8     2     4     6     0     0     0     1     0     2     0     1   508     0
    57     2     6     2     3     5     7     1     1     0     0     1     0     3     1     0   498     0
    58     1     1     2     2     4     6     8     0     0     0     1     0     3     1     0   779     0
    59     2     7     0     5     7     1     3     0     0     1     0     0     3     0     0   505     0
    60     2     6     2     3     5     7     1     1     0     1     1     1     2     1     0   552     0
    61     1     1     2     2     4     6     8     0     0     1     0     0     3     1     0   564     0
    62     1     1     2     2     4     6     8     1     0     1     1     0     1     1     0   519     0
    63     1     2     2     4     6     8     2     1     1     0     1     1     2     0     1   448     0
    64     1     1     2     2     4     6     8     0     1     0     0     0     2     1     0   602     0
    65     2     8     1     7     1     3     5     1     0     0     1     1     3     1     1   662     0
    66     2     8     1     7     1     3     5     1     1     1     0     1     1     0     1   596     0
    67     2     7     0     5     7     1     3     0     1     0     0     0     2     1     0   563     1
    68     2     7     0     5     7     1     3     0     1     1     0     0     1     0     0   801     0
    69     2     7     0     5     7     1     3     0     1     0     0     0     1     0     0   403     0
    70     2     5     0     1     3     5     7     1     0     1     1     1     2     1     1   572     0
    71     2     7     0     5     7     1     3     1     1     1     1     0     2     0     1   684     0
    72     2     7     0     5     7     1     3     1     0     1     0     1     1     0     1   772     0
    73     1     2     2     4     6     8     2     1     0     1     0     0     3     0     0   472     0
    74     1     2     2     4     6     8     2     1     0     0     1     0     1     0     0   458     0
    75     2     8     1     7     1     3     5     1     1     0     0     1     3     0     1   570     0
    76     2     6     2     3     5     7     1     1     0     1     1     1     2     0     1   422     0
    77     2     6     2     3     5     7     1     0     0     0     1     1     1     1     0   581     0
    78     2     6     2     3     5     7     1     0     1     0     0     1     1     0     1   621     0
    79     2     6     2     3     5     7     1     1     1     1     1     0     1     1     0   502     0
    80     2     5     0     1     3     5     7     1     1     1     0     1     2     0     0   629     0
    81     1     1     2     2     4     6     8     1     0     0     0     0     3     0     1   521     1
    82     1     1     2     2     4     6     8     0     1     0     1     1     1     1     1   822     0
    83     2     6     2     3     5     7     1     1     1     0     0     1     3     1     0   421     0
    84     2     6     2     3     5     7     1     1     1     0     1     0     1     0     0   405     0
    85     2     6     2     3     5     7     1     1     0     1     1     0     1     0     1   474     0
    86     2     6     2     3     5     7     1     1     1     0     1     1     1     0     1   489     0
    87     1     2     2     4     6     8     2     0     1     0     0     1     3     1     0   634     0
    88     1     2     2     4     6     8     2     0     0     0     0     1     1     0     1   491     0
    89     1     2     2     4     6     8     2     1     0     0     1     1     1     1     0   595     1
    90     1     3     1     6     8     2     4     0     0     1     1     0     2     1     0   459     0
    91     2     5     0     1     3     5     7     0     1     0     0     0     3     0     1   633     0
    92     2     5     0     1     3     5     7     1     1     1     1     0     1     1     0   548     0
    93     1     2     2     4     6     8     2     0     1     1     1     0     3     1     0   584     0
    94     1     2     2     4     6     8     2     0     0     1     0     1     1     0     1   417     0
    95     2     8     1     7     1     3     5     0     0     0     1     1     3     0     0   587     0
    96     2     8     1     7     1     3     5     0     0     1     1     1     1     0     0   520     0
    97     2     8     1     7     1     3     5     1     1     1     0     0     1     1     1   665     0
    98     1     1     2     2     4     6     8     0     0     1     1     1     3     1     1   621     0
    99     2     7     0     5     7     1     3     0     0     0     0     1     3     0     0   476     0
   100     1     4     1     8     2     4     6     1     0     1     0     0     3     1     0   599     0
   101     1     4     1     8     2     4     6     1     1     1     1     1     1     0     1   638     0
   102     1     3     1     6     8     2     4     1     1     0     0     0     2     0     0   810     0
   103     1     1     2     2     4     6     8     1     1     1     0     0     2     0     0   456     0
   104     1     3     1     6     8     2     4     1     0     1     0     0     2     0     1   573     0
   105     1     1     2     2     4     6     8     0     0     0     0     0     2     1     0   640     0
   106     1     1     2     2     4     6     8     0     0     1     1     1     1     0     0   509     0
   107     2     6     2     3     5     7     1     0     1     0     1     1     3     0     1   491     0
   108     2     6     2     3     5     7     1     0     1     1     1     1     1     0     0   409     0
   109     2     5     0     1     3     5     7     0     0     1     1     1     2     0     1   572     0
   110     2     5     0     1     3     5     7     0     1     0     0     0     1     0     1   442     0
   111     1     2     2     4     6     8     2     0     0     1     0     1     3     0     1   496     0
   112     1     2     2     4     6     8     2     1     0     0     1     1     1     1     0   468     0
   113     1     2     2     4     6     8     2     1     0     0     1     1     1     0     0   816     0
   114     1     2     2     4     6     8     2     1     0     0     0     0     1     0     0   355     0
   115     1     2     2     4     6     8     2     1     1     0     1     1     1     0     1   387     0
   116     1     4     1     8     2     4     6     1     1     0     1     1     2     0     0   477     0
   117     2     5     0     1     3     5     7     0     0     0     0     1     3     1     1   629     0
   118     2     5     0     1     3     5     7     1     0     0     0     1     1     1     0   356     0
   119     2     5     0     1     3     5     7     0     1     0     1     0     1     1     1   518     0
   120     1     2     2     4     6     8     2     0     1     0     0     1     3     0     0   509     0
   121     2     6     2     3     5     7     1     1     1     1     0     0     3     1     0   421     0
   122     2     7     0     5     7     1     3     0     1     1     0     0     2     1     0   595     0
   123     2     7     0     5     7     1     3     1     0     1     1     0     1     1     1   445     0
   124     1     2     2     4     6     8     2     1     0     0     0     0     3     0     0   445     0
   125     1     2     2     4     6     8     2     0     0     1     1     1     1     1     0   524     0
   126     1     2     2     4     6     8     2     1     1     1     1     0     1     1     1   427     0
   127     1     3     1     6     8     2     4     0     0     0     1     1     2     1     1   513     1
   128     1     3     1     6     8     2     4     0     1     1     1     1     1     0     1   426     0
   129     2     7     0     5     7     1     3     1     1     1     1     0     3     1     0   439     0
   130     2     6     2     3     5     7     1     0     1     1     1     0     2     1     0   495     0
   131     2     8     1     7     1     3     5     1     0     1     0     0     2     1     1   510     0
   132     2     8     1     7     1     3     5     0     1     0     1     0     1     1     1   616     0
   133     2     7     0     5     7     1     3     1     1     1     0     0     2     1     0   511     0
   134     2     7     0     5     7     1     3     0     0     1     0     0     1     1     1   588     0
   135     1     4     1     8     2     4     6     0     1     1     0     1     3     0     1   547     1
   136     1     4     1     8     2     4     6     0     0     1     0     0     1     0     1   585     0
   137     1     4     1     8     2     4     6     1     0     1     0     1     1     1     0   492     0
   138     1     1     2     2     4     6     8     1     0     0     1     0     2     0     0   431     0
   139     1     2     2     4     6     8     2     0     0     0     1     0     2     1     0   650     0
   140     2     5     0     1     3     5     7     1     0     1     1     0     3     1     0   643     0
   141     2     8     1     7     1     3     5     0     0     0     0     0     2     1     0   480     0
   142     2     8     1     7     1     3     5     0     1     0     0     0     1     0     1   351     1
   143     1     3     1     6     8     2     4     1     0     0     1     0     3     1     1   581     0
   144     1     4     1     8     2     4     6     1     0     0     0     0     2     0     0   466     0
   145     1     1     2     2     4     6     8     0     0     0     1     1     2     1     0   607     0
   146     1     1     2     2     4     6     8     1     1     1     0     0     1     1     1   533     0
   147     2     8     1     7     1     3     5     1     1     1     0     1     3     0     0   469     0
   148     2     8     1     7     1     3     5     0     0     0     1     1     1     1     1   550     0
   149     2     7     0     5     7     1     3     0     0     0     1     0     2     0     0   451     0
   150     2     7     0     5     7     1     3     1     1     1     0     1     1     1     1   544     0
   151     1     3     1     6     8     2     4     0     1     0     0     0     3     1     0   562     0
   152     1     4     1     8     2     4     6     0     0     1     0     1     2     0     1   583     0
   153     1     3     1     6     8     2     4     1     1     0     1     1     2     1     1   537     0
   154     1     3     1     6     8     2     4     1     0     1     0     1     1     0     1   526     0
   155     2     6     2     3     5     7     1     1     1     0     0     1     3     0     1   543     0
   156     2     8     1     7     1     3     5     0     0     0     1     0     2     1     1   570     0
   157     1     4     1     8     2     4     6     0     1     0     1     1     3     0     1   550     0
   158     1     1     2     2     4     6     8     1     1     1     1     1     2     1     0   511     0
   159     1     2     2     4     6     8     2     0     1     0     1     1     2     1     0   724     0
   160     1     2     2     4     6     8     2     1     0     0     0     1     1     1     1   462     0
   161     1     1     2     2     4     6     8     1     0     1     0     1     2     0     0   794     0
   162     1     2     2     4     6     8     2     1     1     0     1     1     2     0     1   478     0
   163     1     2     2     4     6     8     2     1     0     1     0     0     1     0     1   485     1
   164     1     3     1     6     8     2     4     0     0     0     0     0     2     1     0   671     0
   165     1     4     1     8     2     4     6     1     0     0     0     0     2     1     0   460     0
   166     1     4     1     8     2     4     6     1     0     1     0     1     1     0     0   457     0
   167     1     2     2     4     6     8     2     1     0     1     1     0     2     0     0   461     0
   168     1     2     2     4     6     8     2     0     0     0     1     1     1     1     0   454     0
   169     2     6     2     3     5     7     1     0     0     0     1     0     3     0     0   363     0
   170     2     6     2     3     5     7     1     1     1     0     0     0     1     1     1   533     0
   171     1     3     1     6     8     2     4     0     1     1     0     1     3     1     0   737     0
   172     1     3     1     6     8     2     4     0     1     1     1     1     1     0     0   362     0
   173     1     1     2     2     4     6     8     1     0     1     0     1     2     1     1   504     0
   174     1     1     2     2     4     6     8     1     1     1     1     1     1     0     1   535     0
   175     2     8     1     7     1     3     5     1     0     0     0     1     3     0     1   389     0
   176     2     6     2     3     5     7     1     1     1     1     0     1     2     0     1   438     1
   177     1     1     2     2     4     6     8     1     0     0     0     0     3     0     1   405     0
   178     2     8     1     7     1     3     5     0     0     0     1     0     3     1     0   469     0
   179     1     2     2     4     6     8     2     1     1     1     1     1     3     1     1   404     0
   180     1     2     2     4     6     8     2     1     0     0     1     1     1     0     1   429     0
   181     2     5     0     1     3     5     7     0     0     1     1     1     3     1     0   730     0
   182     2     5     0     1     3     5     7     0     1     0     0     0     1     0     1   480     0
   183     2     6     2     3     5     7     1     1     0     0     1     1     2     1     1   476     0
   184     2     6     2     3     5     7     1     1     0     1     0     0     1     0     0   401     0
   185     2     5     0     1     3     5     7     1     0     0     1     0     2     0     0   399     0
   186     1     4     1     8     2     4     6     1     1     0     0     0     3     0     1   544     0
   187     1     2     2     4     6     8     2     0     0     0     0     1     2     1     1   631     0
   188     1     2     2     4     6     8     2     0     1     1     1     0     1     0     1   546     0
   189     2     5     0     1     3     5     7     0     1     0     1     0     3     0     0   505     0
   190     2     6     2     3     5     7     1     0     0     0     1     1     2     0     1   411     0
   191     2     6     2     3     5     7     1     0     0     0     0     0     1     0     0   353     0
   192     2     7     0     5     7     1     3     0     0     1     1     1     2     0     0   506     0
   193     1     1     2     2     4     6     8     0     0     1     1     1     3     0     0   501     0
   194     1     1     2     2     4     6     8     1     0     1     1     0     1     1     0   439     0
   195     1     1     2     2     4     6     8     0     1     0     0     1     1     1     1   512     0
   196     1     1     2     2     4     6     8     1     1     1     0     0     1     1     0   485     0
   197     2     6     2     3     5     7     1     1     0     1     0     0     3     0     1   489     0
   198     2     6     2     3     5     7     1     0     1     0     0     0     1     1     1   523     0
   199     2     5     0     1     3     5     7     1     0     1     1     0     2     1     1   634     0
   200     2     7     0     5     7     1     3     0     1     0     0     0     2     1     1   682     0
   201     2     6     2     3     5     7     1     0     1     0     0     0     2     0     0   631     0
   202     1     3     1     6     8     2     4     0     0     0     0     1     3     0     1   556     0
   203     2     7     0     5     7     1     3     1     1     1     1     0     3     1     1   566     0
   204     2     7     0     5     7     1     3     1     0     1     0     1     1     0     1   479     0
   205     2     8     1     7     1     3     5     1     1     0     1     1     2     0     1   657     0
   206     2     8     1     7     1     3     5     0     1     0     0     0     1     1     0   506     0
   207     1     1     2     2     4     6     8     1     0     0     1     1     3     1     1   575     0
   208     1     1     2     2     4     6     8     1     1     1     0     1     1     0     1   504     0
   209     2     8     1     7     1     3     5     0     1     1     1     1     3     1     0   440     0
   210     2     8     1     7     1     3     5     0     1     1     1     0     1     0     0   412     0
   211     1     1     2     2     4     6     8     0     1     0     0     1     3     0     0   448     0
   212     2     6     2     3     5     7     1     0     1     0     1     0     3     0     0   360     0
   213     1     1     2     2     4     6     8     1     0     0     1     0     3     1     1   506     0
   214     1     3     1     6     8     2     4     0     1     0     0     0     2     1     1   646     0
   215     2     6     2     3     5     7     1     0     0     1     0     1     3     0     1   465     0
   216     2     7     0     5     7     1     3     0     1     0     0     1     2     0     1   437     0
   217     2     8     1     7     1     3     5     1     0     1     0     1     2     1     1   524     0
   218     2     8     1     7     1     3     5     1     0     1     0     1     1     0     0   598     0
   219     2     5     0     1     3     5     7     0     0     1     1     0     2     1     0   430     0
   220     2     5     0     1     3     5     7     0     1     0     1     1     1     0     1   463     0
   221     2     7     0     5     7     1     3     1     0     0     0     0     2     1     1   464     0
   222     2     7     0     5     7     1     3     1     0     0     0     0     1     0     0   456     0
   223     2     6     2     3     5     7     1     1     0     1     0     1     2     0     0   451     0
   224     2     6     2     3     5     7     1     0     0     1     1     0     1     1     0   456     0
   225     1     2     2     4     6     8     2     0     0     0     0     1     3     0     0   536     0
   226     1     2     2     4     6     8     2     1     1     0     1     0     1     1     1   430     0
   227     2     5     0     1     3     5     7     0     0     1     0     0     3     1     1   392     0
   228     2     5     0     1     3     5     7     1     1     1     1     1     1     1     1   553     0
   229     1     3     1     6     8     2     4     1     1     1     0     0     3     0     0   499     0
   230     1     3     1     6     8     2     4     0     0     1     0     0     1     1     1   390     0
   231     2     6     2     3     5     7     1     0     1     1     0     1     3     0     1   537     0
   232     2     6     2     3     5     7     1     1     1     1     1     1     1     1     0   386     0
   233     2     5     0     1     3     5     7     1     1     0     0     1     2     0     0   497     1
   234     2     7     0     5     7     1     3     1     1     0     1     1     2     0     0   447     0
   235     1     2     2     4     6     8     2     0     1     0     0     0     3     1     0   477     0
   236     1     2     2     4     6     8     2     1     0     1     1     1     1     1     1   521     0
   237     1     4     1     8     2     4     6     0     1     0     0     0     2     1     1   647     0
   238     1     4     1     8     2     4     6     1     0     0     1     1     1     1     1   481     0
   239     2     6     2     3     5     7     1     1     1     1     0     1     3     0     1   535     0
   240     2     6     2     3     5     7     1     0     1     1     1     1     1     1     0   640     0
   241     2     5     0     1     3     5     7     1     0     1     0     1     2     1     1   531     0
   242     2     5     0     1     3     5     7     0     0     1     0     0     1     1     0   435     0
   243     2     5     0     1     3     5     7     1     0     1     1     1     1     1     0   460     0
   244     2     6     2     3     5     7     1     0     0     1     0     1     2     1     0   392     1
   245     2     8     1     7     1     3     5     0     0     1     0     0     2     0     0   613     0
   246     2     8     1     7     1     3     5     0     1     0     0     1     1     0     1   550     0
   247     1     1     2     2     4     6     8     0     1     1     1     0     3     0     0   540     0
   248     1     2     2     4     6     8     2     1     1     0     0     0     2     1     0   617     0
   249     2     6     2     3     5     7     1     1     0     0     1     1     3     0     1   412     0
   250     2     5     0     1     3     5     7     1     1     1     0     1     2     0     1   442     0
   251     2     5     0     1     3     5     7     1     1     1     0     1     1     0     0   482     0
   252     2     5     0     1     3     5     7     0     1     1     1     1     1     1     0   413     0
   253     2     8     1     7     1     3     5     1     1     1     0     0     2     1     0   529     0
   254     2     8     1     7     1     3     5     0     1     0     1     1     1     1     0   493     0
   255     2     5     0     1     3     5     7     1     0     1     0     0     2     1     1   512     0
   256     2     5     0     1     3     5     7     0     0     0     1     1     1     1     0   600     0
   257     1     4     1     8     2     4     6     0     0     1     0     0     3     0     0   608     0
   258     2     7     0     5     7     1     3     0     1     0     0     1     3     0     1   571     0
   259     1     3     1     6     8     2     4     0     1     0     0     0     3     0     0   427     0
   260     1     3     1     6     8     2     4     0     0     0     0     1     1     0     1   453     0
   261     1     1     2     2     4     6     8     0     1     1     1     0     2     0     1   665     0
   262     1     1     2     2     4     6     8     1     1     0     0     1     1     1     0  1053     0
   263     1     4     1     8     2     4     6     0     0     1     0     0     2     1     1   539     1
   264     1     3     1     6     8     2     4     0     0     1     0     0     2     0     0   451     0
   265     1     3     1     6     8     2     4     0     1     0     0     1     1     0     1   448     0
   266     1     3     1     6     8     2     4     0     0     1     0     0     1     0     1   437     0
   267     1     1     2     2     4     6     8     1     0     1     1     0     2     1     0   720     0
   268     2     8     1     7     1     3     5     0     1     0     0     0     3     1     1   492     0
   269     2     7     0     5     7     1     3     1     1     0     0     0     2     1     0   536     0
   270     1     4     1     8     2     4     6     1     1     1     0     1     3     0     0   706     0
   271     1     3     1     6     8     2     4     0     1     0     1     1     2     1     0   634     0
   272     1     3     1     6     8     2     4     0     1     0     1     1     1     0     0   361     0
   273     1     2     2     4     6     8     2     1     1     1     1     0     2     1     0   488     0
   274     1     2     2     4     6     8     2     1     1     1     1     0     1     0     0   430     0
   275     1     4     1     8     2     4     6     1     1     1     0     1     2     0     0   544     0
   276     2     5     0     1     3     5     7     1     1     0     0     1     3     0     0   424     0
   277     1     4     1     8     2     4     6     0     1     1     1     0     3     1     0   453     0
   278     1     4     1     8     2     4     6     0     1     1     1     1     1     0     0   404     0
   279     2     8     1     7     1     3     5     1     0     1     0     1     3     1     1   573     0
   280     2     8     1     7     1     3     5     0     1     1     0     0     1     1     1   479     0
   281     1     3     1     6     8     2     4     1     0     0     0     0     3     1     1   511     0
   282     1     4     1     8     2     4     6     1     0     1     1     1     2     0     0   650     0
   283     1     4     1     8     2     4     6     1     0     1     1     1     1     0     0   480     0
   284     1     1     2     2     4     6     8     1     1     1     0     1     2     0     1   485     0
   285     2     5     0     1     3     5     7     0     1     1     0     1     3     1     0   442     0
   286     2     5     0     1     3     5     7     0     1     1     1     1     1     0     0   402     0
   287     1     4     1     8     2     4     6     1     1     1     0     0     3     1     0   496     0
   288     1     4     1     8     2     4     6     1     0     1     1     1     1     0     1   372     1
   289     2     5     0     1     3     5     7     0     1     0     0     0     3     1     1   633     0
   290     1     4     1     8     2     4     6     0     0     1     0     1     3     0     1   522     1
   291     1     2     2     4     6     8     2     1     0     0     1     1     2     1     0   506     0
   292     1     2     2     4     6     8     2     0     0     0     1     1     1     1     0   544     0
   293     2     8     1     7     1     3     5     1     1     0     0     1     3     1     1   521     0
   294     2     7     0     5     7     1     3     1     0     1     1     1     2     0     1   423     1
   295     1     2     2     4     6     8     2     0     1     1     1     1     3     1     1   547     0
   296     1     2     2     4     6     8     2     0     1     0     1     1     1     0     0   453     0
   297     2     5     0     1     3     5     7     1     1     1     1     1     3     1     0   564     0
   298     2     7     0     5     7     1     3     1     1     0     0     0     2     0     0   560     0
   299     1     4     1     8     2     4     6     0     0     0     0     0     3     1     1   498     0
   300     1     4     1     8     2     4     6     1     1     0     0     0     1     1     1   402     1
   301     2     8     1     7     1     3     5     0     0     1     1     1     3     1     1   443     0
   302     2     8     1     7     1     3     5     0     1     0     0     0     1     0     1   609     0
   303     2     7     0     5     7     1     3     1     0     1     1     0     2     1     1   622     0
   304     2     7     0     5     7     1     3     0     1     0     0     0     1     1     1   478     0
   305     2     6     2     3     5     7     1     0     1     0     1     0     2     0     0   502     0
   306     2     6     2     3     5     7     1     1     0     0     1     0     1     1     1   665     0
   307     2     6     2     3     5     7     1     0     1     0     1     1     1     1     1   498     0
   308     2     6     2     3     5     7     1     0     0     1     1     1     1     0     1   507     0
   309     1     4     1     8     2     4     6     0     1     1     0     0     3     0     1   570     0
   310     1     4     1     8     2     4     6     0     0     0     1     0     1     0     1   464     0
   311     2     5     0     1     3     5     7     1     0     1     0     1     3     1     0   662     0
   312     2     5     0     1     3     5     7     0     1     1     0     1     1     1     1   483     0
   313     2     6     2     3     5     7     1     1     0     0     0     0     2     1     1   535     0
   314     2     6     2     3     5     7     1     1     1     1     0     0     1     0     1   463     0
   315     1     1     2     2     4     6     8     0     0     0     0     1     3     1     1   460     0
   316     1     2     2     4     6     8     2     0     1     0     0     0     2     0     1   562     0
   317     1     4     1     8     2     4     6     1     0     1     0     1     2     1     1   402     0
   318     1     2     2     4     6     8     2     0     0     0     1     0     2     1     0   569     0
   319     1     3     1     6     8     2     4     0     1     1     1     0     2     0     1   480     0
   320     1     3     1     6     8     2     4     0     0     0     0     1     1     0     1   418     0
   321     2     6     2     3     5     7     1     0     0     0     1     1     3     0     0   407     0
   322     1     1     2     2     4     6     8     0     1     1     1     0     3     0     1   491     0
   323     1     3     1     6     8     2     4     0     1     1     1     1     2     0     0   493     0
   324     1     3     1     6     8     2     4     0     1     0     1     1     1     0     0   434     0
   325     2     6     2     3     5     7     1     0     1     0     0     1     3     0     0   481     1
   326     2     6     2     3     5     7     1     0     0     1     0     1     1     0     1   425     0
   327     2     8     1     7     1     3     5     1     1     1     1     1     2     1     1   601     0
   328     2     8     1     7     1     3     5     0     0     0     0     1     1     1     1   488     0
   329     1     1     2     2     4     6     8     0     0     0     0     1     3     0     0   459     0
   330     1     1     2     2     4     6     8     0     0     0     1     1     1     0     0   360     0
   331     2     5     0     1     3     5     7     0     0     0     1     1     3     0     0   404     0
   332     2     5     0     1     3     5     7     0     1     0     0     0     1     0     1   485     0
   333     2     8     1     7     1     3     5     1     0     1     1     0     2     1     1   608     0
   334     1     3     1     6     8     2     4     0     0     0     1     1     3     1     0   474     0
   335     2     7     0     5     7     1     3     0     1     0     1     1     3     0     1   527     0
   336     2     7     0     5     7     1     3     1     0     0     1     0     1     1     1   456     0
   337     1     1     2     2     4     6     8     0     0     0     1     1     3     1     0   528     0
   338     1     4     1     8     2     4     6     1     0     1     0     0     2     1     0   795     0
   339     2     8     1     7     1     3     5     0     1     0     1     0     3     1     1   424     0
   340     1     3     1     6     8     2     4     1     0     1     1     0     3     1     1   642     1
   341     2     8     1     7     1     3     5     0     1     1     0     0     3     1     1   526     0
   342     2     8     1     7     1     3     5     0     1     1     0     1     1     0     0   418     0
   343     2     7     0     5     7     1     3     1     1     1     1     1     2     1     0   464     0
   344     2     7     0     5     7     1     3     1     1     0     0     1     1     0     0   390     0
   345     1     1     2     2     4     6     8     1     0     0     1     0     3     0     1   430     0
   346     1     1     2     2     4     6     8     1     0     0     1     1     1     0     0   414     0
   347     2     8     1     7     1     3     5     0     0     0     1     0     3     1     0   501     0
   348     2     8     1     7     1     3     5     1     0     1     0     1     1     1     0   396     0
   349     1     3     1     6     8     2     4     1     0     1     1     0     3     0     0   414     0
   350     1     3     1     6     8     2     4     1     0     0     0     1     1     0     0   333     0
   351     2     7     0     5     7     1     3     0     0     1     1     0     3     1     0   455     0
   352     2     7     0     5     7     1     3     0     1     1     1     0     1     0     1   727     0
   353     1     2     2     4     6     8     2     1     1     0     1     0     3     1     0   528     0
   354     1     2     2     4     6     8     2     0     1     1     0     1     1     1     0   378     0
   355     1     2     2     4     6     8     2     1     1     1     1     1     1     1     0   331     0
   356     1     3     1     6     8     2     4     1     0     0     1     1     2     0     1   626     0
   357     2     6     2     3     5     7     1     1     1     1     0     0     3     0     1   601     0
   358     2     7     0     5     7     1     3     0     1     1     1     1     2     1     0   450     0
   359     2     6     2     3     5     7     1     0     0     1     1     1     2     0     1   399     0
   360     1     3     1     6     8     2     4     1     0     1     1     0     3     1     0   463     0
   361     2     8     1     7     1     3     5     0     0     1     0     1     3     1     0   468     0
   362     2     8     1     7     1     3     5     0     1     0     1     1     1     0     1   468     0
   363     1     4     1     8     2     4     6     0     0     1     0     0     3     0     1   632     0
   364     1     4     1     8     2     4     6     0     1     0     0     0     1     0     1   474     0
   365     2     6     2     3     5     7     1     0     1     0     1     0     3     0     0   497     0
   366     2     7     0     5     7     1     3     0     0     0     1     1     2     0     1   485     0
   367     2     5     0     1     3     5     7     0     1     1     1     0     2     0     1   486     0
   368     2     5     0     1     3     5     7     0     0     0     1     0     1     0     1   568     0
   369     1     2     2     4     6     8     2     0     0     0     1     1     3     0     0   493     0
   370     1     2     2     4     6     8     2     1     0     0     0     0     1     1     0   545     0
   371     2     7     0     5     7     1     3     1     1     0     0     1     3     0     1   518     0
   372     2     7     0     5     7     1     3     0     1     0     1     0     1     1     0   530     0
   373     2     5     0     1     3     5     7     0     1     0     0     0     2     0     0   510     0
   374     2     5     0     1     3     5     7     0     0     1     1     0     1     0     1   421     0
   375     2     8     1     7     1     3     5     0     1     0     0     1     2     0     1   424     0
   376     2     8     1     7     1     3     5     0     1     1     0     0     1     0     0   408     0
   377     2     7     0     5     7     1     3     1     0     0     0     1     2     1     1   468     1
   378     2     6     2     3     5     7     1     0     1     0     0     0     2     1     1   523     0
   379     2     6     2     3     5     7     1     0     1     1     0     0     1     0     0   374     0
   380     2     6     2     3     5     7     1     0     1     0     1     1     1     0     0   361     0
   381     1     3     1     6     8     2     4     0     1     1     0     0     3     0     0   494     0
   382     1     4     1     8     2     4     6     0     0     1     1     1     2     0     1   547     0
   383     2     8     1     7     1     3     5     0     1     0     1     0     3     0     1   567     0
   384     2     5     0     1     3     5     7     1     1     0     0     1     2     1     0   577     0
   385     1     4     1     8     2     4     6     1     0     0     1     1     3     0     1   646     0
   386     1     4     1     8     2     4     6     0     0     1     0     0     1     1     0   444     0
   387     1     1     2     2     4     6     8     1     0     1     0     1     2     1     0   509     0
   388     1     3     1     6     8     2     4     1     0     0     1     1     2     0     0   524     0
   389     1     3     1     6     8     2     4     0     0     0     1     0     1     1     0   401     0
   390     2     6     2     3     5     7     1     1     1     1     0     0     3     1     1   484     1
   391     2     6     2     3     5     7     1     0     0     0     1     1     1     1     1   447     0
   392     2     6     2     3     5     7     1     0     1     0     1     1     1     0     1   438     0
   393     2     8     1     7     1     3     5     1     1     1     1     1     2     1     0   486     0
   394     2     5     0     1     3     5     7     1     1     1     0     1     2     0     0   501     0
   395     1     3     1     6     8     2     4     0     1     1     1     1     3     1     0   411     0
   396     1     3     1     6     8     2     4     0     1     1     1     1     1     0     0   366     0
   397     1     4     1     8     2     4     6     0     0     1     1     1     2     0     1   639     0
   398     1     4     1     8     2     4     6     0     1     1     1     1     1     0     1   485     0
   399     1     2     2     4     6     8     2     1     0     0     0     0     2     1     1   510     0
   400     2     5     0     1     3     5     7     0     1     0     0     0     3     1     1   501     0
   401     2     7     0     5     7     1     3     1     1     0     1     0     2     1     0   413     0
   402     2     8     1     7     1     3     5     1     1     0     1     1     2     0     0   505     0
   403     2     6     2     3     5     7     1     1     1     0     0     1     2     0     0   472     0
   404     2     6     2     3     5     7     1     1     0     0     1     0     1     0     1   472     0
   405     1     3     1     6     8     2     4     0     0     0     1     0     3     1     0   520     0
   406     1     3     1     6     8     2     4     1     0     0     1     0     1     1     0   427     0
   407     1     4     1     8     2     4     6     1     1     0     1     1     2     0     1   540     0
   408     1     1     2     2     4     6     8     0     0     0     0     0     2     1     1   628     0
   409     2     6     2     3     5     7     1     1     0     1     0     1     3     1     0   481     0
   410     2     8     1     7     1     3     5     0     0     0     0     0     2     1     0   441     0
   411     2     5     0     1     3     5     7     1     0     1     0     1     2     1     0   696     0
   412     2     5     0     1     3     5     7     0     0     1     1     0     1     1     0   434     0
   413     1     2     2     4     6     8     2     0     1     1     0     0     3     0     1   546     0
   414     1     1     2     2     4     6     8     1     1     0     0     1     2     1     0   559     0
   415     2     7     0     5     7     1     3     1     0     0     1     1     3     0     1   501     0
   416     2     7     0     5     7     1     3     0     0     1     0     1     1     1     0   454     0
   417     2     6     2     3     5     7     1     0     1     1     0     0     2     0     1   521     0
   418     2     6     2     3     5     7     1     0     0     1     1     0     1     0     1   451     0
   419     2     6     2     3     5     7     1     0     0     1     0     1     1     0     0   361     0
   420     2     6     2     3     5     7     1     1     1     0     1     1     1     1     1   388     1
   421     1     2     2     4     6     8     2     0     0     0     0     0     3     1     1   432     0
   422     1     3     1     6     8     2     4     1     0     1     1     0     2     1     0   497     0
   423     1     1     2     2     4     6     8     1     0     1     0     0     2     0     0   606     0
   424     1     4     1     8     2     4     6     0     1     1     1     1     2     1     1   700     0
   425     1     1     2     2     4     6     8     0     1     1     0     0     2     0     0   449     0
   426     1     1     2     2     4     6     8     0     1     0     0     1     1     0     0   381     0
   427     1     2     2     4     6     8     2     1     1     1     1     1     2     1     0   397     0
   428     2     5     0     1     3     5     7     1     0     1     0     1     3     0     1   623     0
   429     2     5     0     1     3     5     7     0     0     1     0     1     1     1     0   389     0
   430     2     8     1     7     1     3     5     1     0     0     1     0     2     1     0   572     0
   431     1     1     2     2     4     6     8     0     0     1     0     0     3     1     0   491     0
   432     1     1     2     2     4     6     8     0     0     0     1     1     1     0     0   910     0
   433     1     4     1     8     2     4     6     0     1     1     0     0     2     0     1   478     0
   434     1     4     1     8     2     4     6     1     1     1     1     1     1     1     0   651     0
   435     2     5     0     1     3     5     7     0     0     0     1     0     3     1     1   439     0
   436     2     5     0     1     3     5     7     1     1     1     0     1     1     1     1   720     0
   437     1     4     1     8     2     4     6     1     0     0     0     0     3     0     1   475     0
   438     1     2     2     4     6     8     2     0     0     0     0     1     2     1     0   611     0
   439     2     8     1     7     1     3     5     0     1     1     1     0     3     0     1   490     0
   440     2     6     2     3     5     7     1     0     1     1     1     0     2     0     0   536     0
   441     1     2     2     4     6     8     2     1     0     0     1     0     3     1     1   416     1
   442     1     2     2     4     6     8     2     0     1     0     1     1     1     1     1   442     0
   443     2     5     0     1     3     5     7     1     0     0     1     0     3     1     1   494     0
   444     2     5     0     1     3     5     7     1     1     0     1     1     1     0     1   514     0
   445     2     5     0     1     3     5     7     0     1     0     0     1     1     1     0   499     0
   446     1     2     2     4     6     8     2     1     0     0     1     0     3     1     1   497     0
   447     1     1     2     2     4     6     8     1     0     0     1     0     2     0     0   613     0
   448     1     1     2     2     4     6     8     0     1     0     1     1     1     1     1   480     0
   449     2     5     0     1     3     5     7     1     0     0     1     0     3     1     1   480     0
   450     2     5     0     1     3     5     7     0     0     1     1     0     1     1     0   448     0
   451     1     3     1     6     8     2     4     0     1     1     1     1     3     0     1   431     0
   452     2     6     2     3     5     7     1     1     1     0     0     0     3     1     0   356     1
   453     1     2     2     4     6     8     2     1     1     1     1     1     3     0     0   412     0
   454     1     2     2     4     6     8     2     1     1     0     1     0     1     0     0   347     0
   455     2     5     0     1     3     5     7     1     1     1     1     1     3     0     0   567     0
   456     2     6     2     3     5     7     1     1     1     0     0     0     2     0     0   364     0
   457     1     3     1     6     8     2     4     1     1     1     1     0     3     0     0   433     0
   458     1     3     1     6     8     2     4     1     0     1     0     0     1     0     1   453     0
   459     2     5     0     1     3     5     7     0     1     1     0     1     3     1     1   650     0
   460     2     8     1     7     1     3     5     0     1     0     1     0     2     0     0   553     0
   461     1     4     1     8     2     4     6     0     1     1     0     0     3     0     0   559     0
   462     1     4     1     8     2     4     6     1     1     0     1     0     1     1     0   456     0
   463     2     8     1     7     1     3     5     1     0     0     1     0     3     0     1   469     0
   464     2     8     1     7     1     3     5     1     1     1     1     0     1     0     1   413     0
   465     1     2     2     4     6     8     2     1     1     0     0     1     3     0     0   422     0
   466     1     2     2     4     6     8     2     1     0     0     1     0     1     0     1   424     0
   467     1     1     2     2     4     6     8     0     0     0     1     1     2     1     0   781     0
   468     1     4     1     8     2     4     6     0     0     1     1     0     2     0     0   510     1
   469     1     4     1     8     2     4     6     0     1     1     0     0     1     0     1   611     0
   470     2     5     0     1     3     5     7     1     0     0     0     0     3     1     1   602     0
   471     1     4     1     8     2     4     6     1     0     0     0     1     3     0     0   443     0
   472     2     5     0     1     3     5     7     1     0     1     0     1     3     0     0   446     0
   473     2     8     1     7     1     3     5     0     1     1     0     1     2     1     1   486     0
   474     2     8     1     7     1     3     5     1     0     1     1     1     1     1     1   498     0
   475     1     2     2     4     6     8     2     1     1     0     0     0     3     0     1   411     0
   476     2     7     0     5     7     1     3     0     1     1     1     0     3     1     0   367     0
   477     1     3     1     6     8     2     4     0     1     0     0     1     3     0     0   395     0
   478     1     3     1     6     8     2     4     0     1     0     1     0     1     0     0   464     0
   479     1     2     2     4     6     8     2     1     0     0     1     1     2     1     1   417     1
   480     1     1     2     2     4     6     8     0     1     1     1     1     2     1     1   474     0
   481     1     1     2     2     4     6     8     0     0     1     1     1     1     0     1   558     0
   482     1     2     2     4     6     8     2     0     1     0     0     0     2     0     1   372     0
   483     2     7     0     5     7     1     3     1     0     0     1     0     3     1     1   505     0
   484     1     4     1     8     2     4     6     1     0     0     0     1     3     0     0   644     0
   485     2     8     1     7     1     3     5     1     1     0     1     1     3     0     1   456     0
   486     2     8     1     7     1     3     5     1     1     0     0     0     1     0     0   459     0
   487     2     6     2     3     5     7     1     1     1     0     0     0     2     0     0   406     0
   488     2     6     2     3     5     7     1     0     1     1     0     0     1     1     0   466     0
   489     1     1     2     2     4     6     8     0     1     1     0     1     3     0     0   484     0
   490     2     6     2     3     5     7     1     1     0     1     1     1     3     1     1   367     1
   491     1     1     2     2     4     6     8     1     0     1     1     1     3     0     0   446     0
   492     1     1     2     2     4     6     8     0     0     1     1     0     1     1     0   618     0
   493     1     2     2     4     6     8     2     0     0     0     1     1     2     0     0   461     0
   494     1     2     2     4     6     8     2     1     0     0     0     0     1     1     0   438     0
   495     1     4     1     8     2     4     6     1     0     0     1     1     2     0     0   488     0
   496     1     4     1     8     2     4     6     1     1     1     0     1     1     0     1   487     0
   497     2     6     2     3     5     7     1     0     1     1     0     1     3     1     0   399     0
   498     1     1     2     2     4     6     8     0     1     1     0     0     3     0     0   467     0
   499     1     3     1     6     8     2     4     1     0     1     0     0     2     1     1   606     0
   500     2     8     1     7     1     3     5     0     0     0     1     0     3     1     0   511     0
   501     1     3     1     6     8     2     4     1     1     1     0     0     3     1     1   524     0
   502     1     3     1     6     8     2     4     1     1     1     0     1     1     0     0   466     0
   503     2     7     0     5     7     1     3     0     1     1     0     0     3     1     0   470     0
   504     2     8     1     7     1     3     5     1     1     1     0     0     2     1     0   546     0
   505     1     3     1     6     8     2     4     1     0     1     1     0     3     0     1   521     0
   506     2     6     2     3     5     7     1     1     1     0     0     0     3     0     1   499     0
   507     2     7     0     5     7     1     3     0     0     1     0     0     2     1     1   597     0
   508     2     7     0     5     7     1     3     0     0     1     0     1     1     0     0   396     0
   509     1     3     1     6     8     2     4     0     1     1     1     0     3     0     1   467     0
   510     1     3     1     6     8     2     4     1     0     0     0     0     1     1     1   398     0
   511     2     5     0     1     3     5     7     0     0     0     1     1     3     1     0   566     0
   512     2     6     2     3     5     7     1     1     0     1     1     0     2     1     0   438     0
   513     1     3     1     6     8     2     4     1     1     0     1     1     3     0     1   407     0
   514     2     6     2     3     5     7     1     0     0     0     0     0     3     1     1   557     0
   515     1     4     1     8     2     4     6     0     1     1     0     0     3     0     1   454     1
   516     1     1     2     2     4     6     8     1     1     0     1     1     2     1     0   547     0
   517     2     6     2     3     5     7     1     1     0     0     1     0     3     0     1   429     0
   518     2     6     2     3     5     7     1     1     0     0     0     0     1     0     0   385     0
   519     2     6     2     3     5     7     1     0     0     0     1     0     1     1     0   380     0
   520     2     6     2     3     5     7     1     0     1     0     0     0     1     0     1   420     0
   521     2     8     1     7     1     3     5     0     0     0     1     1     2     0     1   463     0
   522     2     8     1     7     1     3     5     0     0     1     1     0     1     0     0   379     0
   523     1     4     1     8     2     4     6     1     1     0     1     0     3     1     1   561     0
   524     1     4     1     8     2     4     6     0     1     0     0     0     1     1     0   517     0
   525     1     4     1     8     2     4     6     0     1     0     0     1     1     0     0   381     0
   526     1     4     1     8     2     4     6     1     1     1     1     0     1     1     0   481     0
   527     2     8     1     7     1     3     5     1     1     0     0     0     3     0     0   507     0
   528     2     8     1     7     1     3     5     1     0     1     1     1     1     0     1   458     0
   529     2     8     1     7     1     3     5     1     0     1     1     0     1     0     0   404     0
   530     2     5     0     1     3     5     7     0     1     1     0     1     2     1     1   548     0
   531     2     7     0     5     7     1     3     1     1     0     0     1     2     1     0   733     0
   532     2     8     1     7     1     3     5     1     1     1     0     0     2     0     0   510     0
   533     2     7     0     5     7     1     3     0     0     1     1     0     2     1     1   568     0
   534     2     5     0     1     3     5     7     0     0     1     0     1     2     0     0   563     0
   535     2     5     0     1     3     5     7     1     1     0     0     0     1     1     1   489     0
   536     2     5     0     1     3     5     7     1     0     0     1     1     1     0     1   570     0
   537     2     5     0     1     3     5     7     0     1     1     1     1     1     1     1   407     0
   538     1     4     1     8     2     4     6     0     1     1     1     0     3     0     0   417     0
   539     2     5     0     1     3     5     7     0     0     1     1     0     3     0     1   435     0
   540     2     5     0     1     3     5     7     0     0     1     1     1     1     0     0   397     0
   541     1     1     2     2     4     6     8     1     0     0     1     0     3     1     0   450     0
   542     1     1     2     2     4     6     8     0     0     0     0     0     1     1     0   348     0
   543     2     8     1     7     1     3     5     0     0     1     1     1     3     0     0   399     1
   544     2     8     1     7     1     3     5     0     0     0     1     1     1     0     0   394     0
   545     1     4     1     8     2     4     6     1     1     0     0     1     3     1     1   585     0
   546     1     4     1     8     2     4     6     1     1     0     0     0     1     0     0   481     0
   547     1     2     2     4     6     8     2     1     1     1     1     0     2     0     0   489     0
   548     1     2     2     4     6     8     2     1     1     1     1     0     1     0     0   523     0
   549     1     1     2     2     4     6     8     1     1     1     0     0     2     0     0   476     0
   550     1     4     1     8     2     4     6     1     1     1     0     1     2     0     0   433     0
   551     1     3     1     6     8     2     4     0     1     0     1     1     2     1     0   769     0
   552     1     4     1     8     2     4     6     0     1     1     0     1     2     0     0   559     0
   553     2     5     0     1     3     5     7     1     1     1     0     0     3     1     0   433     0
   554     2     6     2     3     5     7     1     0     0     0     0     1     2     1     1   451     0
   555     1     3     1     6     8     2     4     1     1     1     0     0     3     1     1   542     0
   556     1     1     2     2     4     6     8     0     0     0     1     0     2     1     1   413     0
   557     2     6     2     3     5     7     1     1     0     1     0     1     3     1     0   463     0
   558     2     7     0     5     7     1     3     1     1     1     1     0     2     0     1   599     0
   559     1     1     2     2     4     6     8     1     0     0     1     1     3     0     1   449     0
   560     1     1     2     2     4     6     8     0     0     0     0     0     1     1     0   394     0
   561     1     1     2     2     4     6     8     0     1     1     0     1     1     0     1   488     0
   562     1     1     2     2     4     6     8     0     1     1     1     1     1     0     0   315     0
   563     2     5     0     1     3     5     7     1     0     1     0     0     3     1     1   685     0
   564     2     5     0     1     3     5     7     0     0     0     0     1     1     1     0   387     0
   565     2     8     1     7     1     3     5     1     1     0     0     0     2     1     1   627     0
   566     2     8     1     7     1     3     5     0     1     1     0     0     1     1     0   438     0
   567     2     5     0     1     3     5     7     0     1     0     0     0     2     0     0   458     0
   568     2     8     1     7     1     3     5     1     0     1     1     1     2     1     1   532     1
   569     1     3     1     6     8     2     4     1     1     1     0     0     3     0     1   472     0
   570     1     2     2     4     6     8     2     0     1     1     1     1     2     1     0   398     0
   571     2     7     0     5     7     1     3     0     0     0     1     0     3     0     1   484     0
   572     2     8     1     7     1     3     5     1     1     1     0     1     2     1     1   560     0
   573     2     6     2     3     5     7     1     1     0     0     1     0     2     0     1   526     0
   574     2     6     2     3     5     7     1     0     0     0     0     0     1     1     0   379     0
   575     1     1     2     2     4     6     8     0     1     1     1     0     3     0     1   477     1
   576     1     2     2     4     6     8     2     0     0     1     1     1     2     0     1   465     0
   577     2     7     0     5     7     1     3     0     1     0     0     1     3     0     1   390     0
   578     2     8     1     7     1     3     5     1     0     0     1     0     2     1     1   510     0
   579     1     2     2     4     6     8     2     0     0     0     0     1     3     1     0   328     1
   580     1     1     2     2     4     6     8     0     0     1     1     1     2     0     0   604     0
   581     1     2     2     4     6     8     2     0     0     0     1     0     2     0     0   413     0
   582     1     2     2     4     6     8     2     1     1     0     1     1     1     1     1   600     0
   583     2     7     0     5     7     1     3     1     0     1     0     0     3     0     1   462     0
   584     2     7     0     5     7     1     3     1     0     0     0     1     1     0     0   386     0
   585     1     1     2     2     4     6     8     1     0     1     0     1     3     0     0   637     1
   586     1     1     2     2     4     6     8     0     1     1     0     1     1     1     1   450     1
   587     2     7     0     5     7     1     3     1     0     1     0     0     3     1     1   467     0
   588     1     2     2     4     6     8     2     1     1     0     1     1     3     0     1   391     0
   589     2     7     0     5     7     1     3     1     1     0     1     0     3     0     0   473     0
   590     2     7     0     5     7     1     3     1     0     1     1     0     1     0     1   417     0
   591     1     4     1     8     2     4     6     0     0     0     0     0     3     1     0   581     0
   592     1     4     1     8     2     4     6     1     0     0     0     1     1     1     0   442     0
   593     2     6     2     3     5     7     1     0     0     1     0     1     3     1     0   677     0
   594     2     7     0     5     7     1     3     1     1     1     0     0     2     1     1   440     0
   595     2     6     2     3     5     7     1     0     0     0     0     0     2     1     1   406     0
   596     2     8     1     7     1     3     5     1     1     0     1     0     2     1     1   704     0
   597     2     6     2     3     5     7     1     1     0     0     1     1     2     0     1   394     0
   598     1     3     1     6     8     2     4     1     1     1     0     1     3     0     1   387     0
   599     1     4     1     8     2     4     6     1     0     0     1     1     2     0     1   588     0
   600     1     2     2     4     6     8     2     0     0     0     1     1     2     1     0   493     0
   601     1     2     2     4     6     8     2     1     0     0     1     0     1     1     0   448     0
   602     1     2     2     4     6     8     2     1     1     0     0     1     1     0     1   442     0
   603     1     3     1     6     8     2     4     0     1     0     0     0     2     1     0   578     0
   604     2     8     1     7     1     3     5     0     0     0     0     1     3     0     1   644     0
   605     1     2     2     4     6     8     2     0     0     1     1     0     3     0     0   469     0
   606     1     2     2     4     6     8     2     0     1     0     0     0     1     0     1   437     0
   607     1     3     1     6     8     2     4     0     1     0     0     0     2     0     0   481     0
   608     2     8     1     7     1     3     5     1     0     1     1     1     3     1     1   553     0
   609     2     5     0     1     3     5     7     1     1     1     0     0     2     0     1   493     0
   610     1     4     1     8     2     4     6     0     1     1     1     1     3     1     0   561     0
   611     2     5     0     1     3     5     7     0     1     0     1     0     3     0     0   405     0
   612     2     5     0     1     3     5     7     0     0     0     0     1     1     0     1   430     0
   613     2     6     2     3     5     7     1     0     0     0     1     1     2     0     0   467     0
   614     2     6     2     3     5     7     1     1     0     0     1     1     1     1     0   535     0
   615     2     7     0     5     7     1     3     0     0     0     1     0     2     1     0   425     0
   616     2     8     1     7     1     3     5     0     1     1     0     0     2     0     1   427     1
   617     2     7     0     5     7     1     3     0     1     1     0     1     2     0     0   410     1
   618     2     7     0     5     7     1     3     1     0     1     0     1     1     1     1   639     0
   619     1     3     1     6     8     2     4     1     1     0     1     1     3     0     1   498     0
   620     1     3     1     6     8     2     4     1     0     0     0     0     1     0     1   439     1
   621     1     4     1     8     2     4     6     0     0     0     1     1     2     1     0   727     0
   622     1     4     1     8     2     4     6     1     0     0     0     0     1     1     0   460     0
   623     2     7     0     5     7     1     3     1     0     1     0     0     3     0     0   523     0
   624     2     5     0     1     3     5     7     1     0     0     0     0     2     0     0   463     0
   625     1     2     2     4     6     8     2     1     1     0     0     0     3     0     1   545     0
   626     1     4     1     8     2     4     6     1     1     0     1     0     2     0     0   517     0
   627     2     5     0     1     3     5     7     1     1     1     0     1     3     0     0   429     0
   628     2     5     0     1     3     5     7     0     0     0     1     0     1     1     1   434     0
   629     1     1     2     2     4     6     8     0     1     0     1     0     3     0     1   479     0
   630     1     1     2     2     4     6     8     1     1     0     1     0     1     1     0   456     0
   631     1     2     2     4     6     8     2     0     1     0     1     1     2     1     0   646     0
   632     1     4     1     8     2     4     6     0     1     1     0     0     2     0     0   491     0
   633     1     3     1     6     8     2     4     0     0     1     1     0     2     0     1   530     0
   634     1     3     1     6     8     2     4     0     0     1     0     0     1     0     0   406     0
   635     2     7     0     5     7     1     3     1     0     1     0     0     3     1     0   461     0
   636     2     7     0     5     7     1     3     0     0     0     0     1     1     1     0   396     0
   637     2     6     2     3     5     7     1     1     1     0     0     0     2     1     1   570     0
   638     2     6     2     3     5     7     1     0     1     1     1     0     1     1     0   396     0
   639     1     3     1     6     8     2     4     1     1     1     0     1     3     1     0   450     0
   640     1     2     2     4     6     8     2     0     0     0     0     1     2     1     1   444     0
   641     1     4     1     8     2     4     6     0     1     1     1     0     2     0     1   561     1
   642     1     2     2     4     6     8     2     0     0     0     0     0     2     0     1   424     0
   643     2     5     0     1     3     5     7     0     1     1     0     1     3     0     1   626     0
   644     2     5     0     1     3     5     7     0     1     0     0     1     1     0     0   421     0
   645     1     1     2     2     4     6     8     1     1     1     1     0     3     1     0   435     0
   646     2     6     2     3     5     7     1     1     1     0     0     1     3     0     0   400     0
   647     2     7     0     5     7     1     3     1     0     1     0     1     2     0     1   472     0
   648     2     7     0     5     7     1     3     0     0     1     1     1     1     1     0   472     0
   649     1     3     1     6     8     2     4     1     0     1     1     1     3     1     0   487     1
   650     1     3     1     6     8     2     4     1     1     1     1     1     1     0     1   426     0
   651     1     3     1     6     8     2     4     0     1     0     1     1     1     1     0   433     0
   652     1     3     1     6     8     2     4     0     1     1     1     1     1     0     0   391     0
   653     2     7     0     5     7     1     3     1     1     1     1     1     3     1     0   380     0
   654     2     7     0     5     7     1     3     1     1     1     1     0     1     0     0   344     0
   655     1     1     2     2     4     6     8     1     1     1     0     0     3     0     0   605     0
   656     2     8     1     7     1     3     5     1     0     1     0     0     3     0     1   597     0
   657     2     7     0     5     7     1     3     1     0     1     1     0     2     0     0   419     0
   658     2     7     0     5     7     1     3     0     1     0     0     0     1     1     1   480     0
   659     1     4     1     8     2     4     6     0     0     1     0     1     3     0     1   666     0
   660     1     4     1     8     2     4     6     1     0     0     0     1     1     1     0   473     0
   661     1     4     1     8     2     4     6     0     1     0     1     1     1     1     1   541     0
   662     1     4     1     8     2     4     6     1     1     0     1     0     1     1     0   473     0
   663     2     7     0     5     7     1     3     1     0     0     1     0     3     0     1   432     0
   664     2     5     0     1     3     5     7     0     0     0     1     1     2     1     0   628     0
   665     1     3     1     6     8     2     4     0     1     0     1     0     3     0     1   482     0
   666     1     2     2     4     6     8     2     0     1     0     1     1     2     0     0   433     0
   667     1     4     1     8     2     4     6     0     0     1     0     0     2     0     1   557     0
   668     1     4     1     8     2     4     6     0     0     1     0     0     1     0     0   458     0
   669     2     5     0     1     3     5     7     0     1     0     1     1     3     0     1   456     0
   670     2     5     0     1     3     5     7     1     0     1     1     0     1     1     1   559     0
   671     1     3     1     6     8     2     4     0     0     0     1     1     3     1     0   499     0
   672     1     1     2     2     4     6     8     0     0     0     1     0     2     0     0   605     0
   673     1     2     2     4     6     8     2     1     1     1     0     1     2     1     1   344     0
   674     1     2     2     4     6     8     2     1     1     0     0     1     1     0     0   314     0
   675     2     8     1     7     1     3     5     0     1     1     1     0     3     1     0   608     0
   676     2     8     1     7     1     3     5     1     1     1     1     0     1     1     0   409     0
   677     2     6     2     3     5     7     1     0     0     1     1     0     2     1     1   419     0
   678     2     8     1     7     1     3     5     0     0     1     1     0     2     0     0   439     0
   679     1     2     2     4     6     8     2     0     1     0     0     0     3     0     1   399     0
   680     2     7     0     5     7     1     3     1     1     0     1     0     3     1     0   481     0
   681     2     7     0     5     7     1     3     1     1     1     1     1     1     0     0   358     0
   682     2     7     0     5     7     1     3     1     1     0     0     0     1     0     0   298     0
   683     1     3     1     6     8     2     4     1     1     1     1     1     3     0     0   377     0
   684     2     8     1     7     1     3     5     1     1     0     0     0     3     0     0   693     0
   685     2     6     2     3     5     7     1     1     0     0     1     1     2     0     1   399     0
   686     2     6     2     3     5     7     1     1     0     1     1     0     1     0     0   415     0
   687     1     4     1     8     2     4     6     0     0     0     0     1     3     1     0   574     0
   688     2     7     0     5     7     1     3     0     1     0     1     0     3     0     1   379     0
   689     2     8     1     7     1     3     5     0     1     0     0     0     2     0     0   580     0
   690     2     8     1     7     1     3     5     0     1     0     0     0     1     0     0   421     0
   691     1     1     2     2     4     6     8     1     1     0     0     1     3     1     0   517     0
   692     1     1     2     2     4     6     8     1     1     0     1     0     1     0     0   430     0
   693     1     3     1     6     8     2     4     0     0     1     0     0     2     1     1   460     1
   694     1     3     1     6     8     2     4     1     1     0     0     1     1     1     1   387     0
   695     1     4     1     8     2     4     6     1     0     0     1     1     2     0     1   556     0
   696     1     3     1     6     8     2     4     1     0     0     0     1     2     0     0   559     0
   697     1     4     1     8     2     4     6     1     0     1     0     0     2     0     0   458     0
   698     1     1     2     2     4     6     8     1     0     0     0     0     2     0     0   405     0
   699     2     6     2     3     5     7     1     1     0     1     1     1     3     0     0   623     0
   700     1     1     2     2     4     6     8     0     1     1     1     0     3     1     1   634     0
   701     2     6     2     3     5     7     1     0     1     1     0     1     3     0     0   373     0
   702     2     6     2     3     5     7     1     1     0     1     0     0     1     1     1   359     1
   703     2     7     0     5     7     1     3     1     0     1     1     0     2     0     0   469     0
   704     2     7     0     5     7     1     3     0     1     1     0     0     1     1     1   531     0
   705     2     5     0     1     3     5     7     1     0     0     0     0     2     1     1   591     0
   706     2     5     0     1     3     5     7     1     0     0     0     1     1     0     0   415     0
   707     1     3     1     6     8     2     4     1     0     1     0     1     3     0     0   459     1
   708     1     1     2     2     4     6     8     1     1     1     1     0     2     0     1   499     0
   709     1     4     1     8     2     4     6     1     1     1     0     0     2     0     0   456     0
   710     1     4     1     8     2     4     6     1     0     1     0     0     1     0     1   539     0
   711     2     8     1     7     1     3     5     1     0     1     1     1     3     0     0   480     0
   712     1     3     1     6     8     2     4     0     1     1     0     0     3     1     1   580     1
   713     2     5     0     1     3     5     7     0     1     0     1     1     3     0     0   627     0
   714     2     5     0     1     3     5     7     1     0     1     0     0     1     1     1   431     0
   715     2     8     1     7     1     3     5     1     0     1     1     1     2     0     0   636     0
   716     1     1     2     2     4     6     8     1     1     0     0     0     3     0     1   621     0
   717     2     8     1     7     1     3     5     0     0     1     0     0     3     1     1   570     1
   718     2     6     2     3     5     7     1     0     0     1     1     0     2     0     0   686     0
   719     1     1     2     2     4     6     8     0     0     1     0     0     3     0     0   620     0
   720     1     1     2     2     4     6     8     0     0     0     0     1     1     0     0   373     0
   721     1     2     2     4     6     8     2     1     1     1     0     0     2     1     1   692     0
   722     1     3     1     6     8     2     4     1     1     0     1     1     2     0     0   477     0
   723     1     4     1     8     2     4     6     1     1     0     0     0     2     0     0   646     0
   724     1     4     1     8     2     4     6     0     1     0     1     0     1     1     0   602     0
   725     1     2     2     4     6     8     2     1     1     0     1     0     2     1     0   503     0
   726     1     4     1     8     2     4     6     0     0     1     0     1     2     1     1   639     0
   727     2     8     1     7     1     3     5     1     1     0     1     1     3     1     1   513     0
   728     1     3     1     6     8     2     4     0     0     1     1     1     3     1     1   629     0
   729     2     7     0     5     7     1     3     0     1     1     1     0     3     0     1   448     0
   730     2     7     0     5     7     1     3     0     0     0     1     1     1     0     1   429     0
   731     1     1     2     2     4     6     8     1     1     0     1     0     3     1     1   682     0
   732     1     1     2     2     4     6     8     1     0     0     0     0     1     0     1   447     0
   733     1     4     1     8     2     4     6     1     1     0     0     1     2     0     1   585     0
   734     1     1     2     2     4     6     8     1     1     0     1     1     2     0     0   514     0
   735     2     7     0     5     7     1     3     1     1     1     0     0     3     0     0   444     1
   736     2     7     0     5     7     1     3     1     0     1     0     0     1     0     1   400     0
   737     2     5     0     1     3     5     7     0     0     0     0     1     2     1     0   577     0
   738     2     5     0     1     3     5     7     0     1     0     1     0     1     0     1   411     0
   739     2     7     0     5     7     1     3     0     1     1     1     0     2     0     0   369     0
   740     2     7     0     5     7     1     3     0     0     0     1     0     1     0     1   415     0
   741     2     8     1     7     1     3     5     1     0     0     0     1     2     1     0   702     0
   742     1     1     2     2     4     6     8     0     0     1     1     1     3     1     0   539     0
   743     1     4     1     8     2     4     6     1     1     0     1     1     2     1     1   605     0
   744     1     4     1     8     2     4     6     0     0     1     1     0     1     1     1   546     0
   745     1     3     1     6     8     2     4     0     1     1     0     0     2     0     1   464     0
   746     1     3     1     6     8     2     4     1     1     0     0     1     1     1     0   817     0
   747     1     3     1     6     8     2     4     0     1     0     1     0     1     1     0   501     0
   748     1     3     1     6     8     2     4     0     0     0     0     0     1     0     1   411     0
   749     2     5     0     1     3     5     7     0     1     1     1     0     3     0     1   512     0
   750     2     5     0     1     3     5     7     0     0     0     1     0     1     0     1   421     0
   751     2     6     2     3     5     7     1     0     1     0     0     1     2     0     1   554     0
   752     2     6     2     3     5     7     1     0     0     1     1     0     1     0     1   475     0
   753     2     6     2     3     5     7     1     0     1     1     1     0     1     0     1   367     0
   754     2     6     2     3     5     7     1     1     1     1     0     0     1     1     0   697     0
   755     1     4     1     8     2     4     6     1     0     0     0     0     3     0     1   471     0
   756     1     4     1     8     2     4     6     1     1     0     1     0     1     0     1   591     0
   757     2     8     1     7     1     3     5     1     1     1     1     1     3     0     0   521     0
   758     2     7     0     5     7     1     3     1     1     0     1     0     2     0     0   391     0
   759     2     7     0     5     7     1     3     0     1     0     1     1     1     1     0   355     0
   760     2     7     0     5     7     1     3     0     1     1     0     1     1     0     0   342     0
   761     1     2     2     4     6     8     2     0     1     1     1     1     3     0     0   357     0
   762     1     2     2     4     6     8     2     1     1     0     0     0     1     1     0   389     0
   763     1     1     2     2     4     6     8     1     1     1     1     0     2     0     0   474     1
   764     1     1     2     2     4     6     8     0     0     1     1     0     1     1     1   461     0
   765     2     7     0     5     7     1     3     1     0     0     1     0     3     1     0   493     0
   766     2     7     0     5     7     1     3     1     1     1     0     1     1     0     1   410     0
   767     2     8     1     7     1     3     5     0     1     0     0     0     2     1     0   405     1
   768     2     8     1     7     1     3     5     0     1     1     0     0     1     0     0   478     0
   769     1     2     2     4     6     8     2     0     1     0     1     1     3     0     0   374     0
   770     2     5     0     1     3     5     7     1     0     1     1     0     3     1     1   672     0
   771     2     8     1     7     1     3     5     1     1     1     0     1     2     0     1   444     0
   772     2     5     0     1     3     5     7     0     0     0     1     0     2     1     1   508     0
   773     1     3     1     6     8     2     4     0     1     1     0     0     3     0     1   415     0
   774     1     3     1     6     8     2     4     0     0     1     0     1     1     0     1   408     1
   775     2     8     1     7     1     3     5     1     1     1     0     1     3     1     1   550     0
   776     2     7     0     5     7     1     3     0     0     0     1     1     2     1     1   432     0
   777     1     4     1     8     2     4     6     1     1     0     1     0     3     1     1   611     0
   778     1     4     1     8     2     4     6     1     1     0     1     1     1     0     0   438     0
   779     2     8     1     7     1     3     5     1     1     0     0     1     3     0     0   415     0
   780     2     5     0     1     3     5     7     0     0     0     0     0     2     1     1   438     0
   781     1     1     2     2     4     6     8     0     0     1     1     1     3     0     0   581     0
   782     2     6     2     3     5     7     1     1     0     0     1     1     3     1     0   538     0
   783     1     1     2     2     4     6     8     1     0     1     0     0     3     0     0   471     0
   784     1     2     2     4     6     8     2     0     1     0     0     1     2     1     1   440     0
   785     1     2     2     4     6     8     2     1     1     1     0     0     1     1     0   624     0
   786     1     2     2     4     6     8     2     0     1     0     1     1     1     1     0   493     0
   787     2     7     0     5     7     1     3     0     1     1     0     0     3     0     0   424     1
   788     2     7     0     5     7     1     3     0     1     1     1     1     1     0     0   346     0
   789     2     8     1     7     1     3     5     0     0     1     1     1     2     0     1   486     0
   790     2     7     0     5     7     1     3     0     1     0     0     0     2     0     1   366     0
   791     2     5     0     1     3     5     7     0     1     0     1     1     2     0     0   411     1
   792     2     8     1     7     1     3     5     1     0     0     1     0     2     1     1   912     0
   793     1     4     1     8     2     4     6     1     0     0     0     1     3     0     0   726     0
   794     1     4     1     8     2     4     6     0     0     1     0     1     1     1     0   545     0
   795     1     3     1     6     8     2     4     1     1     0     1     1     2     1     1   426     0
   796     1     3     1     6     8     2     4     0     0     0     0     0     1     1     1  1107     0
   797     2     7     0     5     7     1     3     1     0     1     0     1     3     1     0   492     0
   798     2     7     0     5     7     1     3     0     0     1     1     1     1     1     0   330     0
   799     2     6     2     3     5     7     1     1     0     1     1     1     2     1     0   535     1
   800     2     7     0     5     7     1     3     0     0     1     0     1     2     1     0   406     0
   801     2     8     1     7     1     3     5     0     0     0     0     0     2     0     0   368     0
   802     2     8     1     7     1     3     5     1     1     1     0     1     1     1     1   470     1
   803     1     4     1     8     2     4     6     1     0     1     1     0     3     0     1   413     0
   804     1     4     1     8     2     4     6     1     1     1     1     1     1     0     1   501     1
   805     1     4     1     8     2     4     6     0     1     1     0     0     1     1     0   605     0
   806     1     3     1     6     8     2     4     1     1     1     0     0     2     1     0   901     0
   807     1     3     1     6     8     2     4     0     0     0     1     0     1     1     1   428     0
   808     1     4     1     8     2     4     6     1     0     0     0     0     2     1     0   827     0
   809     1     1     2     2     4     6     8     0     0     0     1     1     2     1     0   805     0
   810     1     1     2     2     4     6     8     1     0     0     0     0     1     1     0   791     0
   811     1     3     1     6     8     2     4     1     1     1     1     0     2     0     1   460     0
   812     1     3     1     6     8     2     4     0     1     1     1     0     1     1     0   506     0
   813     1     4     1     8     2     4     6     0     0     1     1     1     2     0     1   694     0
   814     2     7     0     5     7     1     3     1     0     0     1     1     3     1     0   422     1
   815     2     7     0     5     7     1     3     1     1     1     1     0     1     0     1   762     0
   816     2     7     0     5     7     1     3     1     1     1     1     1     1     0     0   415     0
   817     1     4     1     8     2     4     6     1     0     0     0     1     3     0     1   404     0
   818     2     5     0     1     3     5     7     1     1     0     0     0     3     0     1   547     0
   819     1     3     1     6     8     2     4     1     1     1     0     1     3     0     0   390     0
   820     1     3     1     6     8     2     4     0     1     1     1     0     1     1     0   701     0
   821     2     7     0     5     7     1     3     0     1     1     1     1     3     0     0   424     0
   822     2     7     0     5     7     1     3     1     0     1     0     1     1     1     1   541     0
   823     1     4     1     8     2     4     6     1     0     0     0     0     3     0     0   416     0
   824     1     4     1     8     2     4     6     0     1     0     0     1     1     1     1   573     0
   825     1     3     1     6     8     2     4     1     1     1     1     0     2     1     0   684     0
   826     1     3     1     6     8     2     4     1     0     1     0     0     1     0     1   431     0
   827     1     2     2     4     6     8     2     0     0     1     1     1     2     1     0   530     0
   828     2     7     0     5     7     1     3     0     1     0     0     1     3     0     1   658     0
   829     2     7     0     5     7     1     3     1     1     1     1     0     1     1     0   380     0
   830     1     2     2     4     6     8     2     1     0     1     1     0     3     0     1   439     0
   831     2     8     1     7     1     3     5     1     1     0     1     0     3     0     1   841     0
   832     2     8     1     7     1     3     5     0     1     1     1     0     1     1     0   506     0
   833     2     6     2     3     5     7     1     1     1     0     0     0     2     1     0   541     0
   834     2     5     0     1     3     5     7     0     0     1     0     1     2     1     1   659     0
   835     1     1     2     2     4     6     8     0     1     0     0     1     3     0     1   576     0
   836     1     1     2     2     4     6     8     0     0     0     0     1     1     0     1   520     0
   837     1     2     2     4     6     8     2     0     0     0     1     1     2     0     0   508     0
   838     1     3     1     6     8     2     4     1     1     0     0     1     2     1     1   569     0
   839     2     7     0     5     7     1     3     0     1     1     0     0     3     1     0   389     0
   840     2     6     2     3     5     7     1     0     0     0     1     1     2     0     1   568     0
   841     2     8     1     7     1     3     5     0     0     0     0     0     2     0     0   394     0
   842     1     1     2     2     4     6     8     1     1     1     0     0     3     1     1   541     0
   843     1     3     1     6     8     2     4     0     0     1     1     0     2     1     1   920     0
   844     1     3     1     6     8     2     4     0     0     1     0     1     1     0     0   452     0
   845     1     3     1     6     8     2     4     0     1     0     0     1     1     0     1   429     0
   846     1     3     1     6     8     2     4     0     1     1     0     0     1     0     0   460     0
   847     1     3     1     6     8     2     4     1     0     0     0     0     1     1     1   714     0
   848     1     4     1     8     2     4     6     1     0     0     1     0     2     0     0   584     0
   849     2     5     0     1     3     5     7     1     0     1     0     0     3     0     0   579     0
   850     1     2     2     4     6     8     2     0     0     0     0     0     3     1     0   484     0
   851     2     8     1     7     1     3     5     0     0     0     1     1     3     0     0   399     0
   852     2     5     0     1     3     5     7     0     0     0     0     0     2     0     0   372     0
   853     1     4     1     8     2     4     6     0     0     1     0     1     3     0     0   586     0
   854     1     4     1     8     2     4     6     0     1     0     0     1     1     0     1   533     0
   855     1     4     1     8     2     4     6     0     0     0     0     0     1     0     1   420     0
   856     2     7     0     5     7     1     3     0     0     0     1     1     3     0     0   524     0
   857     2     6     2     3     5     7     1     0     0     0     1     1     2     0     0   477     0
   858     2     6     2     3     5     7     1     0     1     1     0     1     1     0     1   477     0
   859     1     4     1     8     2     4     6     0     1     1     1     1     3     0     0   787     0
   860     1     4     1     8     2     4     6     1     1     0     0     0     1     1     0   510     0
   861     2     6     2     3     5     7     1     1     1     1     1     0     3     0     0   491     0
   862     1     3     1     6     8     2     4     1     1     0     0     0     3     0     0   567     0
   863     1     1     2     2     4     6     8     0     0     1     1     1     2     1     1   590     0
   864     1     1     2     2     4     6     8     1     1     1     1     0     1     1     1   586     0
   865     1     3     1     6     8     2     4     1     0     1     1     0     2     0     1   600     0
   866     1     3     1     6     8     2     4     1     1     1     0     0     1     0     1   806     0
   867     2     8     1     7     1     3     5     1     1     0     0     0     3     0     0   561     0
   868     2     8     1     7     1     3     5     0     1     1     0     1     1     1     0   425     0
   869     1     3     1     6     8     2     4     0     1     0     0     1     3     0     0   481     0
   870     1     1     2     2     4     6     8     0     1     1     0     0     2     0     0   913     0
   871     1     1     2     2     4     6     8     1     0     0     0     1     1     1     1   494     0
   872     1     3     1     6     8     2     4     0     0     1     1     1     2     1     0   537     0
   873     2     5     0     1     3     5     7     1     1     0     0     1     3     1     1   639     0
   874     2     7     0     5     7     1     3     1     1     0     1     1     2     0     0   626     0
   875     2     5     0     1     3     5     7     1     0     0     1     0     2     0     1   620     0
   876     2     6     2     3     5     7     1     1     0     0     1     1     2     0     0   649     0
   877     1     1     2     2     4     6     8     0     1     1     1     0     3     1     1   756     0
   878     1     2     2     4     6     8     2     0     0     0     1     0     2     0     1   534     0
   879     2     8     1     7     1     3     5     0     0     1     1     0     3     0     0   673     0
   880     2     8     1     7     1     3     5     1     0     1     0     1     1     1     0   535     0
   881     1     2     2     4     6     8     2     1     1     0     1     1     3     0     1   573     0
   882     1     2     2     4     6     8     2     1     1     0     1     0     1     0     0   607     0
   883     1     3     1     6     8     2     4     1     1     1     1     0     2     0     0   663     0
   884     1     2     2     4     6     8     2     1     0     0     1     1     2     0     1   416     0
   885     1     1     2     2     4     6     8     1     0     1     0     1     2     0     0   576     0
   886     1     1     2     2     4     6     8     1     1     0     0     1     1     0     1   488     0
   887     1     3     1     6     8     2     4     0     1     0     0     0     2     1     0   641     0
   888     1     3     1     6     8     2     4     0     0     0     0     1     1     0     1   430     0
   889     1     4     1     8     2     4     6     1     1     1     1     1     2     1     1   535     0
   890     1     1     2     2     4     6     8     0     0     1     0     1     2     1     1   429     0
   891     1     2     2     4     6     8     2     0     1     0     0     0     2     0     1   730     0
   892     1     2     2     4     6     8     2     0     0     0     1     1     1     0     1   676     0
   893     2     8     1     7     1     3     5     0     0     0     1     0     3     0     0   512     0
   894     2     5     0     1     3     5     7     1     0     1     0     1     2     1     0   714     0
   895     1     1     2     2     4     6     8     1     0     1     1     0     3     0     0   464     0
   896     2     8     1     7     1     3     5     1     0     1     1     0     3     0     0   634     0
