     1     2     5     0     1     3     5     7     0     0     1     1     1     3     1     0   607     0
     2     2     6     2     3     5     7     1     1     0     0     1     1     2     1     0   670     0
     3     2     6     2     3     5     7     1     1     0     1     0     0     1     0     0   401     0
     4     2     6     2     3     5     7     1     0     0     0     0     1     1     1     0   408     0
     5     1     3     1     6     8     2     4     1     1     1     0     0     3     1     1   599     0
     6     1     3     1     6     8     2     4     1     1     1     0     0     1     0     0   551     0
     7     1     1     2     2     4     6     8     1     0     0     1     0     2     0     1   562     0
     8     1     1     2     2     4     6     8     0     0     0     1     1     1     1     0   452     0
     9     2     7     0     5     7     1     3     1     0     1     1     0     3     1     0   536     0
    10     2     7     0     5     7     1     3     1     1     0     1     1     1     0     1   518     0
    11     2     7     0     5     7     1     3     1     1     0     1     1     1     0     0   552     0
    12     2     8     1     7     1     3     5     0     0     1     1     1     2     1     1   530     0
    13     2     5     0     1     3     5     7     0     1     1     0     0     2     0     1   623     0
    14     2     8     1     7     1     3     5     0     0     0     1     1     2     0     1   601     0
    15     1     1     2     2     4     6     8     1     0     0     0     0     3     1     0   518     0
    16     1     2     2     4     6     8     2     1     1     0     1     1     2     0     1   479     0
    17     1     3     1     6     8     2     4     1     0     1     0     0     2     0     1   492     0
    18     1     3     1     6     8     2     4     1     1     0     0     1     1     0     1   550     0
    19     1     2     2     4     6     8     2     1     1     0     1     0     2     0     0   632     0
    20     1     2     2     4     6     8     2     0     0     1     0     0     1     1     1   478     0
    21     1     3     1     6     8     2     4     1     0     1     0     0     2     1     0   488     0
    22     1     4     1     8     2     4     6     1     0     0     0     0     2     0     0   704     0
    23     2     8     1     7     1     3     5     1     0     0     1     0     3     0     0   451     0
    24     1     1     2     2     4     6     8     1     1     1     1     1     3     0     1   596     0
    25     1     1     2     2     4     6     8     0     0     0     1     0     1     1     1   798     1
    26     1     1     2     2     4     6     8     1     0     1     0     0     1     1     0   487     0
    27     2     8     1     7     1     3     5     0     0     0     1     0     3     1     0   468     0
    28     2     5     0     1     3     5     7     1     0     1     0     0     2     1     0   545     0
    29     2     8     1     7     1     3     5     1     0     0     1     0     2     0     0   498     0
    30     2     5     0     1     3     5     7     1     1     0     0     1     2     0     1   588     0
    31     1     2     2     4     6     8     2     0     0     1     1     1     3     1     1   686     0
    32     1     2     2     4     6     8     2     0     0     0     0     1     1     0     0   445     0
    33     2     7     0     5     7     1     3     1     0     0     0     1     3     1     0   667     0
    34     2     7     0     5     7     1     3     0     1     1     0     1     1     1     1   541     0
    35     1     3     1     6     8     2     4     1     0     0     0     1     3     1     1   451     0
    36     1     3     1     6     8     2     4     0     1     1     0     1     1     1     1   517     0
    37     1     2     2     4     6     8     2     1     1     0     0     1     2     1     0   491     1
    38     1     2     2     4     6     8     2     1     1     0     0     0     1     0     0   564     1
    39     2     5     0     1     3     5     7     0     1     1     1     1     3     1     0   574     0
    40     2     5     0     1     3     5     7     0     0     1     1     1     1     0     1   803     0
    41     1     1     2     2     4     6     8     1     0     0     1     1     3     1     0   800     0
    42     1     2     2     4     6     8     2     1     0     0     0     1     2     0     0   506     1
    43     2     6     2     3     5     7     1     0     1     0     1     0     3     1     1   536     0
    44     2     6     2     3     5     7     1     1     1     0     0     1     1     1     0   509     0
    45     2     5     0     1     3     5     7     0     0     1     0     0     2     1     1   723     0
    46     2     6     2     3     5     7     1     1     0     1     1     0     2     1     0   492     0
    47     2     8     1     7     1     3     5     1     0     0     1     0     2     0     0   497     0
    48     2     5     0     1     3     5     7     0     0     1     0     0     2     1     0   519     0
    49     2     8     1     7     1     3     5     1     0     1     0     1     2     1     0   566     0
    50     1     3     1     6     8     2     4     1     0     1     1     0     3     0     0   497     0
    51     2     8     1     7     1     3     5     1     0     1     1     0     3     0     0   514     0
    52     2     8     1     7     1     3     5     1     0     0     1     0     1     0     0   422     0
    53     1     4     1     8     2     4     6     0     1     0     1     1     3     1     1   900     0
    54     1     1     2     2     4     6     8     0     0     1     0     1     2     0     1   535     0
    55     1     2     2     4     6     8     2     1     0     0     1     0     2     1     0   512     0
    56     1     2     2     4     6     8     2     0     0     0     1     1     1     1     0   436     0
    57     1     4     1     8     2     4     6     0     1     0     1     1     2     0     1   730     0
    58     1     4     1     8     2     4     6     1     0     0     1     1     1     1     1   827     0
    59     1     2     2     4     6     8     2     0     1     1     0     1     2     1     1   617     0
    60     1     1     2     2     4     6     8     1     0     1     1     0     2     1     1   912     0
    61     2     5     0     1     3     5     7     1     0     0     0     1     3     0     0   508     0
    62     1     2     2     4     6     8     2     0     0     0     1     1     3     1     0   535     0
    63     1     1     2     2     4     6     8     0     0     0     1     0     2     0     0   464     0
    64     1     1     2     2     4     6     8     1     1     1     0     1     1     1     1   634     0
    65     1     1     2     2     4     6     8     1     1     0     0     0     1     0     0   630     0
    66     1     1     2     2     4     6     8     0     0     1     1     1     1     1     1   676     0
    67     1     3     1     6     8     2     4     0     0     1     0     1     2     0     0   571     0
    68     1     3     1     6     8     2     4     0     0     0     0     1     1     0     0   474     0
    69     1     2     2     4     6     8     2     0     1     0     1     0     2     0     1   515     0
    70     1     2     2     4     6     8     2     0     1     0     0     0     1     0     0   612     0
    71     1     2     2     4     6     8     2     0     0     0     0     1     1     0     1   524     0
    72     2     5     0     1     3     5     7     1     1     0     0     0     3     1     1   588     1
    73     2     6     2     3     5     7     1     0     1     0     1     0     2     1     0   703     0
    74     2     6     2     3     5     7     1     1     1     0     0     0     1     1     0   466     0
    75     1     3     1     6     8     2     4     1     1     1     0     0     3     0     0   650     0
    76     1     4     1     8     2     4     6     0     0     1     0     0     2     1     1   710     0
    77     1     3     1     6     8     2     4     0     0     1     0     0     2     0     0   477     0
    78     1     3     1     6     8     2     4     0     0     1     1     1     1     0     0   445     0
    79     2     6     2     3     5     7     1     0     1     0     0     1     3     0     1   526     0
    80     2     6     2     3     5     7     1     1     0     0     1     1     1     1     1   661     0
    81     2     7     0     5     7     1     3     0     0     1     0     0     2     1     0   489     0
    82     2     7     0     5     7     1     3     0     0     1     1     1     1     0     0   535     0
    83     2     6     2     3     5     7     1     0     0     1     0     1     2     0     0   437     0
    84     2     6     2     3     5     7     1     0     1     1     0     0     1     0     1   557     0
    85     2     6     2     3     5     7     1     0     1     1     1     1     1     0     0   706     0
    86     2     6     2     3     5     7     1     0     0     1     1     1     1     0     1   449     0
    87     2     5     0     1     3     5     7     1     0     0     1     1     2     1     0   794     0
    88     2     8     1     7     1     3     5     0     0     0     1     0     2     1     0   555     0
    89     1     2     2     4     6     8     2     1     1     1     0     1     3     1     1   467     0
    90     1     2     2     4     6     8     2     0     0     1     0     0     1     1     1   621     0
    91     1     2     2     4     6     8     2     0     0     1     0     0     1     0     0   473     0
    92     1     3     1     6     8     2     4     0     0     1     0     1     2     0     0   460     0
    93     1     3     1     6     8     2     4     1     0     0     1     1     1     1     0   472     0
    94     1     3     1     6     8     2     4     0     1     1     1     1     1     1     1   529     0
    95     1     4     1     8     2     4     6     1     1     1     1     0     2     1     0   891     0
    96     1     3     1     6     8     2     4     0     0     1     1     1     2     1     1   544     0
    97     1     4     1     8     2     4     6     1     1     1     0     1     2     1     1   617     0
    98     1     1     2     2     4     6     8     1     0     0     1     1     2     0     1   661     0
    99     1     2     2     4     6     8     2     0     0     1     1     0     2     1     0   508     0
   100     1     2     2     4     6     8     2     0     1     1     1     1     1     0     1   487     0
   101     2     8     1     7     1     3     5     1     0     1     0     1     3     1     1   534     0
   102     2     7     0     5     7     1     3     0     1     1     1     0     2     1     1   514     0
   103     2     7     0     5     7     1     3     1     1     1     0     1     1     1     0   504     0
   104     2     8     1     7     1     3     5     1     0     1     0     1     2     0     1   557     1
   105     2     8     1     7     1     3     5     1     1     1     0     0     1     0     1   535     1
   106     2     8     1     7     1     3     5     1     0     0     0     0     1     0     1   588     0
   107     2     8     1     7     1     3     5     0     0     0     1     1     1     1     0   587     0
   108     2     8     1     7     1     3     5     1     1     0     1     0     1     1     1   545     0
   109     1     3     1     6     8     2     4     0     1     0     1     1     3     1     0   948     0
   110     1     3     1     6     8     2     4     0     1     1     0     0     1     0     0   530     0
   111     2     6     2     3     5     7     1     0     0     0     1     0     3     0     1   544     0
   112     2     6     2     3     5     7     1     1     0     1     0     1     1     1     0   708     1
   113     1     2     2     4     6     8     2     0     0     1     0     0     3     1     0   560     0
   114     1     2     2     4     6     8     2     1     1     1     1     0     1     1     1   499     0
   115     2     6     2     3     5     7     1     0     0     1     1     0     3     1     1   483     0
   116     2     6     2     3     5     7     1     1     0     0     1     0     1     1     0   437     0
   117     2     8     1     7     1     3     5     0     1     1     1     0     2     1     1   541     0
   118     1     3     1     6     8     2     4     1     0     0     0     1     3     1     1   916     0
   119     2     6     2     3     5     7     1     1     1     1     0     1     3     0     1   446     0
   120     1     1     2     2     4     6     8     1     0     1     1     1     3     0     1   661     0
   121     2     6     2     3     5     7     1     1     1     1     1     0     3     0     1   501     0
   122     2     6     2     3     5     7     1     0     0     0     1     0     1     1     1   459     0
   123     1     3     1     6     8     2     4     0     1     1     1     1     3     0     1   557     0
   124     1     3     1     6     8     2     4     0     0     1     1     1     1     0     1   533     0
   125     2     5     0     1     3     5     7     0     1     0     1     1     3     0     1   564     1
   126     2     5     0     1     3     5     7     1     1     1     1     1     1     1     0   554     0
   127     2     6     2     3     5     7     1     0     1     1     1     1     2     1     0   553     0
   128     2     6     2     3     5     7     1     1     1     1     0     0     1     1     0   587     0
   129     2     5     0     1     3     5     7     0     0     0     0     1     2     1     1   663     0
   130     2     5     0     1     3     5     7     0     0     0     0     0     1     0     0   439     0
   131     2     5     0     1     3     5     7     0     1     0     1     0     1     0     1   486     0
   132     2     5     0     1     3     5     7     0     0     0     1     1     1     0     1   488     1
   133     1     4     1     8     2     4     6     1     0     0     1     1     3     1     0  1182     0
   134     1     4     1     8     2     4     6     1     0     0     0     1     1     0     0   428     0
   135     2     7     0     5     7     1     3     1     1     0     1     0     3     0     1   531     0
   136     2     7     0     5     7     1     3     1     1     1     1     0     1     0     0   458     0
   137     1     1     2     2     4     6     8     1     0     1     0     0     3     0     1   484     0
   138     2     8     1     7     1     3     5     0     0     1     1     1     3     1     0   623     0
   139     1     4     1     8     2     4     6     1     0     1     0     1     3     1     0   498     0
   140     2     7     0     5     7     1     3     0     0     1     0     0     3     1     0   539     0
   141     2     5     0     1     3     5     7     1     1     1     1     0     2     1     1   512     0
   142     2     5     0     1     3     5     7     1     1     0     1     1     1     0     0   520     0
   143     2     8     1     7     1     3     5     1     0     1     1     0     2     0     1   598     0
   144     2     8     1     7     1     3     5     0     0     0     0     0     1     1     0   490     0
   145     2     8     1     7     1     3     5     0     0     0     0     1     1     0     0   383     0
   146     2     8     1     7     1     3     5     1     0     0     0     0     1     1     0   389     0
   147     1     4     1     8     2     4     6     0     1     0     1     0     3     1     1   517     0
   148     1     4     1     8     2     4     6     1     0     0     0     0     1     1     1   590     0
   149     1     4     1     8     2     4     6     1     0     0     0     1     1     0     0   387     0
   150     1     4     1     8     2     4     6     1     0     0     1     1     1     0     0   384     0
   151     1     4     1     8     2     4     6     1     1     0     0     0     1     0     1   554     0
   152     1     4     1     8     2     4     6     1     1     0     1     1     1     0     0   615     0
   153     1     3     1     6     8     2     4     1     1     0     1     1     2     0     0   609     1
   154     2     6     2     3     5     7     1     1     1     0     1     0     3     0     0   509     0
   155     1     3     1     6     8     2     4     0     0     1     1     0     3     1     1   703     0
   156     1     3     1     6     8     2     4     1     1     1     0     0     1     1     1   514     1
   157     2     7     0     5     7     1     3     1     0     1     0     0     3     0     1   685     0
   158     2     7     0     5     7     1     3     0     0     0     1     1     1     1     0   495     0
   159     1     4     1     8     2     4     6     1     0     1     0     1     3     1     0   596     0
   160     1     3     1     6     8     2     4     0     1     1     1     0     2     1     1   614     0
   161     1     2     2     4     6     8     2     1     0     1     0     1     2     1     1   546     0
   162     2     7     0     5     7     1     3     1     0     1     1     0     3     0     0   510     0
   163     2     5     0     1     3     5     7     0     0     1     1     1     2     1     0   701     1
   164     2     5     0     1     3     5     7     1     1     0     1     1     1     1     1   535     0
   165     1     1     2     2     4     6     8     1     0     1     1     0     3     0     1   676     0
   166     1     3     1     6     8     2     4     0     0     0     0     1     2     1     0   577     0
   167     2     8     1     7     1     3     5     0     1     0     1     0     3     0     1   581     0
   168     2     8     1     7     1     3     5     0     1     0     0     0     1     0     0   606     0
   169     2     5     0     1     3     5     7     1     0     0     0     0     2     1     1   691     0
   170     2     6     2     3     5     7     1     1     1     0     0     1     2     0     1   613     0
   171     2     6     2     3     5     7     1     0     0     1     1     0     1     1     1   553     0
   172     2     8     1     7     1     3     5     0     0     0     0     1     2     0     0   458     0
   173     2     8     1     7     1     3     5     1     1     0     1     1     1     1     1   664     0
   174     2     8     1     7     1     3     5     1     0     0     1     0     1     0     1   607     0
   175     2     8     1     7     1     3     5     1     1     1     0     1     1     0     1   549     0
   176     1     3     1     6     8     2     4     1     0     1     0     1     3     0     1   478     0
   177     2     8     1     7     1     3     5     1     0     0     1     0     3     0     0   454     0
   178     1     3     1     6     8     2     4     1     1     0     1     0     3     0     1   525     0
   179     1     4     1     8     2     4     6     0     1     1     0     0     2     1     0   772     0
   180     1     2     2     4     6     8     2     1     0     0     0     1     2     1     1   517     0
   181     2     7     0     5     7     1     3     1     0     1     0     0     3     0     0   490     0
   182     2     5     0     1     3     5     7     1     1     0     1     1     2     0     1   696     0
   183     2     6     2     3     5     7     1     1     0     1     1     1     2     0     1   460     0
   184     2     7     0     5     7     1     3     1     0     1     0     1     2     0     0   457     0
   185     2     5     0     1     3     5     7     0     1     1     0     0     2     1     1   639     0
   186     2     5     0     1     3     5     7     1     0     0     0     0     1     1     1   800     1
   187     2     7     0     5     7     1     3     1     1     0     1     0     2     0     1   686     0
   188     2     7     0     5     7     1     3     1     0     1     1     1     1     0     1   498     1
   189     1     4     1     8     2     4     6     1     0     0     1     1     3     0     0   816     0
   190     1     4     1     8     2     4     6     0     0     1     0     1     1     1     0   587     0
   191     1     3     1     6     8     2     4     0     0     1     0     0     2     0     0   457     0
   192     1     3     1     6     8     2     4     1     0     1     1     0     1     1     0   442     0
   193     2     6     2     3     5     7     1     1     0     0     0     0     3     0     0   469     0
   194     2     8     1     7     1     3     5     0     0     1     0     1     2     1     0   487     0
   195     2     8     1     7     1     3     5     0     0     0     1     0     1     0     0   424     0
   196     2     8     1     7     1     3     5     1     1     0     1     1     1     1     1   549     0
   197     1     1     2     2     4     6     8     1     1     0     1     1     3     0     0   537     0
   198     1     1     2     2     4     6     8     1     0     1     0     0     1     0     1   499     0
   199     2     5     0     1     3     5     7     0     1     0     0     0     3     1     1   562     0
   200     2     5     0     1     3     5     7     1     1     1     1     0     1     1     0   482     1
   201     2     6     2     3     5     7     1     0     1     1     0     1     2     1     0   606     0
   202     2     6     2     3     5     7     1     1     1     1     0     0     1     1     0   620     0
   203     2     5     0     1     3     5     7     0     1     1     1     1     2     1     0   478     0
   204     2     5     0     1     3     5     7     0     1     0     1     0     1     0     0   415     0
   205     2     5     0     1     3     5     7     0     0     0     1     1     1     0     1   545     0
   206     2     5     0     1     3     5     7     0     0     1     1     1     1     0     0   522     0
   207     1     1     2     2     4     6     8     0     0     1     0     1     3     0     0   511     0
   208     1     1     2     2     4     6     8     1     1     0     0     0     1     1     1   592     0
   209     2     6     2     3     5     7     1     0     1     0     1     0     3     1     0   536     0
   210     2     6     2     3     5     7     1     0     1     0     1     0     1     0     0   444     0
   211     2     7     0     5     7     1     3     0     0     1     0     0     2     0     1   576     0
   212     1     2     2     4     6     8     2     1     0     1     1     0     3     1     0   592     0
   213     2     8     1     7     1     3     5     0     1     0     0     1     3     1     1   562     0
   214     2     7     0     5     7     1     3     1     1     1     0     0     2     1     0   534     0
   215     1     2     2     4     6     8     2     1     0     1     0     0     3     0     1   577     0
   216     1     1     2     2     4     6     8     0     0     0     0     1     2     1     0   725     0
   217     1     1     2     2     4     6     8     1     0     1     0     1     1     1     0   469     0
   218     1     1     2     2     4     6     8     1     1     1     1     0     1     0     1   470     0
   219     2     6     2     3     5     7     1     1     0     0     1     0     3     0     1   542     0
   220     2     7     0     5     7     1     3     1     0     0     0     1     2     0     0   439     0
   221     2     7     0     5     7     1     3     1     0     1     1     1     1     0     0   440     0
   222     2     7     0     5     7     1     3     1     0     1     1     1     1     0     0   464     0
   223     2     8     1     7     1     3     5     0     0     1     1     0     2     1     0   619     0
   224     2     6     2     3     5     7     1     0     1     0     0     1     2     0     1   520     0
   225     1     2     2     4     6     8     2     0     1     1     0     1     3     0     0   552     0
   226     1     4     1     8     2     4     6     0     0     1     1     0     2     0     1   638     0
   227     1     1     2     2     4     6     8     0     1     0     1     1     2     0     1   456     0
   228     1     1     2     2     4     6     8     0     0     0     0     0     1     0     1   465     1
   229     2     5     0     1     3     5     7     0     0     1     1     1     3     0     0   442     0
   230     2     5     0     1     3     5     7     0     0     0     1     0     1     0     0   430     0
   231     2     5     0     1     3     5     7     1     0     0     0     0     1     1     0   625     0
   232     2     5     0     1     3     5     7     0     0     0     1     0     1     1     0   402     0
   233     1     1     2     2     4     6     8     0     0     0     1     1     3     0     0   457     0
   234     1     1     2     2     4     6     8     0     0     0     1     0     1     0     0   392     0
   235     1     2     2     4     6     8     2     1     1     1     0     0     2     1     1   757     0
   236     1     3     1     6     8     2     4     0     0     1     0     0     2     1     1   481     0
   237     2     7     0     5     7     1     3     1     1     1     1     0     3     1     1   551     0
   238     2     7     0     5     7     1     3     0     1     0     1     0     1     1     0   497     0
   239     2     8     1     7     1     3     5     0     0     0     0     0     2     0     1   527     0
   240     2     6     2     3     5     7     1     0     0     1     1     0     2     0     0   456     0
   241     1     1     2     2     4     6     8     0     0     0     0     1     3     0     0   387     0
   242     1     4     1     8     2     4     6     1     1     0     0     0     2     1     1   579     0
   243     1     1     2     2     4     6     8     0     1     1     1     1     2     1     0   532     0
   244     1     1     2     2     4     6     8     0     0     1     1     0     1     0     1   440     0
   245     1     1     2     2     4     6     8     0     1     0     0     1     1     0     1   486     0
   246     1     1     2     2     4     6     8     0     1     1     0     0     1     0     0   454     0
   247     1     1     2     2     4     6     8     0     0     0     0     1     1     0     1   500     0
   248     1     1     2     2     4     6     8     0     0     0     1     1     1     0     0   465     0
   249     1     2     2     4     6     8     2     0     0     0     0     0     2     0     0   540     0
   250     1     3     1     6     8     2     4     1     0     1     1     1     2     1     0   554     1
   251     1     1     2     2     4     6     8     1     1     1     1     0     2     0     1   745     0
   252     1     3     1     6     8     2     4     0     0     1     1     1     2     1     1   485     0
   253     2     6     2     3     5     7     1     1     1     0     0     0     3     1     1   713     0
   254     2     6     2     3     5     7     1     1     1     1     1     1     1     0     0   461     0
   255     2     5     0     1     3     5     7     0     1     0     0     1     2     1     0   488     1
   256     2     5     0     1     3     5     7     1     0     0     1     0     1     1     1   607     0
   257     1     4     1     8     2     4     6     1     0     0     0     0     3     0     0   496     0
   258     2     5     0     1     3     5     7     0     0     0     1     0     3     1     0   435     0
   259     2     6     2     3     5     7     1     0     0     0     0     1     2     0     0   699     0
   260     2     6     2     3     5     7     1     0     0     0     0     1     1     0     0   381     0
   261     1     3     1     6     8     2     4     0     1     0     1     1     3     0     1   561     0
   262     1     3     1     6     8     2     4     0     1     0     0     0     1     0     0   669     0
   263     1     2     2     4     6     8     2     1     1     0     1     1     2     1     0   523     0
   264     1     4     1     8     2     4     6     1     1     1     1     1     2     0     0   500     0
   265     1     3     1     6     8     2     4     0     0     0     0     1     2     1     1   632     0
   266     1     3     1     6     8     2     4     1     0     0     0     1     1     1     0   525     0
   267     2     5     0     1     3     5     7     0     1     0     1     0     3     1     1   696     0
   268     2     7     0     5     7     1     3     1     1     1     1     1     2     1     0   500     0
   269     1     3     1     6     8     2     4     1     0     1     0     0     3     0     1   456     0
   270     2     8     1     7     1     3     5     1     0     0     0     1     3     0     0   466     0
   271     2     7     0     5     7     1     3     1     1     1     0     0     2     0     1   458     0
   272     2     6     2     3     5     7     1     1     1     0     1     0     2     0     0   497     0
   273     2     7     0     5     7     1     3     0     1     1     1     1     2     1     0   440     0
   274     2     7     0     5     7     1     3     1     1     1     1     0     1     1     0   390     0
   275     1     2     2     4     6     8     2     0     1     1     1     1     3     1     0   456     0
   276     1     3     1     6     8     2     4     1     1     0     0     1     2     1     0   536     0
   277     2     6     2     3     5     7     1     1     1     1     1     0     3     0     0   421     0
   278     2     6     2     3     5     7     1     0     0     1     0     1     1     1     1   708     0
   279     2     7     0     5     7     1     3     1     0     0     1     1     2     1     0   581     0
   280     2     7     0     5     7     1     3     0     0     0     1     0     1     1     0   423     0
   281     2     5     0     1     3     5     7     1     1     1     0     0     2     1     1   615     0
   282     2     5     0     1     3     5     7     1     0     0     0     0     1     0     1   562     0
   283     2     8     1     7     1     3     5     1     1     0     0     1     2     0     1   552     0
   284     2     8     1     7     1     3     5     1     0     0     1     1     1     0     1   485     0
   285     2     5     0     1     3     5     7     0     0     1     0     1     2     1     0   666     0
   286     2     7     0     5     7     1     3     1     1     0     1     1     2     1     1   482     0
   287     1     4     1     8     2     4     6     0     0     0     1     1     3     1     1   640     0
   288     2     7     0     5     7     1     3     0     0     0     0     1     3     0     0   452     0
   289     1     1     2     2     4     6     8     1     1     1     0     0     3     1     1   442     0
   290     1     1     2     2     4     6     8     0     0     1     1     1     1     1     1   618     0
   291     2     6     2     3     5     7     1     0     1     1     0     1     3     0     1   435     0
   292     2     8     1     7     1     3     5     0     1     0     1     1     2     0     0   520     1
   293     1     3     1     6     8     2     4     1     0     1     0     0     3     1     1   520     1
   294     1     3     1     6     8     2     4     0     1     0     1     1     1     1     1   518     0
   295     1     1     2     2     4     6     8     1     0     1     1     1     2     1     1  1012     0
   296     1     1     2     2     4     6     8     0     1     1     1     0     1     1     1   405     1
   297     2     8     1     7     1     3     5     0     0     1     1     1     3     0     1   483     0
   298     2     8     1     7     1     3     5     0     0     1     1     1     1     0     0   416     0
   299     1     3     1     6     8     2     4     0     0     0     0     0     3     0     0   450     0
   300     1     3     1     6     8     2     4     0     0     1     0     1     1     0     0   482     0
   301     1     3     1     6     8     2     4     1     1     0     0     1     1     1     1   524     0
   302     1     3     1     6     8     2     4     1     0     0     1     0     1     0     1   481     0
   303     1     4     1     8     2     4     6     0     0     1     1     0     2     1     0   766     0
   304     1     4     1     8     2     4     6     1     1     1     0     0     1     1     1   654     1
   305     2     5     0     1     3     5     7     1     0     1     1     0     3     0     1   509     0
   306     2     5     0     1     3     5     7     0     0     0     0     1     1     1     0   369     0
   307     2     8     1     7     1     3     5     0     1     0     1     0     2     0     1   490     0
   308     2     8     1     7     1     3     5     0     1     0     0     1     1     0     0   467     0
   309     2     5     0     1     3     5     7     0     0     0     0     1     2     0     1   514     0
   310     1     2     2     4     6     8     2     1     0     0     1     1     3     1     0   672     0
   311     1     2     2     4     6     8     2     0     0     0     1     0     1     1     0   390     0
   312     1     2     2     4     6     8     2     1     1     0     0     1     1     1     1   523     0
   313     2     5     0     1     3     5     7     0     0     0     0     1     3     1     1   855     0
   314     1     4     1     8     2     4     6     0     1     0     1     0     3     0     1   503     0
   315     2     8     1     7     1     3     5     0     1     0     0     1     3     0     0   468     0
   316     2     8     1     7     1     3     5     0     0     1     0     1     1     0     1   498     0
   317     1     2     2     4     6     8     2     0     0     0     1     0     3     0     0   466     1
   318     1     4     1     8     2     4     6     1     1     0     1     1     2     1     1   576     0
   319     2     5     0     1     3     5     7     1     1     0     1     1     3     0     0   528     0
   320     2     5     0     1     3     5     7     1     0     0     1     0     1     0     1   635     0
   321     1     4     1     8     2     4     6     1     1     0     0     1     3     0     1   535     0
   322     1     4     1     8     2     4     6     0     0     0     0     1     1     1     1   507     0
   323     1     4     1     8     2     4     6     0     0     0     1     1     1     0     0   453     0
   324     1     1     2     2     4     6     8     0     0     1     0     0     2     0     0   402     0
   325     1     1     2     2     4     6     8     0     1     0     0     0     1     0     1   505     0
   326     1     1     2     2     4     6     8     1     0     0     1     1     1     1     1   538     0
   327     1     1     2     2     4     6     8     1     1     1     0     1     1     0     1   481     0
   328     1     1     2     2     4     6     8     1     1     0     1     1     1     0     0   488     1
   329     2     7     0     5     7     1     3     0     0     0     1     0     3     1     1   594     0
   330     2     7     0     5     7     1     3     1     0     1     0     0     1     1     0   448     0
   331     2     6     2     3     5     7     1     1     0     0     1     0     2     0     0   500     0
   332     2     7     0     5     7     1     3     1     1     0     0     1     2     0     1   501     0
   333     2     5     0     1     3     5     7     0     0     0     1     1     2     1     1   576     0
   334     2     6     2     3     5     7     1     0     1     0     1     0     2     0     1   554     0
   335     1     1     2     2     4     6     8     1     1     0     1     1     3     1     0   503     0
   336     2     6     2     3     5     7     1     0     0     1     0     0     3     1     1   560     0
   337     1     3     1     6     8     2     4     1     1     1     0     0     3     1     1   608     0
   338     1     3     1     6     8     2     4     0     0     1     0     0     1     1     1   515     0
   339     1     4     1     8     2     4     6     0     0     1     0     0     2     0     0   744     0
   340     1     2     2     4     6     8     2     0     1     1     1     1     2     0     1   466     0
   341     1     2     2     4     6     8     2     1     0     1     0     1     1     1     1   487     0
   342     1     2     2     4     6     8     2     0     1     1     0     1     1     1     1   450     0
   343     1     4     1     8     2     4     6     0     1     1     0     0     2     0     0   480     1
   344     1     4     1     8     2     4     6     1     0     0     0     0     1     1     1   485     0
   345     1     2     2     4     6     8     2     1     1     1     0     0     2     0     1   478     0
   346     1     2     2     4     6     8     2     1     0     1     0     0     1     0     1   534     0
   347     2     8     1     7     1     3     5     0     0     1     0     0     3     1     0   422     0
   348     2     8     1     7     1     3     5     1     1     0     1     1     1     1     1   572     0
   349     2     7     0     5     7     1     3     1     1     1     1     1     2     0     0   462     0
   350     1     2     2     4     6     8     2     1     1     1     0     0     3     0     0   541     0
   351     2     7     0     5     7     1     3     1     0     1     1     1     3     0     1   487     0
   352     1     4     1     8     2     4     6     0     1     0     1     0     3     1     1   711     0
   353     2     8     1     7     1     3     5     0     0     0     0     1     3     0     1   416     1
   354     2     5     0     1     3     5     7     1     1     1     1     1     2     1     1   577     0
   355     1     4     1     8     2     4     6     0     1     1     1     1     3     1     0   459     0
   356     1     1     2     2     4     6     8     1     1     1     0     0     2     1     0   522     1
   357     2     5     0     1     3     5     7     0     1     0     1     0     3     1     0   504     0
   358     2     8     1     7     1     3     5     1     1     0     1     0     2     1     0   450     0
   359     1     4     1     8     2     4     6     0     1     1     0     0     3     1     0   547     0
   360     1     4     1     8     2     4     6     0     1     0     1     1     1     0     0   495     0
   361     1     4     1     8     2     4     6     1     0     1     1     1     1     1     1   508     0
   362     1     3     1     6     8     2     4     1     1     0     1     1     2     0     1   437     0
   363     1     3     1     6     8     2     4     1     1     0     1     0     1     0     0   600     0
   364     1     3     1     6     8     2     4     1     0     0     1     0     1     0     1   482     0
   365     1     4     1     8     2     4     6     0     1     0     1     1     2     1     1   665     0
   366     2     5     0     1     3     5     7     0     0     0     1     0     3     0     1   501     1
   367     1     4     1     8     2     4     6     1     1     1     0     1     3     1     1   565     0
   368     1     4     1     8     2     4     6     1     0     1     1     1     1     0     1   680     0
   369     2     6     2     3     5     7     1     1     1     1     0     0     3     0     1   621     0
   370     2     6     2     3     5     7     1     0     0     1     1     1     1     1     1   705     0
   371     1     3     1     6     8     2     4     0     0     1     0     1     3     0     0   518     0
   372     1     4     1     8     2     4     6     0     0     0     1     0     2     0     0   618     0
   373     2     8     1     7     1     3     5     1     1     1     1     1     3     1     1   478     0
   374     2     8     1     7     1     3     5     1     0     0     0     1     1     0     1   461     0
   375     1     2     2     4     6     8     2     1     1     1     0     1     3     0     1   448     0
   376     1     2     2     4     6     8     2     1     0     1     1     0     1     0     1   528     0
   377     2     7     0     5     7     1     3     1     1     0     1     1     3     0     1   556     0
   378     2     7     0     5     7     1     3     0     1     1     0     1     1     1     0   436     0
   379     2     5     0     1     3     5     7     1     0     1     0     0     2     1     1   526     0
   380     1     4     1     8     2     4     6     1     1     0     1     1     3     0     1   569     0
   381     2     5     0     1     3     5     7     0     1     0     0     1     3     1     0   566     0
   382     2     5     0     1     3     5     7     1     1     0     0     1     1     1     0   427     0
   383     1     3     1     6     8     2     4     0     0     0     0     0     3     1     1   535     0
   384     1     4     1     8     2     4     6     0     0     1     1     0     2     0     0   657     0
   385     2     5     0     1     3     5     7     1     0     1     1     1     3     1     0   494     0
   386     2     5     0     1     3     5     7     1     1     1     0     1     1     0     1   500     0
   387     2     7     0     5     7     1     3     0     1     1     1     1     2     1     0   501     0
   388     2     6     2     3     5     7     1     0     1     0     1     0     2     0     0   532     1
   389     2     7     0     5     7     1     3     1     1     0     1     1     2     1     0   448     0
   390     2     7     0     5     7     1     3     0     1     1     0     0     1     1     0   380     0
   391     2     8     1     7     1     3     5     1     1     0     0     0     2     1     0   520     1
   392     1     1     2     2     4     6     8     1     0     1     1     0     3     0     1   669     0
   393     2     7     0     5     7     1     3     0     1     0     0     0     3     1     1   622     0
   394     2     8     1     7     1     3     5     0     1     1     0     1     2     0     0   485     0
   395     2     6     2     3     5     7     1     0     0     1     0     0     2     0     1   427     0
   396     2     7     0     5     7     1     3     1     0     1     1     0     2     1     0   582     0
   397     2     8     1     7     1     3     5     1     0     0     1     1     2     0     0   519     0
   398     2     8     1     7     1     3     5     1     1     0     0     1     1     0     1   549     0
   399     1     3     1     6     8     2     4     1     0     0     1     1     3     0     1   574     0
   400     1     3     1     6     8     2     4     0     0     1     1     0     1     1     0   469     0
   401     2     7     0     5     7     1     3     0     1     0     0     1     3     0     1   477     0
   402     2     8     1     7     1     3     5     0     0     1     0     0     2     0     1   537     0
   403     1     2     2     4     6     8     2     1     1     1     1     1     3     1     1   472     0
   404     1     2     2     4     6     8     2     0     1     0     1     1     1     1     0   520     0
   405     2     8     1     7     1     3     5     0     1     0     1     0     3     0     0   552     0
   406     2     7     0     5     7     1     3     0     0     1     1     1     2     0     1   499     0
   407     2     5     0     1     3     5     7     1     1     1     1     0     2     1     1   636     0
   408     2     6     2     3     5     7     1     0     0     1     1     0     2     1     1   532     0
   409     1     1     2     2     4     6     8     0     0     1     0     1     3     0     0   401     0
   410     1     1     2     2     4     6     8     1     1     0     1     0     1     1     1   537     0
   411     1     2     2     4     6     8     2     1     1     1     0     1     2     0     0   744     0
   412     1     2     2     4     6     8     2     1     1     0     0     1     1     0     0   474     0
   413     1     2     2     4     6     8     2     0     0     0     0     1     1     1     1   578     0
   414     2     5     0     1     3     5     7     0     1     0     1     0     3     0     1   543     0
   415     2     7     0     5     7     1     3     0     0     0     0     0     2     0     1   453     0
   416     2     7     0     5     7     1     3     0     1     1     1     0     1     0     1   494     0
   417     2     7     0     5     7     1     3     1     1     0     0     0     1     1     0   609     0
   418     2     6     2     3     5     7     1     0     0     1     1     1     2     1     1   459     0
   419     2     6     2     3     5     7     1     1     0     1     0     1     1     1     0   577     0
   420     2     6     2     3     5     7     1     0     0     1     0     1     1     1     0   404     0
   421     2     5     0     1     3     5     7     1     0     0     1     0     2     1     0   393     0
   422     2     8     1     7     1     3     5     0     0     0     1     0     2     1     0   641     0
   423     1     3     1     6     8     2     4     0     1     1     1     0     3     0     1   670     0
   424     2     6     2     3     5     7     1     0     0     0     0     1     3     0     1   420     0
   425     2     7     0     5     7     1     3     0     1     0     0     0     2     0     1   425     0
   426     2     5     0     1     3     5     7     0     1     0     0     0     2     0     0   541     0
   427     2     6     2     3     5     7     1     0     0     0     1     0     2     0     1   501     0
   428     2     6     2     3     5     7     1     1     0     0     0     0     1     1     0   439     0
   429     1     2     2     4     6     8     2     1     1     1     0     0     3     0     1   701     0
   430     1     2     2     4     6     8     2     1     0     0     1     1     1     0     1   484     0
   431     1     2     2     4     6     8     2     0     1     1     0     1     1     1     1   459     0
   432     1     4     1     8     2     4     6     0     1     1     1     0     2     0     0   574     0
   433     1     4     1     8     2     4     6     1     1     0     1     1     1     1     0   542     0
   434     1     4     1     8     2     4     6     0     1     1     0     1     1     1     0   395     0
   435     1     1     2     2     4     6     8     1     0     1     0     0     2     1     1   631     0
   436     1     1     2     2     4     6     8     1     1     0     1     0     1     0     1   488     1
   437     1     3     1     6     8     2     4     0     1     1     0     0     2     1     0   642     0
   438     2     8     1     7     1     3     5     0     1     1     0     1     3     0     0   419     0
   439     1     2     2     4     6     8     2     0     0     1     1     1     3     0     1   554     0
   440     1     2     2     4     6     8     2     0     1     0     0     1     1     0     1   568     0
   441     1     2     2     4     6     8     2     1     0     1     1     1     1     1     1   544     0
   442     1     3     1     6     8     2     4     1     0     0     0     0     2     0     0   523     0
   443     2     5     0     1     3     5     7     0     0     1     1     1     3     1     0   646     0
   444     1     2     2     4     6     8     2     1     0     0     0     1     3     1     0   578     0
   445     1     3     1     6     8     2     4     1     1     1     1     1     2     0     1   579     0
   446     1     3     1     6     8     2     4     1     1     1     0     1     1     0     0   401     0
   447     2     7     0     5     7     1     3     1     1     1     0     0     3     0     0   485     0
   448     1     4     1     8     2     4     6     1     1     0     0     1     3     0     0   560     0
   449     1     1     2     2     4     6     8     0     0     0     0     1     2     1     1   384     0
   450     2     6     2     3     5     7     1     0     0     0     1     1     3     0     0   384     0
   451     2     8     1     7     1     3     5     1     0     0     0     1     2     1     0   319     0
   452     2     8     1     7     1     3     5     1     1     1     1     0     1     0     1   508     0
   453     1     3     1     6     8     2     4     1     0     1     0     0     3     0     1   557     1
   454     1     3     1     6     8     2     4     1     1     0     1     1     1     0     1   458     0
   455     1     1     2     2     4     6     8     1     0     1     1     0     2     0     1   511     0
   456     1     4     1     8     2     4     6     1     0     0     0     1     2     0     0   436     0
   457     2     5     0     1     3     5     7     0     0     1     1     1     3     1     0   616     0
   458     2     5     0     1     3     5     7     0     1     0     0     0     1     0     1   517     0
   459     2     7     0     5     7     1     3     1     0     0     0     1     2     1     1   530     0
   460     1     4     1     8     2     4     6     1     1     1     0     1     3     0     1   554     0
   461     1     4     1     8     2     4     6     1     0     0     0     1     1     0     1   455     0
   462     1     4     1     8     2     4     6     0     1     0     1     0     1     1     1   480     0
   463     2     7     0     5     7     1     3     1     1     1     1     1     3     1     0   541     0
   464     2     7     0     5     7     1     3     0     0     0     1     0     1     1     1   589     0
   465     1     3     1     6     8     2     4     1     1     1     0     1     3     1     1   590     0
   466     1     3     1     6     8     2     4     1     0     0     0     0     1     0     1   464     0
   467     1     1     2     2     4     6     8     0     0     1     1     0     2     1     0   693     0
   468     1     2     2     4     6     8     2     1     0     1     1     1     2     1     0   414     0
   469     2     7     0     5     7     1     3     1     0     0     0     0     3     0     0   420     0
   470     2     7     0     5     7     1     3     0     0     1     0     1     1     1     0   394     0
   471     1     1     2     2     4     6     8     0     0     0     0     0     3     0     0   507     0
   472     1     4     1     8     2     4     6     0     0     1     1     1     2     0     0   654     0
   473     2     7     0     5     7     1     3     1     0     0     0     0     3     1     0   438     0
   474     2     7     0     5     7     1     3     0     0     1     0     0     1     1     0   386     0
   475     2     6     2     3     5     7     1     1     0     0     1     1     2     1     0   483     0
   476     2     6     2     3     5     7     1     0     1     0     0     1     1     1     1   519     0
   477     2     5     0     1     3     5     7     1     1     1     1     1     2     1     0   523     0
   478     2     5     0     1     3     5     7     0     1     0     0     1     1     1     0   480     0
   479     2     8     1     7     1     3     5     1     1     0     1     1     2     1     0   657     1
   480     2     7     0     5     7     1     3     1     0     1     0     0     2     0     1   490     0
   481     2     7     0     5     7     1     3     1     0     1     1     1     1     0     0   390     0
   482     2     5     0     1     3     5     7     0     1     1     0     0     2     1     1   580     0
   483     1     3     1     6     8     2     4     0     0     1     1     1     3     0     1   489     0
   484     1     3     1     6     8     2     4     1     1     0     0     1     1     1     1   548     1
   485     1     2     2     4     6     8     2     1     0     1     0     0     2     0     1   647     0
   486     1     2     2     4     6     8     2     0     0     1     1     1     1     1     0   515     0
   487     2     6     2     3     5     7     1     1     1     1     0     1     3     1     1   494     0
   488     2     5     0     1     3     5     7     1     0     1     1     0     2     0     1   570     0
   489     1     1     2     2     4     6     8     0     1     0     0     0     3     1     1   660     0
   490     1     1     2     2     4     6     8     0     1     0     1     0     1     0     0   439     0
   491     1     3     1     6     8     2     4     1     1     0     1     1     2     1     0   543     0
   492     1     3     1     6     8     2     4     0     1     0     0     1     1     1     0   450     0
   493     2     8     1     7     1     3     5     1     1     1     1     0     3     1     0   541     0
   494     2     8     1     7     1     3     5     1     0     0     1     1     1     0     1   526     0
   495     2     7     0     5     7     1     3     0     0     1     1     1     2     1     0   584     0
   496     1     2     2     4     6     8     2     0     0     0     0     0     3     0     0   343     0
   497     1     3     1     6     8     2     4     1     1     1     0     1     2     1     1   447     0
   498     2     6     2     3     5     7     1     1     0     1     1     0     3     0     1   483     0
   499     2     8     1     7     1     3     5     0     1     0     0     1     2     1     1   534     0
   500     2     8     1     7     1     3     5     1     1     1     1     0     1     1     0   455     0
   501     2     6     2     3     5     7     1     1     1     1     1     0     2     0     0   525     0
   502     2     6     2     3     5     7     1     0     1     0     1     0     1     1     0   418     0
   503     1     4     1     8     2     4     6     1     0     0     0     0     3     1     1   606     0
   504     1     4     1     8     2     4     6     1     1     0     0     0     1     0     1   482     0
   505     2     6     2     3     5     7     1     1     0     1     1     1     3     0     1   601     0
   506     1     1     2     2     4     6     8     0     1     0     0     1     3     1     1   667     0
   507     2     8     1     7     1     3     5     0     0     0     1     1     3     0     1   533     0
   508     2     8     1     7     1     3     5     1     1     0     1     1     1     1     1   524     0
   509     2     7     0     5     7     1     3     1     0     0     0     0     2     0     1   539     0
   510     2     7     0     5     7     1     3     1     1     0     0     0     1     0     1   518     0
   511     1     4     1     8     2     4     6     0     0     1     1     1     3     1     1   750     0
   512     1     4     1     8     2     4     6     0     1     0     1     1     1     0     1   590     0
   513     1     4     1     8     2     4     6     1     0     1     1     0     1     1     1   486     1
   514     1     4     1     8     2     4     6     1     1     0     1     1     1     0     1   452     0
   515     2     6     2     3     5     7     1     0     1     1     1     0     3     1     0   510     0
   516     2     6     2     3     5     7     1     0     1     0     1     0     1     0     0   460     0
   517     1     3     1     6     8     2     4     0     0     0     1     1     3     0     1   893     0
   518     1     2     2     4     6     8     2     1     1     0     0     0     2     1     1   513     0
   519     2     8     1     7     1     3     5     1     1     0     0     1     3     0     0   556     0
   520     2     6     2     3     5     7     1     1     1     1     1     1     2     0     0   436     0
   521     1     4     1     8     2     4     6     0     1     0     0     1     3     1     0   647     0
   522     1     2     2     4     6     8     2     0     0     1     1     0     2     0     1   651     0
   523     2     7     0     5     7     1     3     1     1     0     1     1     3     1     1   537     0
   524     2     8     1     7     1     3     5     1     1     1     1     1     2     0     0   565     0
   525     1     3     1     6     8     2     4     1     1     0     1     1     3     0     0   405     0
   526     1     1     2     2     4     6     8     1     0     0     1     1     2     0     1   617     0
   527     2     5     0     1     3     5     7     0     1     0     0     1     3     1     1   643     0
   528     2     7     0     5     7     1     3     1     1     1     1     0     2     1     0   522     0
   529     2     5     0     1     3     5     7     0     0     0     1     1     2     1     1   564     0
   530     1     2     2     4     6     8     2     1     0     0     1     0     3     1     0   524     0
   531     1     4     1     8     2     4     6     1     0     0     0     0     2     0     0   421     0
   532     2     5     0     1     3     5     7     0     0     0     1     1     3     1     0   502     0
   533     2     6     2     3     5     7     1     1     1     0     0     0     2     1     1   576     0
   534     1     3     1     6     8     2     4     0     0     0     1     1     3     1     1   667     0
   535     1     1     2     2     4     6     8     0     1     0     1     1     2     0     1   649     0
   536     2     6     2     3     5     7     1     1     1     1     1     1     3     1     0   650     0
   537     2     6     2     3     5     7     1     0     0     0     1     1     1     1     1   399     0
   538     2     6     2     3     5     7     1     1     1     0     1     0     1     1     1   473     0
   539     1     4     1     8     2     4     6     0     0     1     1     0     3     1     1   587     0
   540     1     1     2     2     4     6     8     0     0     1     1     1     2     0     0   493     0
   541     1     2     2     4     6     8     2     1     0     0     0     1     2     1     0   450     1
   542     1     2     2     4     6     8     2     0     1     1     1     0     1     1     1   427     0
   543     1     3     1     6     8     2     4     1     0     1     0     1     2     1     1   575     0
   544     1     2     2     4     6     8     2     1     0     1     1     1     2     0     0   475     0
   545     1     2     2     4     6     8     2     1     1     1     1     0     1     0     1   401     0
   546     1     2     2     4     6     8     2     1     0     1     1     1     1     0     1   529     0
   547     2     6     2     3     5     7     1     1     1     1     1     0     3     0     1   489     0
   548     2     6     2     3     5     7     1     0     0     1     0     1     1     1     1   443     0
   549     1     2     2     4     6     8     2     1     0     0     1     0     3     1     0   412     0
   550     1     1     2     2     4     6     8     0     0     0     1     0     2     1     0   649     0
   551     1     1     2     2     4     6     8     1     0     0     0     1     1     1     0   417     0
   552     1     1     2     2     4     6     8     0     0     1     0     0     1     1     0   407     0
   553     1     1     2     2     4     6     8     1     0     1     1     1     1     1     0   401     0
   554     1     2     2     4     6     8     2     1     1     1     1     0     2     0     1   571     0
   555     2     6     2     3     5     7     1     1     0     1     0     1     3     0     1   382     0
   556     1     3     1     6     8     2     4     1     0     1     1     0     3     0     0   461     0
   557     2     7     0     5     7     1     3     1     1     1     1     1     3     0     1   455     0
   558     2     7     0     5     7     1     3     0     1     0     0     1     1     1     0   519     0
   559     2     7     0     5     7     1     3     0     1     1     0     0     1     0     0   609     0
   560     2     8     1     7     1     3     5     0     1     0     0     1     2     0     0   522     0
   561     1     2     2     4     6     8     2     0     0     0     1     1     3     0     1   464     1
   562     1     3     1     6     8     2     4     1     0     1     1     0     2     1     0   466     0
   563     1     1     2     2     4     6     8     1     0     0     1     1     2     0     0   389     0
   564     1     1     2     2     4     6     8     0     0     0     1     0     1     1     0   459     0
   565     1     1     2     2     4     6     8     0     1     1     0     1     1     0     1   475     0
   566     1     2     2     4     6     8     2     0     1     1     1     1     2     0     0   694     0
   567     1     2     2     4     6     8     2     1     0     1     0     1     1     1     1   698     0
   568     2     7     0     5     7     1     3     1     1     1     0     1     3     0     1   500     0
   569     1     1     2     2     4     6     8     1     1     0     0     1     3     0     0   529     0
   570     1     1     2     2     4     6     8     0     1     0     0     0     1     1     0   454     0
   571     1     3     1     6     8     2     4     1     1     0     1     1     2     1     0   596     0
   572     1     1     2     2     4     6     8     0     1     1     1     1     2     1     0   480     0
   573     2     6     2     3     5     7     1     0     1     1     1     0     3     0     0   382     0
   574     2     6     2     3     5     7     1     0     1     1     1     1     1     0     0   387     0
   575     2     6     2     3     5     7     1     0     1     0     1     1     1     0     0   365     0
   576     2     5     0     1     3     5     7     1     1     1     0     1     2     1     0   498     0
   577     2     8     1     7     1     3     5     0     0     0     0     1     2     1     1   734     0
   578     2     8     1     7     1     3     5     0     0     1     1     1     1     0     0   494     0
   579     2     6     2     3     5     7     1     1     1     0     0     1     2     1     1   432     0
   580     2     7     0     5     7     1     3     1     1     1     1     0     2     0     0   573     1
   581     2     6     2     3     5     7     1     1     1     1     1     0     2     0     0   493     0
   582     1     3     1     6     8     2     4     1     1     1     0     1     3     0     0   464     0
   583     1     4     1     8     2     4     6     0     0     0     1     0     2     1     1   750     0
   584     1     4     1     8     2     4     6     0     1     1     0     0     1     0     1   514     1
   585     1     2     2     4     6     8     2     1     1     0     0     1     2     1     0   484     0
   586     1     2     2     4     6     8     2     1     0     0     0     0     1     0     1   475     0
   587     1     1     2     2     4     6     8     1     1     1     0     0     2     0     1   692     0
   588     2     8     1     7     1     3     5     1     1     1     1     0     3     0     0   423     0
   589     1     3     1     6     8     2     4     1     0     0     1     1     3     0     1   457     0
   590     1     1     2     2     4     6     8     0     0     1     1     1     2     1     0   649     0
   591     2     8     1     7     1     3     5     0     1     0     0     0     3     0     1   525     0
   592     2     8     1     7     1     3     5     1     1     1     1     0     1     1     0   546     0
   593     2     6     2     3     5     7     1     0     1     1     1     1     2     1     0   453     0
   594     1     1     2     2     4     6     8     1     1     1     0     0     3     1     0   456     0
   595     1     3     1     6     8     2     4     0     1     1     0     0     2     1     0   558     0
   596     2     8     1     7     1     3     5     0     1     0     1     1     3     0     0   352     0
   597     2     8     1     7     1     3     5     1     0     1     0     0     1     1     1   594     1
   598     2     8     1     7     1     3     5     0     0     0     0     0     1     1     0   514     0
   599     2     8     1     7     1     3     5     1     1     0     0     0     1     1     1   524     0
   600     2     8     1     7     1     3     5     1     0     0     1     1     1     0     1   549     0
   601     2     6     2     3     5     7     1     1     1     1     0     1     2     0     1   440     0
   602     2     6     2     3     5     7     1     0     1     0     0     1     1     1     0   794     0
   603     2     5     0     1     3     5     7     0     0     0     0     0     2     0     1   482     0
   604     2     5     0     1     3     5     7     0     0     0     1     1     1     0     0   484     1
   605     2     7     0     5     7     1     3     1     0     1     0     0     2     1     0   612     0
   606     2     8     1     7     1     3     5     0     0     1     0     0     2     1     0   397     0
   607     1     3     1     6     8     2     4     0     1     1     0     1     3     0     1   409     1
   608     1     3     1     6     8     2     4     1     0     1     0     1     1     1     1   424     0
   609     1     4     1     8     2     4     6     1     0     0     1     0     2     0     0   653     0
   610     1     4     1     8     2     4     6     0     0     1     0     0     1     1     0   417     0
   611     2     6     2     3     5     7     1     0     0     1     0     1     3     0     0   445     0
   612     2     6     2     3     5     7     1     1     1     0     0     1     1     1     1   494     0
   613     2     8     1     7     1     3     5     1     1     0     1     1     2     0     0   563     0
   614     1     1     2     2     4     6     8     1     0     1     0     0     3     0     1   431     1
   615     1     3     1     6     8     2     4     0     1     0     0     1     2     1     1   792     0
   616     1     4     1     8     2     4     6     0     1     1     1     0     2     0     0   475     0
   617     2     8     1     7     1     3     5     1     1     0     0     0     3     1     0   675     0
   618     2     5     0     1     3     5     7     1     0     0     1     1     2     0     1  1112     0
   619     2     7     0     5     7     1     3     1     1     1     0     0     2     0     1   546     0
   620     2     7     0     5     7     1     3     1     1     1     1     1     1     0     0   471     0
   621     2     5     0     1     3     5     7     0     0     0     1     1     2     1     1   712     0
   622     2     6     2     3     5     7     1     1     0     0     1     1     2     1     0   516     1
   623     1     3     1     6     8     2     4     1     1     1     0     0     3     0     1   466     0
   624     1     4     1     8     2     4     6     0     1     0     1     0     2     1     0   655     0
   625     1     3     1     6     8     2     4     0     0     0     0     0     2     0     1   601     0
   626     2     8     1     7     1     3     5     0     1     1     1     1     3     0     1   533     0
   627     1     4     1     8     2     4     6     1     0     0     1     1     3     1     1   749     0
   628     1     4     1     8     2     4     6     0     0     1     1     0     1     1     0   482     0
   629     1     1     2     2     4     6     8     0     1     1     0     0     2     0     1   511     0
   630     1     1     2     2     4     6     8     1     1     0     0     0     1     1     0   504     0
   631     1     4     1     8     2     4     6     1     0     0     1     0     2     0     1   518     0
   632     1     4     1     8     2     4     6     1     1     1     0     1     1     0     1   547     0
   633     1     4     1     8     2     4     6     1     0     1     0     0     1     0     1   890     0
   634     1     4     1     8     2     4     6     1     0     0     1     1     1     0     0   478     0
   635     1     4     1     8     2     4     6     1     1     1     0     1     1     0     1   437     0
   636     1     4     1     8     2     4     6     0     1     1     1     0     1     1     0   532     0
   637     2     7     0     5     7     1     3     1     1     1     0     0     3     1     0   754     0
   638     2     7     0     5     7     1     3     0     0     1     1     0     1     1     1   564     0
   639     2     7     0     5     7     1     3     0     0     1     1     0     1     0     0   442     0
   640     2     5     0     1     3     5     7     1     0     1     1     1     2     1     0   588     0
   641     1     3     1     6     8     2     4     1     0     0     1     0     3     0     0   529     0
   642     1     2     2     4     6     8     2     0     0     1     0     1     2     1     0   505     0
   643     1     4     1     8     2     4     6     1     0     0     1     0     2     1     0   531     0
   644     1     4     1     8     2     4     6     0     0     0     1     1     1     1     0   429     0
   645     2     7     0     5     7     1     3     0     0     1     1     0     3     0     0   419     0
   646     2     6     2     3     5     7     1     0     1     1     0     0     2     0     1   720     0
   647     1     3     1     6     8     2     4     1     1     0     0     1     3     1     0   512     1
   648     1     3     1     6     8     2     4     0     0     0     1     1     1     1     1   471     0
   649     2     5     0     1     3     5     7     0     1     0     1     1     3     0     1   559     1
   650     2     6     2     3     5     7     1     1     1     1     1     0     2     1     0   634     0
   651     1     2     2     4     6     8     2     1     0     1     1     1     3     0     1   465     0
   652     1     2     2     4     6     8     2     1     0     1     1     0     1     0     0   543     0
   653     1     2     2     4     6     8     2     0     0     1     0     1     1     1     0   364     0
   654     1     2     2     4     6     8     2     0     1     0     1     1     1     0     1   496     0
   655     2     7     0     5     7     1     3     1     1     1     1     1     3     1     0   469     0
   656     2     7     0     5     7     1     3     1     0     0     1     1     1     0     1   493     0
   657     1     1     2     2     4     6     8     1     0     1     1     0     3     0     0   619     0
   658     1     1     2     2     4     6     8     0     1     0     1     1     1     1     1   728     0
   659     1     4     1     8     2     4     6     0     0     0     0     0     2     0     1   666     1
   660     1     1     2     2     4     6     8     1     0     1     1     1     2     1     0   488     0
   661     1     4     1     8     2     4     6     0     1     1     0     0     2     1     1   501     0
   662     1     4     1     8     2     4     6     0     1     0     1     0     1     0     0   585     0
   663     2     7     0     5     7     1     3     1     0     1     1     0     3     1     1   616     0
   664     2     7     0     5     7     1     3     1     1     0     1     0     1     0     1   668     0
   665     1     2     2     4     6     8     2     0     1     1     1     0     3     1     0   666     0
   666     2     7     0     5     7     1     3     1     1     1     0     0     3     1     0   465     0
   667     1     2     2     4     6     8     2     0     1     1     1     1     3     1     0   421     0
   668     1     2     2     4     6     8     2     1     1     1     1     1     1     1     0   394     0
   669     1     4     1     8     2     4     6     1     0     1     0     1     2     0     1   656     0
   670     1     2     2     4     6     8     2     0     1     1     0     1     2     1     1   399     0
   671     1     3     1     6     8     2     4     0     0     1     1     0     2     0     1   523     0
   672     1     3     1     6     8     2     4     1     1     1     1     0     1     1     1   589     0
   673     2     8     1     7     1     3     5     1     1     0     0     0     3     0     0   632     0
   674     2     5     0     1     3     5     7     0     0     0     0     1     2     1     1   866     0
   675     1     3     1     6     8     2     4     0     1     0     1     0     3     0     1   536     0
   676     2     6     2     3     5     7     1     0     1     1     1     1     3     0     0   465     0
   677     2     6     2     3     5     7     1     1     0     1     0     0     1     1     1   451     0
   678     2     5     0     1     3     5     7     0     0     0     1     1     2     1     0   607     1
   679     2     6     2     3     5     7     1     1     0     1     0     0     2     1     0   494     0
   680     2     6     2     3     5     7     1     0     1     0     0     1     1     1     1   354     1
   681     1     2     2     4     6     8     2     1     1     1     0     1     3     1     0   725     0
   682     1     2     2     4     6     8     2     1     1     1     1     1     1     0     0   402     0
   683     2     6     2     3     5     7     1     1     1     0     0     0     3     0     0   681     0
   684     2     6     2     3     5     7     1     0     1     1     1     0     1     1     0   517     0
   685     2     5     0     1     3     5     7     0     0     1     1     0     2     0     1   631     0
   686     2     5     0     1     3     5     7     0     1     1     1     1     1     0     1   519     0
   687     2     6     2     3     5     7     1     0     0     0     1     1     2     0     1   470     0
   688     2     5     0     1     3     5     7     0     1     1     1     1     2     0     1   491     0
   689     2     8     1     7     1     3     5     1     1     0     0     0     2     1     0   596     0
   690     1     1     2     2     4     6     8     1     1     1     1     0     3     0     0   461     0
   691     1     4     1     8     2     4     6     0     1     0     0     0     2     1     0   637     0
   692     1     4     1     8     2     4     6     0     1     0     0     0     1     0     0   446     0
   693     1     2     2     4     6     8     2     0     0     0     1     0     2     0     1   532     0
   694     1     2     2     4     6     8     2     1     0     1     0     0     1     1     0   436     1
   695     2     5     0     1     3     5     7     1     0     0     1     1     3     0     0   587     0
   696     2     5     0     1     3     5     7     0     1     1     1     1     1     1     1   455     0
   697     1     3     1     6     8     2     4     0     1     0     1     1     3     0     0   410     0
   698     1     4     1     8     2     4     6     0     0     0     0     1     2     0     1   517     0
   699     1     2     2     4     6     8     2     1     0     1     0     1     2     1     0   439     0
   700     1     2     2     4     6     8     2     1     1     0     1     1     1     0     1   474     0
   701     1     4     1     8     2     4     6     0     0     0     0     0     2     1     1   885     0
   702     1     3     1     6     8     2     4     0     1     1     0     1     2     0     1   535     0
   703     2     7     0     5     7     1     3     0     1     0     1     1     3     0     0   582     0
   704     2     7     0     5     7     1     3     1     1     1     0     1     1     1     0   395     0
   705     1     4     1     8     2     4     6     0     1     0     0     1     3     1     0   511     0
   706     1     4     1     8     2     4     6     0     0     0     0     1     1     0     1   615     0
   707     2     8     1     7     1     3     5     1     0     0     1     1     3     1     0   475     0
   708     2     8     1     7     1     3     5     0     1     1     0     0     1     1     1   524     1
   709     1     4     1     8     2     4     6     0     0     1     1     0     3     0     1   839     0
   710     2     7     0     5     7     1     3     0     0     0     0     1     3     0     0   523     0
   711     2     7     0     5     7     1     3     0     1     0     0     1     1     0     1   472     0
   712     1     4     1     8     2     4     6     0     0     1     0     0     3     0     1   660     0
   713     2     5     0     1     3     5     7     1     0     1     0     1     3     1     0   428     0
   714     1     4     1     8     2     4     6     0     0     0     0     0     3     1     0   391     0
   715     1     1     2     2     4     6     8     1     1     1     0     1     2     1     1   532     0
   716     1     2     2     4     6     8     2     1     0     0     1     0     2     0     1   597     0
   717     2     6     2     3     5     7     1     1     0     1     0     0     3     0     0   450     0
   718     2     6     2     3     5     7     1     0     0     0     0     1     1     1     0   415     0
   719     2     8     1     7     1     3     5     0     1     1     0     0     2     0     1   564     0
   720     2     8     1     7     1     3     5     1     1     0     0     0     1     1     0   613     0
   721     2     5     0     1     3     5     7     1     1     1     1     1     2     0     0   484     0
   722     2     6     2     3     5     7     1     0     0     0     0     1     2     1     1   509     0
   723     1     4     1     8     2     4     6     1     1     0     1     0     3     1     1   582     0
   724     1     4     1     8     2     4     6     1     0     1     0     1     1     0     1   674     0
   725     1     4     1     8     2     4     6     1     0     0     0     0     1     0     0   415     0
   726     1     4     1     8     2     4     6     0     1     1     1     0     1     1     1   623     0
   727     1     2     2     4     6     8     2     0     0     0     1     1     2     0     1   473     0
   728     1     3     1     6     8     2     4     0     0     1     0     0     2     0     0   413     0
   729     2     5     0     1     3     5     7     0     0     0     0     1     3     0     0   512     0
   730     2     5     0     1     3     5     7     1     1     0     0     1     1     1     1   517     0
   731     2     7     0     5     7     1     3     1     0     1     1     1     2     0     1   474     0
   732     1     2     2     4     6     8     2     1     0     0     1     0     3     0     0   423     0
   733     1     1     2     2     4     6     8     1     1     1     0     1     2     0     1   553     0
   734     1     3     1     6     8     2     4     1     0     0     0     0     2     0     1   474     0
   735     1     3     1     6     8     2     4     1     0     0     0     1     1     0     0   380     0
   736     1     3     1     6     8     2     4     1     1     1     1     1     1     0     1   417     0
   737     2     8     1     7     1     3     5     0     0     0     0     1     3     1     1   737     0
   738     2     5     0     1     3     5     7     1     0     0     0     1     2     1     0   643     0
   739     1     3     1     6     8     2     4     0     1     1     1     0     3     1     1   497     0
   740     1     2     2     4     6     8     2     1     1     0     1     0     2     1     0   543     0
   741     1     3     1     6     8     2     4     0     1     1     0     1     2     1     0   502     0
   742     1     1     2     2     4     6     8     1     1     0     0     1     2     1     0   523     1
   743     1     2     2     4     6     8     2     0     1     1     0     0     2     1     0   932     0
   744     1     3     1     6     8     2     4     1     0     0     0     0     2     1     1   634     0
   745     2     7     0     5     7     1     3     0     0     1     1     1     3     1     0   504     0
   746     2     7     0     5     7     1     3     0     0     0     0     1     1     0     0   369     0
   747     2     5     0     1     3     5     7     1     0     0     0     1     2     1     0   493     0
   748     2     5     0     1     3     5     7     0     0     1     0     1     1     1     0   459     0
   749     1     1     2     2     4     6     8     0     1     1     0     0     3     0     1   480     0
   750     1     1     2     2     4     6     8     1     0     1     0     1     1     1     1   453     0
   751     1     1     2     2     4     6     8     0     0     1     1     0     1     1     0   386     0
   752     2     8     1     7     1     3     5     0     1     1     0     0     3     0     1   603     0
   753     2     6     2     3     5     7     1     0     0     0     0     1     2     0     1   591     0
   754     2     6     2     3     5     7     1     0     1     1     1     0     1     0     1   489     0
   755     2     5     0     1     3     5     7     0     1     1     1     0     2     0     0   479     0
   756     2     7     0     5     7     1     3     1     1     0     1     0     2     1     0   631     0
   757     1     1     2     2     4     6     8     0     1     1     0     0     3     1     0   633     0
   758     2     8     1     7     1     3     5     1     1     0     1     1     3     1     0   543     0
   759     1     1     2     2     4     6     8     1     1     0     1     1     3     0     0   515     0
   760     1     3     1     6     8     2     4     1     1     0     0     1     2     0     0   430     0
   761     1     1     2     2     4     6     8     1     0     0     1     0     2     0     1   613     0
   762     1     2     2     4     6     8     2     0     0     1     1     0     2     1     0  1005     0
   763     1     4     1     8     2     4     6     0     0     0     0     0     2     0     0   490     0
   764     1     4     1     8     2     4     6     0     1     0     1     0     1     0     1   510     0
   765     1     3     1     6     8     2     4     1     0     0     1     0     2     1     1   845     0
   766     1     4     1     8     2     4     6     1     1     1     1     1     2     0     1   762     0
   767     1     3     1     6     8     2     4     0     0     0     1     0     2     1     1   477     0
   768     1     3     1     6     8     2     4     1     1     0     0     1     1     1     1   527     1
   769     2     8     1     7     1     3     5     0     0     0     1     0     3     1     1   509     0
   770     2     8     1     7     1     3     5     0     0     1     1     1     1     0     0   568     0
   771     2     6     2     3     5     7     1     1     0     0     1     1     2     1     0   540     0
   772     2     7     0     5     7     1     3     0     0     1     1     0     2     1     0   532     0
   773     1     3     1     6     8     2     4     1     1     1     1     0     3     1     1   631     0
   774     1     3     1     6     8     2     4     1     1     1     0     1     1     0     0   480     0
   775     2     5     0     1     3     5     7     0     1     0     0     0     3     1     0   679     0
   776     1     4     1     8     2     4     6     1     0     0     0     1     3     1     1   528     0
   777     2     6     2     3     5     7     1     1     1     1     0     0     3     0     1   531     0
   778     1     3     1     6     8     2     4     1     1     1     0     1     3     0     0   526     0
   779     1     1     2     2     4     6     8     0     1     0     1     0     2     1     0   711     0
   780     1     1     2     2     4     6     8     0     1     0     0     1     1     0     0   486     0
   781     2     7     0     5     7     1     3     0     1     1     1     1     3     0     0   533     1
   782     2     8     1     7     1     3     5     0     1     0     0     0     2     0     0   545     0
   783     2     7     0     5     7     1     3     0     0     0     0     1     2     0     1   511     0
   784     2     7     0     5     7     1     3     1     1     0     1     1     1     1     1   416     0
   785     2     7     0     5     7     1     3     0     0     1     1     0     1     1     1   464     0
   786     2     7     0     5     7     1     3     0     0     1     1     0     1     0     0   325     0
   787     2     8     1     7     1     3     5     0     0     1     1     1     2     0     0   432     0
   788     2     8     1     7     1     3     5     1     1     1     1     0     1     1     1   771     0
   789     2     8     1     7     1     3     5     1     0     1     0     1     1     0     1   478     0
   790     2     8     1     7     1     3     5     1     0     1     1     1     1     0     0   366     0
   791     1     1     2     2     4     6     8     0     0     0     0     1     3     1     0   467     0
   792     1     1     2     2     4     6     8     0     0     0     1     1     1     0     0   329     0
   793     2     5     0     1     3     5     7     0     1     0     0     1     3     0     1   470     0
   794     2     5     0     1     3     5     7     1     1     0     0     0     1     1     0   473     0
   795     1     2     2     4     6     8     2     1     0     1     0     0     3     0     1   674     0
   796     1     2     2     4     6     8     2     0     0     0     0     0     1     1     0   371     0
   797     1     2     2     4     6     8     2     0     0     1     0     0     1     0     0   332     0
   798     1     2     2     4     6     8     2     0     1     0     0     1     1     0     1   442     0
   799     2     8     1     7     1     3     5     1     0     1     1     1     3     1     1   495     0
   800     2     6     2     3     5     7     1     1     0     1     1     1     2     0     0   527     0
   801     1     4     1     8     2     4     6     1     0     0     1     1     3     0     0   632     0
   802     1     1     2     2     4     6     8     1     0     1     0     0     2     0     0   446     0
   803     1     3     1     6     8     2     4     0     1     0     0     1     2     1     1   510     0
   804     1     3     1     6     8     2     4     1     1     1     0     0     1     1     0   533     1
   805     1     2     2     4     6     8     2     1     0     1     1     0     2     0     1   581     0
   806     2     5     0     1     3     5     7     0     0     0     0     1     3     1     0   605     0
   807     1     1     2     2     4     6     8     0     1     0     1     1     3     0     1   460     0
   808     1     1     2     2     4     6     8     0     0     1     0     1     1     0     1   539     0
   809     2     8     1     7     1     3     5     1     0     1     0     1     3     1     0   501     0
   810     2     5     0     1     3     5     7     0     1     0     1     1     2     1     1   479     0
   811     2     7     0     5     7     1     3     0     0     1     0     1     2     0     1   764     0
   812     2     7     0     5     7     1     3     0     0     1     0     0     1     0     0   434     0
   813     2     7     0     5     7     1     3     0     0     1     0     0     1     0     0   326     0
   814     2     7     0     5     7     1     3     1     1     1     0     1     1     1     1   446     0
   815     1     2     2     4     6     8     2     1     0     0     1     0     3     0     1   363     0
   816     1     2     2     4     6     8     2     0     0     0     1     0     1     1     0   391     0
   817     2     5     0     1     3     5     7     0     1     0     0     0     3     0     1   572     0
   818     2     5     0     1     3     5     7     0     0     1     0     1     1     0     1   667     0
   819     2     6     2     3     5     7     1     1     1     1     1     1     2     1     1   662     0
   820     2     6     2     3     5     7     1     1     0     0     0     0     1     0     1   445     1
   821     1     4     1     8     2     4     6     1     0     0     0     1     3     0     0   623     0
   822     1     1     2     2     4     6     8     1     0     1     0     1     2     0     0   573     0
   823     2     8     1     7     1     3     5     0     0     0     0     1     3     1     0   496     0
   824     2     8     1     7     1     3     5     0     0     0     1     1     1     0     0   429     0
   825     1     2     2     4     6     8     2     0     1     0     1     1     3     0     1   428     0
   826     2     7     0     5     7     1     3     0     1     0     0     0     3     0     0   519     0
   827     1     4     1     8     2     4     6     1     0     1     1     1     3     1     1   507     0
   828     1     4     1     8     2     4     6     0     1     0     0     1     1     1     1   618     0
   829     1     4     1     8     2     4     6     1     0     1     1     1     1     1     1   844     0
   830     1     4     1     8     2     4     6     1     0     1     1     0     1     0     0   471     0
   831     1     1     2     2     4     6     8     1     0     0     1     1     2     0     0   441     0
   832     1     4     1     8     2     4     6     1     1     0     0     1     2     0     1   554     0
   833     2     8     1     7     1     3     5     0     1     0     1     0     3     1     0   469     0
   834     2     8     1     7     1     3     5     0     1     1     1     1     1     0     0   387     0
   835     1     2     2     4     6     8     2     1     1     0     1     1     3     1     0   464     0
   836     1     1     2     2     4     6     8     0     1     0     0     1     2     1     0   512     0
   837     2     5     0     1     3     5     7     1     0     1     0     0     3     1     1   588     0
   838     2     5     0     1     3     5     7     1     0     1     1     0     1     0     0   489     1
   839     2     7     0     5     7     1     3     1     1     1     1     0     2     0     1   580     0
   840     2     7     0     5     7     1     3     1     1     1     0     1     1     0     0   416     0
   841     2     5     0     1     3     5     7     1     1     1     1     1     2     0     0   586     0
   842     2     5     0     1     3     5     7     0     1     0     0     1     1     1     0   501     0
   843     1     4     1     8     2     4     6     0     0     0     0     0     3     0     1   472     0
   844     2     7     0     5     7     1     3     0     0     0     0     1     3     0     0   508     0
   845     1     1     2     2     4     6     8     1     0     0     0     0     3     1     0   421     0
   846     1     1     2     2     4     6     8     0     1     1     1     0     1     1     1   492     0
   847     2     7     0     5     7     1     3     0     0     0     1     1     3     0     1   426     0
   848     2     7     0     5     7     1     3     1     0     1     0     0     1     1     0   384     0
   849     1     2     2     4     6     8     2     0     1     1     1     1     3     1     1   467     0
   850     1     2     2     4     6     8     2     0     1     1     1     1     1     0     0   428     0
   851     2     6     2     3     5     7     1     0     1     1     1     0     3     0     0   431     0
   852     1     1     2     2     4     6     8     0     1     0     0     0     3     0     0   548     0
   853     2     8     1     7     1     3     5     0     1     0     0     0     3     0     0   514     1
   854     2     8     1     7     1     3     5     1     1     0     1     1     1     1     0   420     0
   855     2     6     2     3     5     7     1     1     1     0     1     1     2     0     0   452     0
   856     2     6     2     3     5     7     1     1     0     0     0     1     1     0     1   452     1
   857     1     1     2     2     4     6     8     1     0     0     0     1     3     0     0   420     0
   858     1     1     2     2     4     6     8     1     0     1     1     0     1     0     0   421     0
   859     1     1     2     2     4     6     8     0     0     1     0     1     1     1     0   475     0
   860     1     1     2     2     4     6     8     0     0     0     0     1     1     0     0   430     0
   861     2     6     2     3     5     7     1     0     0     1     1     0     3     0     0   499     0
   862     2     7     0     5     7     1     3     1     1     0     1     0     2     1     1   663     0
   863     1     4     1     8     2     4     6     0     0     0     0     0     3     1     1   542     0
   864     2     5     0     1     3     5     7     1     0     1     1     0     3     1     0   474     0
   865     2     6     2     3     5     7     1     0     1     1     1     0     2     1     1   608     0
   866     2     8     1     7     1     3     5     1     1     0     0     1     2     1     0   518     0
   867     2     5     0     1     3     5     7     0     0     0     0     1     2     1     1   489     0
   868     2     5     0     1     3     5     7     0     1     0     0     0     1     0     1   481     0
   869     1     1     2     2     4     6     8     0     0     0     0     0     3     0     1   529     0
   870     1     1     2     2     4     6     8     0     1     0     0     0     1     0     1   505     0
   871     1     1     2     2     4     6     8     0     0     0     0     1     1     0     1   590     0
   872     1     2     2     4     6     8     2     1     1     0     0     0     2     1     1   737     0
   873     1     1     2     2     4     6     8     1     0     1     1     1     2     0     1   567     0
   874     2     6     2     3     5     7     1     0     1     1     0     1     3     1     1   434     0
   875     2     5     0     1     3     5     7     1     0     1     1     1     2     1     1   612     0
   876     2     5     0     1     3     5     7     1     1     1     1     1     1     0     1   441     0
   877     2     7     0     5     7     1     3     0     0     0     1     1     2     1     1   612     0
   878     2     7     0     5     7     1     3     1     1     0     0     1     1     1     1   574     0
   879     1     4     1     8     2     4     6     1     1     0     1     1     3     0     0   561     0
   880     1     4     1     8     2     4     6     0     0     1     0     0     1     1     1   631     0
   881     1     2     2     4     6     8     2     1     0     1     0     0     2     1     0   509     0
   882     1     2     2     4     6     8     2     0     0     0     1     1     1     1     0   503     0
   883     1     3     1     6     8     2     4     1     0     0     0     0     2     1     0   535     0
   884     1     3     1     6     8     2     4     1     1     0     1     1     1     0     1   488     0
   885     2     6     2     3     5     7     1     1     1     0     1     0     3     0     0   496     0
   886     2     7     0     5     7     1     3     1     1     1     0     1     2     0     0   416     0
   887     1     3     1     6     8     2     4     1     1     0     0     1     3     0     0   633     0
   888     1     3     1     6     8     2     4     0     1     0     0     0     1     1     0   510     0
   889     2     5     0     1     3     5     7     0     0     0     0     1     3     0     1   551     0
   890     2     5     0     1     3     5     7     1     1     0     0     0     1     1     1   541     0
   891     1     2     2     4     6     8     2     0     1     0     1     0     3     1     0   482     0
   892     2     5     0     1     3     5     7     1     0     1     1     1     3     1     1   620     0
   893     2     8     1     7     1     3     5     1     0     1     1     0     2     0     0   592     0
   894     2     8     1     7     1     3     5     0     0     1     0     1     1     1     0   530     0
   895     1     2     2     4     6     8     2     0     1     0     1     1     3     0     1   456     0
   896     1     2     2     4     6     8     2     0     1     1     1     1     1     0     0   402     0
