     1     1     2     2     4     6     8     2     0     1     1     0     1     2     1     0   623     0
     2     1     4     1     8     2     4     6     0     0     1     1     0     2     0     1   870     0
     3     1     4     1     8     2     4     6     0     0     1     1     0     1     0     0   657     0
     4     1     3     1     6     8     2     4     1     0     1     1     1     2     1     0   608     0
     5     2     7     0     5     7     1     3     0     1     1     1     0     3     1     1   943     0
     6     2     5     0     1     3     5     7     0     1     0     1     0     2     0     0   519     0
     7     1     1     2     2     4     6     8     0     0     0     1     0     3     0     1   642     1
     8     1     1     2     2     4     6     8     1     0     1     1     0     1     1     0   891     0
     9     2     8     1     7     1     3     5     1     0     1     0     1     3     0     0   728     0
    10     2     5     0     1     3     5     7     0     1     1     1     0     2     1     1   614     0
    11     1     2     2     4     6     8     2     1     1     0     0     0     3     1     0   800     0
    12     1     2     2     4     6     8     2     1     0     0     0     1     1     0     1   834     0
    13     2     8     1     7     1     3     5     0     0     1     0     1     3     1     0   631     0
    14     2     7     0     5     7     1     3     1     1     0     1     1     2     1     1   745     0
    15     2     7     0     5     7     1     3     1     1     1     1     0     1     0     0   814     0
    16     1     4     1     8     2     4     6     0     0     1     1     1     3     1     1   807     0
    17     2     5     0     1     3     5     7     0     0     1     0     1     3     0     0   764     0
    18     2     5     0     1     3     5     7     0     0     0     0     0     1     0     0   502     0
    19     1     1     2     2     4     6     8     0     0     1     0     0     3     0     0   592     0
    20     1     2     2     4     6     8     2     0     1     1     0     1     2     0     1   614     0
    21     2     5     0     1     3     5     7     0     1     1     1     1     3     0     0   976     0
    22     2     5     0     1     3     5     7     1     0     0     0     0     1     1     1   840     0
    23     2     7     0     5     7     1     3     0     1     1     1     0     2     1     1   675     0
    24     2     7     0     5     7     1     3     0     1     0     1     0     1     0     0   572     0
    25     2     6     2     3     5     7     1     0     0     0     0     0     2     0     1   566     0
    26     1     1     2     2     4     6     8     0     0     0     1     1     3     0     0   640     0
    27     1     4     1     8     2     4     6     0     0     1     1     0     2     0     0   628     0
    28     1     4     1     8     2     4     6     1     0     0     0     0     1     1     0   697     0
    29     2     7     0     5     7     1     3     1     0     1     1     1     3     0     0   890     0
    30     2     7     0     5     7     1     3     0     1     1     0     1     1     1     1   516     0
    31     1     4     1     8     2     4     6     0     1     0     1     0     3     0     0   630     0
    32     1     3     1     6     8     2     4     0     1     1     0     1     2     0     0   469     0
    33     2     7     0     5     7     1     3     0     1     0     1     0     3     0     0   507     0
    34     2     7     0     5     7     1     3     0     1     0     0     1     1     0     0   749     0
    35     2     6     2     3     5     7     1     0     1     1     0     1     2     0     0   515     0
    36     2     6     2     3     5     7     1     0     0     0     0     0     1     0     1   813     0
    37     1     4     1     8     2     4     6     0     1     1     1     1     3     0     1   523     0
    38     1     4     1     8     2     4     6     0     1     0     1     0     1     0     0   621     0
    39     1     2     2     4     6     8     2     1     1     0     1     1     2     1     0   663     0
    40     1     2     2     4     6     8     2     0     1     1     1     1     1     1     0   555     0
    41     1     1     2     2     4     6     8     0     1     0     1     0     2     0     0   504     0
    42     1     1     2     2     4     6     8     0     1     1     0     1     1     0     0   538     0
    43     1     4     1     8     2     4     6     0     1     1     0     0     2     0     0   529     0
    44     1     4     1     8     2     4     6     1     1     0     1     0     1     1     0   717     0
    45     2     5     0     1     3     5     7     1     0     1     0     1     3     0     1   755     0
    46     1     4     1     8     2     4     6     1     0     1     1     0     3     0     0   500     0
    47     1     1     2     2     4     6     8     0     1     0     1     1     2     1     1   553     0
    48     1     1     2     2     4     6     8     0     0     0     0     1     1     0     1   583     0
    49     1     1     2     2     4     6     8     1     0     1     0     1     1     1     0   622     0
    50     2     8     1     7     1     3     5     0     0     0     1     1     3     1     0   601     0
    51     2     6     2     3     5     7     1     0     0     1     1     1     2     0     0   522     0
    52     2     6     2     3     5     7     1     1     1     0     0     0     1     1     1   926     0
    53     2     5     0     1     3     5     7     0     1     1     1     1     2     1     0   796     0
    54     2     5     0     1     3     5     7     0     1     0     1     1     1     0     0   543     0
    55     1     3     1     6     8     2     4     1     1     1     0     1     3     1     0   584     0
    56     1     3     1     6     8     2     4     0     1     0     0     1     1     1     0   476     0
    57     1     2     2     4     6     8     2     0     1     0     0     0     2     0     0   522     0
    58     1     2     2     4     6     8     2     1     0     0     0     1     1     1     1   899     0
    59     1     3     1     6     8     2     4     0     0     1     1     0     2     1     0   513     0
    60     1     2     2     4     6     8     2     1     1     0     1     0     2     1     1   656     0
    61     1     1     2     2     4     6     8     0     0     1     0     1     2     1     1   540     0
    62     1     4     1     8     2     4     6     1     1     1     1     0     2     1     1   687     0
    63     2     6     2     3     5     7     1     0     0     0     1     1     3     1     1   528     0
    64     2     7     0     5     7     1     3     0     0     0     1     0     2     0     0   530     0
    65     2     5     0     1     3     5     7     1     1     0     0     0     2     1     1   838     1
    66     2     5     0     1     3     5     7     0     0     1     0     1     1     1     1   707     0
    67     2     8     1     7     1     3     5     0     1     1     0     0     2     0     1   539     0
    68     2     8     1     7     1     3     5     1     0     1     0     1     1     1     1   866     0
    69     2     7     0     5     7     1     3     0     0     0     1     1     2     1     0   619     0
    70     2     8     1     7     1     3     5     0     0     0     1     0     2     0     0   508     0
    71     1     1     2     2     4     6     8     1     1     1     0     1     3     1     1   756     0
    72     1     1     2     2     4     6     8     1     0     0     1     1     1     0     1   644     0
    73     2     6     2     3     5     7     1     0     0     0     1     0     3     1     0   608     0
    74     2     6     2     3     5     7     1     0     1     1     0     1     1     0     1   522     0
    75     1     4     1     8     2     4     6     0     1     1     1     1     3     0     0   490     0
    76     1     4     1     8     2     4     6     1     1     0     0     0     1     1     0   558     0
    77     1     1     2     2     4     6     8     1     1     1     1     0     2     0     0   797     0
    78     1     1     2     2     4     6     8     0     1     1     1     1     1     1     0   549     0
    79     1     4     1     8     2     4     6     0     0     1     0     1     2     0     1   710     0
    80     1     3     1     6     8     2     4     0     1     0     1     1     2     0     1   597     0
    81     1     2     2     4     6     8     2     0     0     1     1     0     2     0     1   681     0
    82     1     2     2     4     6     8     2     0     1     1     0     0     1     0     1   495     0
    83     1     4     1     8     2     4     6     1     0     0     1     0     2     1     1   661     0
    84     1     4     1     8     2     4     6     1     1     0     0     0     1     0     1   573     0
    85     2     7     0     5     7     1     3     1     0     0     0     1     3     0     1   634     0
    86     1     2     2     4     6     8     2     1     1     0     0     0     3     0     1   497     0
    87     1     2     2     4     6     8     2     1     1     0     1     0     1     0     0   546     0
    88     1     1     2     2     4     6     8     1     1     1     1     0     2     0     0   675     0
    89     2     5     0     1     3     5     7     1     1     0     0     0     3     0     0   579     0
    90     2     5     0     1     3     5     7     0     0     1     0     1     1     1     1   581     0
    91     2     5     0     1     3     5     7     1     1     1     1     1     1     1     1   607     0
    92     2     6     2     3     5     7     1     1     0     0     0     0     2     0     1   740     0
    93     2     5     0     1     3     5     7     0     1     0     1     0     2     1     1   512     0
    94     2     6     2     3     5     7     1     0     1     0     1     0     2     0     0   561     0
    95     1     2     2     4     6     8     2     1     0     1     1     1     3     1     1   659     0
    96     1     2     2     4     6     8     2     1     1     0     0     0     1     0     1   504     0
    97     1     4     1     8     2     4     6     1     0     1     1     1     2     0     1   721     0
    98     2     7     0     5     7     1     3     1     0     1     1     0     3     0     0   397     1
    99     1     4     1     8     2     4     6     1     0     0     0     1     3     0     0   483     0
   100     2     7     0     5     7     1     3     0     0     1     1     1     3     1     0   559     0
   101     1     4     1     8     2     4     6     0     0     1     1     0     3     0     0   518     0
   102     2     5     0     1     3     5     7     1     0     0     0     0     3     1     0   722     0
   103     1     4     1     8     2     4     6     1     0     0     1     0     3     0     0   448     0
   104     2     5     0     1     3     5     7     1     0     1     1     0     3     0     0   517     0
   105     2     8     1     7     1     3     5     0     1     0     0     0     2     1     1   768     0
   106     2     8     1     7     1     3     5     0     1     0     0     0     1     0     0   517     0
   107     1     4     1     8     2     4     6     0     0     1     1     0     3     0     1   579     0
   108     2     7     0     5     7     1     3     1     1     0     0     1     3     1     1   569     0
   109     2     6     2     3     5     7     1     1     1     0     1     1     2     0     0   796     0
   110     2     6     2     3     5     7     1     0     0     1     0     0     1     1     1   610     0
   111     2     6     2     3     5     7     1     1     1     1     0     0     1     1     1   440     0
   112     2     6     2     3     5     7     1     1     1     1     0     1     1     0     0   468     0
   113     1     2     2     4     6     8     2     1     0     0     1     0     3     0     1   544     0
   114     1     3     1     6     8     2     4     1     1     0     0     0     2     0     1   482     0
   115     2     6     2     3     5     7     1     0     0     1     0     0     3     1     1   683     0
   116     2     6     2     3     5     7     1     0     1     1     0     1     1     0     1   469     0
   117     2     5     0     1     3     5     7     0     0     0     1     0     2     0     1   653     0
   118     2     5     0     1     3     5     7     0     1     0     1     1     1     0     1   444     0
   119     1     3     1     6     8     2     4     1     0     1     1     0     3     1     1   526     0
   120     1     3     1     6     8     2     4     1     0     0     0     0     1     0     0   469     0
   121     1     4     1     8     2     4     6     1     0     0     0     1     2     0     0   461     0
   122     1     2     2     4     6     8     2     1     0     1     0     0     2     0     0   571     0
   123     1     1     2     2     4     6     8     0     1     0     1     1     2     1     1   661     1
   124     1     4     1     8     2     4     6     1     1     1     1     1     2     1     0   700     0
   125     1     4     1     8     2     4     6     0     0     0     1     1     1     1     1   716     0
   126     1     4     1     8     2     4     6     1     1     0     1     1     1     1     1   507     0
   127     1     3     1     6     8     2     4     1     1     0     1     1     2     0     0   665     0
   128     1     4     1     8     2     4     6     1     1     0     1     0     2     0     0   491     0
   129     1     1     2     2     4     6     8     1     1     1     1     0     2     0     0   471     0
   130     1     1     2     2     4     6     8     1     1     1     0     0     1     0     0   511     0
   131     1     2     2     4     6     8     2     1     0     0     0     0     2     0     1   614     0
   132     1     2     2     4     6     8     2     0     0     0     1     0     1     1     0   680     0
   133     2     5     0     1     3     5     7     1     1     1     1     1     3     1     1   615     0
   134     1     2     2     4     6     8     2     1     1     1     1     0     3     0     0   564     0
   135     2     7     0     5     7     1     3     0     1     1     1     0     3     1     0   779     0
   136     2     7     0     5     7     1     3     1     1     0     1     1     1     1     0   665     0
   137     1     4     1     8     2     4     6     1     1     0     1     1     3     0     0   492     0
   138     1     1     2     2     4     6     8     1     1     0     0     1     2     0     0   367     0
   139     1     2     2     4     6     8     2     0     1     1     0     0     2     1     0   706     0
   140     1     2     2     4     6     8     2     0     1     0     1     0     1     0     0   579     0
   141     1     1     2     2     4     6     8     0     0     0     1     0     2     0     1  1024     0
   142     2     8     1     7     1     3     5     1     0     1     0     0     3     1     0   624     0
   143     2     7     0     5     7     1     3     0     0     0     1     0     2     1     0   654     0
   144     2     7     0     5     7     1     3     1     1     1     0     0     1     1     1   578     0
   145     1     4     1     8     2     4     6     0     0     1     0     1     3     1     1   671     0
   146     1     4     1     8     2     4     6     0     1     1     0     1     1     0     1   597     0
   147     1     2     2     4     6     8     2     1     1     1     1     1     2     1     0   501     0
   148     2     7     0     5     7     1     3     1     0     0     0     1     3     0     1   542     0
   149     1     2     2     4     6     8     2     1     0     0     0     0     3     0     0   491     0
   150     1     2     2     4     6     8     2     1     1     1     1     0     1     0     1   456     0
   151     1     3     1     6     8     2     4     0     0     1     1     0     2     1     1   650     0
   152     1     2     2     4     6     8     2     1     0     1     1     1     2     1     0   535     0
   153     2     6     2     3     5     7     1     1     1     0     1     0     3     0     1   457     0
   154     2     6     2     3     5     7     1     0     0     1     1     0     1     1     1   478     0
   155     2     5     0     1     3     5     7     1     1     1     1     0     2     1     1   527     0
   156     2     6     2     3     5     7     1     1     1     1     0     0     2     0     0   442     0
   157     1     2     2     4     6     8     2     1     0     1     0     0     3     0     1   510     0
   158     2     5     0     1     3     5     7     0     0     0     0     0     3     1     0   783     0
   159     2     7     0     5     7     1     3     1     1     1     1     1     2     1     1   588     0
   160     1     4     1     8     2     4     6     0     0     1     0     1     3     1     1   646     0
   161     1     4     1     8     2     4     6     1     0     0     1     0     1     1     0   682     0
   162     1     4     1     8     2     4     6     0     0     0     0     0     1     1     0   750     0
   163     1     1     2     2     4     6     8     1     1     0     0     0     2     1     1   941     0
   164     1     1     2     2     4     6     8     0     0     0     0     0     1     1     1   704     0
   165     1     2     2     4     6     8     2     0     1     0     1     0     2     0     1   580     0
   166     1     2     2     4     6     8     2     1     0     0     1     0     1     1     1   857     0
   167     1     3     1     6     8     2     4     0     0     1     1     1     2     1     0   533     0
   168     1     3     1     6     8     2     4     1     0     1     0     1     1     1     0   518     0
   169     1     1     2     2     4     6     8     0     0     1     0     1     2     1     0   571     0
   170     1     4     1     8     2     4     6     1     1     1     1     0     2     1     1   677     0
   171     1     3     1     6     8     2     4     1     0     0     0     0     2     0     1   625     1
   172     1     3     1     6     8     2     4     1     0     0     0     1     1     0     0   537     0
   173     1     1     2     2     4     6     8     1     0     1     0     1     2     0     0   600     0
   174     1     2     2     4     6     8     2     1     1     1     1     1     2     0     1   519     0
   175     2     6     2     3     5     7     1     1     1     0     0     1     3     0     0   493     0
   176     2     8     1     7     1     3     5     1     0     0     1     1     2     0     1   718     0
   177     1     1     2     2     4     6     8     0     1     0     0     0     3     1     1   862     0
   178     1     2     2     4     6     8     2     0     0     0     1     1     2     0     1   733     1
   179     2     6     2     3     5     7     1     1     0     0     0     0     3     1     0   691     0
   180     2     6     2     3     5     7     1     1     0     0     0     0     1     0     0   533     0
   181     2     6     2     3     5     7     1     1     0     0     0     1     1     0     0   834     0
   182     1     1     2     2     4     6     8     1     0     0     1     1     3     0     0   496     0
   183     2     7     0     5     7     1     3     0     0     1     1     0     3     1     0   804     0
   184     2     7     0     5     7     1     3     0     0     0     0     1     1     0     0   376     0
   185     1     1     2     2     4     6     8     1     0     0     0     0     3     1     0   679     0
   186     1     2     2     4     6     8     2     0     0     0     0     1     2     1     0   464     0
   187     1     3     1     6     8     2     4     0     1     0     0     0     2     0     1   479     1
   188     1     3     1     6     8     2     4     0     1     1     1     1     1     0     0   521     0
   189     2     8     1     7     1     3     5     1     0     1     1     0     3     1     1   761     0
   190     2     8     1     7     1     3     5     0     0     1     0     0     1     1     0   459     0
   191     2     8     1     7     1     3     5     1     1     0     0     1     1     1     1   601     0
   192     2     8     1     7     1     3     5     1     1     1     1     1     1     0     0   522     0
   193     2     6     2     3     5     7     1     0     1     0     0     0     2     1     0   637     0
   194     2     6     2     3     5     7     1     1     0     0     1     1     1     1     1   647     0
   195     2     5     0     1     3     5     7     1     1     1     0     1     2     0     1   632     0
   196     2     5     0     1     3     5     7     0     1     1     0     1     1     1     0   741     0
   197     1     2     2     4     6     8     2     1     0     1     0     0     3     1     1   641     0
   198     1     3     1     6     8     2     4     1     1     1     1     1     2     0     1   475     1
   199     1     4     1     8     2     4     6     0     0     0     0     1     2     1     1   825     1
   200     1     1     2     2     4     6     8     1     1     0     0     0     2     1     1   673     0
   201     2     6     2     3     5     7     1     0     0     1     1     1     3     1     1   503     0
   202     2     6     2     3     5     7     1     0     1     0     0     1     1     0     1   572     0
   203     2     8     1     7     1     3     5     1     0     0     1     1     2     1     1   510     0
   204     2     8     1     7     1     3     5     0     0     0     1     0     1     1     0   543     0
   205     2     5     0     1     3     5     7     1     1     1     0     0     2     1     1   609     0
   206     2     5     0     1     3     5     7     1     1     1     1     1     1     0     0   610     0
   207     1     1     2     2     4     6     8     0     0     0     0     1     3     1     1   599     0
   208     1     1     2     2     4     6     8     0     0     0     0     1     1     0     0   536     0
   209     1     3     1     6     8     2     4     1     0     0     1     1     2     1     0   568     0
   210     2     8     1     7     1     3     5     1     0     1     0     0     3     0     0   444     0
   211     1     2     2     4     6     8     2     0     0     1     0     0     3     1     0   576     0
   212     1     2     2     4     6     8     2     1     1     1     0     0     1     1     1   576     0
   213     1     2     2     4     6     8     2     1     0     1     1     0     1     0     1   530     0
   214     1     2     2     4     6     8     2     0     0     0     0     1     1     1     0   518     0
   215     2     8     1     7     1     3     5     0     1     0     1     0     3     0     1   465     1
   216     2     8     1     7     1     3     5     0     1     0     1     1     1     0     0   388     0
   217     1     4     1     8     2     4     6     0     1     1     0     0     3     0     0   565     0
   218     1     4     1     8     2     4     6     0     0     1     1     0     1     0     1   518     0
   219     1     3     1     6     8     2     4     1     0     1     0     1     2     1     0   590     0
   220     1     3     1     6     8     2     4     1     0     1     1     1     1     0     0   495     0
   221     2     7     0     5     7     1     3     1     0     0     1     1     3     0     0   480     0
   222     2     7     0     5     7     1     3     1     0     1     0     0     1     0     0   448     0
   223     2     7     0     5     7     1     3     1     0     0     1     1     1     0     0   467     0
   224     2     8     1     7     1     3     5     1     1     0     0     1     2     0     1   624     0
   225     2     7     0     5     7     1     3     1     1     0     1     1     2     0     0   656     0
   226     2     7     0     5     7     1     3     0     1     0     0     1     1     1     0   501     0
   227     2     7     0     5     7     1     3     1     0     1     1     1     1     1     1   464     0
   228     2     7     0     5     7     1     3     1     1     0     1     1     1     0     1   793     0
   229     2     8     1     7     1     3     5     0     0     0     0     0     2     1     1   651     0
   230     2     5     0     1     3     5     7     1     1     1     0     1     2     1     1   494     1
   231     2     5     0     1     3     5     7     0     0     1     1     0     1     1     1   616     0
   232     2     5     0     1     3     5     7     0     1     0     0     1     1     0     1   538     0
   233     2     6     2     3     5     7     1     0     1     1     1     0     2     0     0   545     0
   234     2     6     2     3     5     7     1     1     0     0     0     1     1     1     1   640     0
   235     2     7     0     5     7     1     3     0     0     1     1     1     2     1     0   669     0
   236     2     7     0     5     7     1     3     1     0     0     1     0     1     1     0   465     0
   237     1     2     2     4     6     8     2     1     0     0     0     0     3     0     0   527     0
   238     1     2     2     4     6     8     2     0     0     0     1     1     1     1     0   497     0
   239     1     3     1     6     8     2     4     1     1     1     0     0     2     1     1   647     0
   240     1     3     1     6     8     2     4     0     0     1     1     0     1     1     1   440     0
   241     2     5     0     1     3     5     7     0     1     1     1     1     3     0     1   915     0
   242     2     5     0     1     3     5     7     1     1     1     0     1     1     1     0   555     0
   243     2     7     0     5     7     1     3     0     1     1     1     1     2     1     0   540     0
   244     2     7     0     5     7     1     3     1     0     1     1     1     1     1     1   888     0
   245     1     2     2     4     6     8     2     0     0     1     0     1     3     1     0   526     0
   246     2     5     0     1     3     5     7     0     1     0     1     1     3     0     1   742     0
   247     2     6     2     3     5     7     1     0     1     1     0     1     2     0     0   596     0
   248     1     3     1     6     8     2     4     0     0     0     1     1     3     0     1   465     0
   249     2     5     0     1     3     5     7     1     1     1     0     1     3     1     1   572     0
   250     1     2     2     4     6     8     2     0     1     0     1     1     3     1     0   786     0
   251     2     8     1     7     1     3     5     0     1     1     1     0     3     0     0   482     0
   252     2     6     2     3     5     7     1     0     1     1     1     0     2     0     0   501     0
   253     2     8     1     7     1     3     5     1     0     1     0     1     2     1     1   553     0
   254     1     3     1     6     8     2     4     1     0     1     1     0     3     0     0   461     0
   255     1     2     2     4     6     8     2     0     0     1     0     1     2     1     0   360     0
   256     1     3     1     6     8     2     4     1     1     0     1     1     2     1     1   576     0
   257     1     2     2     4     6     8     2     1     0     0     0     0     2     0     1   552     0
   258     1     4     1     8     2     4     6     0     1     0     1     0     2     1     1   619     0
   259     2     7     0     5     7     1     3     1     0     1     1     0     3     1     1   563     0
   260     2     6     2     3     5     7     1     1     0     0     0     1     2     0     0   413     0
   261     1     1     2     2     4     6     8     0     0     1     1     1     3     1     0   409     0
   262     1     4     1     8     2     4     6     0     1     1     0     0     2     0     1   493     0
   263     1     4     1     8     2     4     6     0     0     0     1     0     1     0     1   619     0
   264     1     4     1     8     2     4     6     1     0     0     0     0     1     1     0   492     0
   265     1     3     1     6     8     2     4     0     0     1     0     1     2     1     0   568     0
   266     2     6     2     3     5     7     1     0     0     0     0     0     3     0     0   429     0
   267     2     7     0     5     7     1     3     0     0     0     0     1     2     0     0   472     0
   268     2     8     1     7     1     3     5     0     0     0     0     0     2     0     0   460     0
   269     2     5     0     1     3     5     7     0     0     1     1     1     2     0     0   592     0
   270     2     5     0     1     3     5     7     0     0     0     1     1     1     0     0   506     0
   271     2     6     2     3     5     7     1     1     0     0     1     0     2     1     0   530     0
   272     2     5     0     1     3     5     7     0     0     1     1     0     2     1     0   601     0
   273     1     4     1     8     2     4     6     0     0     1     0     0     3     0     0   360     0
   274     1     4     1     8     2     4     6     0     1     1     0     1     1     0     1   558     0
   275     1     2     2     4     6     8     2     1     1     1     1     1     2     1     0   624     0
   276     1     2     2     4     6     8     2     1     0     0     1     1     1     0     1   432     0
   277     1     3     1     6     8     2     4     1     1     1     0     1     2     0     1   669     0
   278     1     3     1     6     8     2     4     0     1     0     1     1     1     1     0   516     0
   279     1     1     2     2     4     6     8     0     1     0     0     1     2     0     0   501     0
   280     1     1     2     2     4     6     8     0     0     1     0     1     1     0     1   567     0
   281     2     7     0     5     7     1     3     1     0     0     0     1     3     1     0   599     0
   282     2     8     1     7     1     3     5     0     1     1     1     0     2     1     1   474     0
   283     1     4     1     8     2     4     6     1     1     0     0     1     3     1     0   600     0
   284     1     4     1     8     2     4     6     1     0     0     1     1     1     0     1   421     0
   285     2     8     1     7     1     3     5     0     1     1     1     1     3     1     1   490     0
   286     2     8     1     7     1     3     5     1     0     1     0     0     1     1     1   458     0
   287     2     6     2     3     5     7     1     0     0     0     1     0     2     1     0   584     0
   288     2     6     2     3     5     7     1     1     0     1     0     0     1     1     0   404     0
   289     2     7     0     5     7     1     3     1     0     0     1     0     2     0     0   506     0
   290     2     7     0     5     7     1     3     1     0     1     0     0     1     0     0   458     0
   291     1     3     1     6     8     2     4     1     0     1     0     0     3     0     0   395     0
   292     1     3     1     6     8     2     4     1     1     1     1     0     1     0     1   376     1
   293     1     2     2     4     6     8     2     1     1     0     0     0     2     0     0   552     0
   294     1     3     1     6     8     2     4     0     0     1     0     1     2     1     1   503     0
   295     1     2     2     4     6     8     2     1     1     0     1     1     2     1     1   612     0
   296     2     5     0     1     3     5     7     1     1     0     1     0     3     0     0   557     0
   297     2     8     1     7     1     3     5     1     0     0     1     1     2     0     1   460     0
   298     2     6     2     3     5     7     1     1     0     0     1     1     2     0     0   442     0
   299     2     6     2     3     5     7     1     0     1     0     0     1     1     1     1   576     0
   300     2     6     2     3     5     7     1     0     1     1     1     0     1     0     0   578     0
   301     1     1     2     2     4     6     8     1     1     0     1     1     3     1     0   444     0
   302     2     6     2     3     5     7     1     1     1     1     1     0     3     0     0   465     0
   303     2     5     0     1     3     5     7     0     1     0     0     1     2     1     0   750     1
   304     2     8     1     7     1     3     5     0     1     0     0     0     2     0     0   461     1
   305     1     2     2     4     6     8     2     0     0     0     0     1     3     0     1   613     0
   306     1     2     2     4     6     8     2     0     0     1     0     0     1     0     0   497     0
   307     1     2     2     4     6     8     2     0     0     0     1     0     1     0     0   450     0
   308     1     2     2     4     6     8     2     1     1     1     0     0     1     1     1   643     0
   309     1     1     2     2     4     6     8     1     0     1     1     1     2     0     1   722     0
   310     1     1     2     2     4     6     8     0     0     0     1     1     1     1     0   744     0
   311     2     8     1     7     1     3     5     0     1     0     1     1     3     0     1   438     0
   312     2     8     1     7     1     3     5     1     1     1     0     1     1     1     0   547     0
   313     2     6     2     3     5     7     1     1     1     0     0     1     2     0     0   463     0
   314     2     5     0     1     3     5     7     1     1     0     0     0     2     0     0   655     0
   315     1     1     2     2     4     6     8     0     0     1     1     1     3     1     1   628     0
   316     1     1     2     2     4     6     8     0     0     0     0     1     1     0     0   490     0
   317     2     7     0     5     7     1     3     0     1     0     1     0     3     0     1   642     0
   318     2     5     0     1     3     5     7     0     1     0     0     1     2     0     0   537     0
   319     1     3     1     6     8     2     4     0     0     0     1     0     3     0     1   544     0
   320     1     1     2     2     4     6     8     0     0     0     1     1     2     0     0   515     0
   321     2     6     2     3     5     7     1     1     0     0     1     0     3     1     0   599     0
   322     2     6     2     3     5     7     1     1     0     0     1     0     1     0     0   491     0
   323     2     8     1     7     1     3     5     0     1     0     1     1     2     1     1   789     0
   324     2     8     1     7     1     3     5     0     0     1     1     0     1     0     1   490     1
   325     1     4     1     8     2     4     6     0     0     1     0     1     3     0     0   528     0
   326     1     4     1     8     2     4     6     1     1     0     1     1     1     1     1   514     1
   327     2     6     2     3     5     7     1     0     0     0     0     0     3     1     1   368     0
   328     2     5     0     1     3     5     7     1     1     0     1     0     2     1     1   840     0
   329     1     1     2     2     4     6     8     0     1     1     1     1     3     1     0   451     0
   330     1     1     2     2     4     6     8     1     1     1     0     0     1     1     0   712     0
   331     1     2     2     4     6     8     2     0     1     1     1     0     2     1     0   579     0
   332     1     2     2     4     6     8     2     1     0     0     0     1     1     1     1   653     0
   333     2     6     2     3     5     7     1     0     1     0     1     0     3     1     1   432     0
   334     2     6     2     3     5     7     1     1     1     1     1     0     1     1     0   402     0
   335     2     8     1     7     1     3     5     1     0     1     0     0     2     0     1   495     0
   336     2     8     1     7     1     3     5     1     1     0     1     1     1     0     1   408     0
   337     2     5     0     1     3     5     7     1     1     0     1     1     2     0     0   608     0
   338     2     5     0     1     3     5     7     1     1     0     1     0     1     0     0   499     0
   339     1     2     2     4     6     8     2     1     0     1     1     0     3     0     1   440     0
   340     1     2     2     4     6     8     2     1     1     1     1     0     1     0     1   458     0
   341     2     7     0     5     7     1     3     1     1     0     0     0     3     0     0   495     0
   342     2     7     0     5     7     1     3     0     0     1     0     1     1     1     1   618     0
   343     1     1     2     2     4     6     8     0     0     1     0     1     3     0     0   592     0
   344     2     8     1     7     1     3     5     0     0     0     1     0     3     0     0   478     0
   345     1     2     2     4     6     8     2     0     0     1     1     0     3     0     0   518     0
   346     2     7     0     5     7     1     3     1     0     0     0     1     3     1     0   614     0
   347     1     2     2     4     6     8     2     0     0     1     1     0     3     1     0   470     0
   348     1     2     2     4     6     8     2     1     1     1     0     0     1     1     1   516     0
   349     2     8     1     7     1     3     5     0     0     1     0     0     3     1     1   470     0
   350     2     8     1     7     1     3     5     0     0     1     0     0     1     0     0   413     0
   351     2     7     0     5     7     1     3     0     1     0     0     1     2     0     1   590     0
   352     2     7     0     5     7     1     3     0     1     1     0     0     1     0     0   503     0
   353     2     8     1     7     1     3     5     0     0     0     1     0     2     0     1   424     0
   354     2     8     1     7     1     3     5     1     0     1     0     1     1     1     0   690     0
   355     2     5     0     1     3     5     7     0     0     0     0     1     2     1     0   827     1
   356     2     5     0     1     3     5     7     0     0     0     1     1     1     0     0   529     0
   357     2     6     2     3     5     7     1     0     1     0     1     1     2     0     1   561     0
   358     2     7     0     5     7     1     3     1     0     1     0     0     2     1     1   626     0
   359     2     5     0     1     3     5     7     0     0     0     0     1     2     1     0   507     0
   360     2     5     0     1     3     5     7     1     1     0     0     0     1     1     1   471     0
   361     2     6     2     3     5     7     1     0     1     1     0     0     2     1     0   540     0
   362     2     6     2     3     5     7     1     0     1     0     1     1     1     0     0   333     0
   363     1     2     2     4     6     8     2     1     1     0     0     0     3     1     0   600     0
   364     1     4     1     8     2     4     6     1     0     0     1     0     2     0     1   554     0
   365     2     8     1     7     1     3     5     0     1     1     1     1     3     1     1   521     0
   366     2     8     1     7     1     3     5     1     0     1     0     1     1     1     1   509     0
   367     1     4     1     8     2     4     6     1     1     1     0     1     3     0     1   470     0
   368     1     4     1     8     2     4     6     0     1     0     0     0     1     1     0   536     0
   369     2     5     0     1     3     5     7     0     1     1     0     1     3     0     0   437     0
   370     2     5     0     1     3     5     7     1     1     1     0     1     1     1     0   473     0
   371     1     4     1     8     2     4     6     1     1     1     0     0     3     0     0   446     0
   372     2     7     0     5     7     1     3     1     1     0     1     1     3     0     0   554     0
   373     2     5     0     1     3     5     7     0     0     0     0     1     2     1     1   494     1
   374     2     5     0     1     3     5     7     1     1     0     0     0     1     1     1   532     0
   375     2     8     1     7     1     3     5     0     1     0     0     0     2     1     0   536     0
   376     2     8     1     7     1     3     5     1     0     0     1     1     1     1     1   616     0
   377     1     4     1     8     2     4     6     1     1     1     0     1     3     0     1   436     0
   378     1     4     1     8     2     4     6     0     0     1     1     0     1     1     1   532     0
   379     2     8     1     7     1     3     5     1     1     1     0     1     3     1     1   454     0
   380     1     1     2     2     4     6     8     0     0     0     1     1     3     1     1   577     0
   381     1     4     1     8     2     4     6     1     1     0     0     1     2     1     1   430     0
   382     2     5     0     1     3     5     7     1     1     1     1     0     3     0     0   499     0
   383     1     4     1     8     2     4     6     1     0     1     0     1     3     0     1   575     0
   384     1     4     1     8     2     4     6     0     0     0     0     0     1     1     0   633     0
   385     1     1     2     2     4     6     8     1     0     0     0     1     2     1     0   534     0
   386     1     1     2     2     4     6     8     1     0     1     0     1     1     0     0   404     0
   387     2     6     2     3     5     7     1     0     1     0     0     1     3     1     1   517     0
   388     2     6     2     3     5     7     1     0     0     1     1     1     1     0     1   460     0
   389     1     4     1     8     2     4     6     0     0     1     0     1     3     0     0   529     0
   390     1     1     2     2     4     6     8     1     0     0     0     0     2     1     0   468     0
   391     1     2     2     4     6     8     2     0     1     1     1     1     2     1     1   592     0
   392     1     2     2     4     6     8     2     1     0     1     1     1     1     1     1   494     0
   393     2     5     0     1     3     5     7     0     0     1     1     0     3     1     0   566     0
   394     2     5     0     1     3     5     7     0     0     1     1     1     1     0     0   517     0
   395     1     1     2     2     4     6     8     1     0     1     0     0     3     1     0   475     0
   396     1     1     2     2     4     6     8     1     0     1     0     1     1     0     0   454     0
   397     1     3     1     6     8     2     4     1     1     0     0     1     2     0     1   591     0
   398     1     3     1     6     8     2     4     1     0     0     0     0     1     0     1   509     0
   399     1     4     1     8     2     4     6     0     1     1     1     0     2     1     1   630     0
   400     1     4     1     8     2     4     6     1     0     1     0     1     1     1     1   565     0
   401     2     7     0     5     7     1     3     0     0     1     0     0     3     1     0   517     0
   402     2     8     1     7     1     3     5     0     0     0     0     0     2     0     0   513     0
   403     2     7     0     5     7     1     3     0     1     0     0     1     2     0     1   424     0
   404     2     5     0     1     3     5     7     0     1     0     1     1     2     0     0   544     0
   405     1     4     1     8     2     4     6     0     1     0     1     1     3     0     0   472     0
   406     1     3     1     6     8     2     4     0     0     1     0     1     2     0     1   491     0
   407     1     2     2     4     6     8     2     0     0     1     0     0     2     0     0   380     0
   408     2     7     0     5     7     1     3     1     0     1     0     0     3     1     0   524     0
   409     1     3     1     6     8     2     4     0     1     0     1     1     3     1     1   457     1
   410     1     2     2     4     6     8     2     1     1     1     1     1     2     1     0   472     0
   411     2     6     2     3     5     7     1     0     1     0     0     0     3     1     0   464     0
   412     2     6     2     3     5     7     1     1     1     1     1     0     1     1     0   698     0
   413     1     3     1     6     8     2     4     1     0     1     0     0     3     0     1   546     0
   414     1     3     1     6     8     2     4     1     1     0     1     1     1     0     1   455     0
   415     2     8     1     7     1     3     5     1     1     0     1     0     3     0     0   413     0
   416     2     8     1     7     1     3     5     1     1     1     1     1     1     0     0   390     0
   417     1     2     2     4     6     8     2     1     1     0     0     1     3     0     0   425     0
   418     1     2     2     4     6     8     2     1     0     0     1     0     1     0     1   419     1
   419     1     2     2     4     6     8     2     0     0     1     1     1     1     1     0   592     1
   420     1     2     2     4     6     8     2     0     1     0     1     1     1     0     1   459     0
   421     1     4     1     8     2     4     6     1     0     1     1     0     2     1     1   561     0
   422     1     4     1     8     2     4     6     0     0     1     1     1     1     1     0   625     0
   423     1     2     2     4     6     8     2     0     1     1     0     1     2     0     1   510     0
   424     1     3     1     6     8     2     4     0     0     1     1     0     2     0     1   500     0
   425     2     6     2     3     5     7     1     1     1     1     1     0     3     1     1   465     0
   426     2     6     2     3     5     7     1     0     1     0     1     0     1     1     0   445     0
   427     1     2     2     4     6     8     2     1     0     0     0     1     3     1     1   437     0
   428     1     1     2     2     4     6     8     0     0     1     1     0     2     1     0   591     0
   429     2     6     2     3     5     7     1     1     1     1     1     1     3     1     1   453     0
   430     2     7     0     5     7     1     3     1     0     1     1     1     2     0     1   652     0
   431     2     6     2     3     5     7     1     1     1     1     1     1     2     0     1   443     0
   432     2     6     2     3     5     7     1     1     0     1     1     0     1     0     1   390     0
   433     1     3     1     6     8     2     4     0     1     0     0     0     3     1     1   718     0
   434     1     3     1     6     8     2     4     0     1     0     0     0     1     0     0   491     0
   435     2     7     0     5     7     1     3     1     0     1     1     1     3     1     1   463     0
   436     2     7     0     5     7     1     3     1     0     1     0     0     1     0     0   463     0
   437     1     1     2     2     4     6     8     0     1     0     0     1     3     1     1   555     0
   438     2     6     2     3     5     7     1     1     1     1     1     1     3     1     0   411     0
   439     2     8     1     7     1     3     5     0     0     1     0     1     2     1     1   482     0
   440     2     8     1     7     1     3     5     1     1     1     0     0     1     1     1   568     0
   441     2     6     2     3     5     7     1     0     0     0     1     1     2     1     1   488     0
   442     2     6     2     3     5     7     1     0     0     0     0     0     1     0     0   491     0
   443     1     1     2     2     4     6     8     1     0     1     0     0     3     1     0   534     0
   444     2     8     1     7     1     3     5     0     1     0     0     0     3     1     1   434     0
   445     1     3     1     6     8     2     4     1     1     0     1     1     3     1     0   355     0
   446     1     2     2     4     6     8     2     1     0     0     1     1     2     0     1   441     0
   447     2     6     2     3     5     7     1     0     1     0     0     0     3     1     1   557     0
   448     2     8     1     7     1     3     5     1     1     1     1     0     2     1     0   448     0
   449     1     3     1     6     8     2     4     1     1     1     1     0     3     0     0   688     0
   450     1     3     1     6     8     2     4     1     0     1     0     0     1     0     1   336     1
   451     2     5     0     1     3     5     7     1     0     0     1     0     3     0     0   638     0
   452     2     5     0     1     3     5     7     1     0     1     0     1     1     0     0   532     0
   453     1     4     1     8     2     4     6     0     0     0     1     0     3     1     0   573     0
   454     1     4     1     8     2     4     6     0     0     1     0     1     1     0     0   715     0
   455     1     1     2     2     4     6     8     0     1     1     1     0     2     0     1   479     0
   456     1     1     2     2     4     6     8     1     0     0     0     1     1     1     1   588     0
   457     2     6     2     3     5     7     1     0     1     0     1     0     3     1     1   497     0
   458     2     6     2     3     5     7     1     1     1     0     0     1     1     1     0   445     0
   459     1     4     1     8     2     4     6     1     0     0     0     1     3     0     1   378     0
   460     1     4     1     8     2     4     6     0     1     1     1     0     1     1     1   730     0
   461     1     3     1     6     8     2     4     1     0     0     0     0     2     1     1   559     0
   462     1     3     1     6     8     2     4     0     0     0     1     1     1     1     0   592     0
   463     2     8     1     7     1     3     5     1     0     0     0     0     3     1     0   397     0
   464     2     8     1     7     1     3     5     0     0     0     1     1     1     1     0   501     0
   465     2     5     0     1     3     5     7     0     1     1     0     0     2     0     1   534     0
   466     1     2     2     4     6     8     2     0     0     1     1     0     3     0     1   568     0
   467     2     6     2     3     5     7     1     0     0     0     0     1     3     0     0   373     0
   468     2     6     2     3     5     7     1     1     0     0     0     1     1     1     0   470     0
   469     1     2     2     4     6     8     2     0     1     1     0     1     3     1     1   868     0
   470     1     3     1     6     8     2     4     0     1     1     0     1     2     0     0   554     0
   471     1     2     2     4     6     8     2     1     1     1     0     1     2     1     0   395     1
   472     1     2     2     4     6     8     2     1     0     0     0     0     1     0     1   381     0
   473     1     1     2     2     4     6     8     0     1     0     1     0     2     1     1   558     1
   474     1     2     2     4     6     8     2     1     0     1     1     0     2     1     1   465     0
   475     1     1     2     2     4     6     8     1     0     1     1     1     2     0     0   483     0
   476     1     1     2     2     4     6     8     1     1     0     1     0     1     0     1   487     0
   477     2     5     0     1     3     5     7     1     1     1     0     1     3     0     0   435     0
   478     2     5     0     1     3     5     7     1     0     1     1     0     1     0     1   464     0
   479     2     6     2     3     5     7     1     0     1     0     0     1     2     1     1   489     0
   480     1     3     1     6     8     2     4     1     1     1     0     0     3     1     0   595     0
   481     2     8     1     7     1     3     5     0     1     1     1     1     3     1     0   566     0
   482     2     8     1     7     1     3     5     0     0     1     0     0     1     0     1   468     0
   483     2     7     0     5     7     1     3     1     0     0     1     0     2     1     0   553     0
   484     2     7     0     5     7     1     3     0     1     1     1     1     1     1     1   484     0
   485     1     1     2     2     4     6     8     0     1     1     1     1     3     0     0   456     1
   486     1     1     2     2     4     6     8     1     1     1     1     0     1     1     0   450     0
   487     2     5     0     1     3     5     7     1     0     1     0     1     3     0     1   766     0
   488     1     4     1     8     2     4     6     1     0     1     1     0     3     0     0   626     0
   489     2     8     1     7     1     3     5     0     0     0     1     1     3     1     0   540     0
   490     2     8     1     7     1     3     5     1     0     0     1     0     1     1     0   519     1
   491     1     2     2     4     6     8     2     1     0     0     0     1     3     0     0   550     0
   492     1     3     1     6     8     2     4     0     1     0     1     0     2     1     1   642     0
   493     2     6     2     3     5     7     1     0     0     0     0     0     3     0     1   845     0
   494     1     3     1     6     8     2     4     0     1     1     1     0     3     0     1   526     0
   495     1     3     1     6     8     2     4     1     0     1     0     1     1     1     1   528     0
   496     1     3     1     6     8     2     4     1     0     1     0     0     1     0     0   407     0
   497     2     7     0     5     7     1     3     1     0     0     0     0     3     0     0   527     0
   498     2     7     0     5     7     1     3     1     1     0     0     1     1     0     1   523     0
   499     2     7     0     5     7     1     3     1     1     0     1     1     1     0     0   470     0
   500     1     4     1     8     2     4     6     0     1     1     1     1     3     1     0   463     0
   501     2     5     0     1     3     5     7     0     1     1     1     0     3     0     0   493     0
   502     2     8     1     7     1     3     5     0     1     1     0     0     2     0     0   434     0
   503     2     7     0     5     7     1     3     1     0     1     0     0     2     1     1   646     0
   504     2     8     1     7     1     3     5     1     0     0     0     0     2     0     0   394     0
   505     2     8     1     7     1     3     5     1     0     0     1     0     1     0     0   385     0
   506     2     5     0     1     3     5     7     1     1     0     0     1     2     0     1   587     0
   507     1     3     1     6     8     2     4     1     1     0     1     0     3     0     0   477     0
   508     1     1     2     2     4     6     8     0     1     0     0     0     2     1     0   484     0
   509     2     8     1     7     1     3     5     1     1     0     0     1     3     1     0   411     0
   510     2     8     1     7     1     3     5     1     1     1     1     0     1     0     0   430     0
   511     1     2     2     4     6     8     2     1     0     0     1     1     3     0     1   350     1
   512     1     2     2     4     6     8     2     1     0     1     0     1     1     0     0   485     0
   513     2     6     2     3     5     7     1     1     1     1     0     1     3     0     1   615     0
   514     2     6     2     3     5     7     1     1     0     0     1     0     1     0     1   477     0
   515     1     1     2     2     4     6     8     0     1     0     1     0     3     1     1   734     0
   516     1     1     2     2     4     6     8     1     1     1     0     0     1     1     0   500     0
   517     2     5     0     1     3     5     7     1     1     1     1     1     3     0     0   509     0
   518     2     8     1     7     1     3     5     0     1     0     1     0     2     1     0   489     0
   519     1     4     1     8     2     4     6     1     0     0     0     0     3     1     1   588     0
   520     1     2     2     4     6     8     2     0     0     0     0     1     2     1     0   724     0
   521     2     5     0     1     3     5     7     0     0     1     1     1     3     0     0   775     0
   522     2     5     0     1     3     5     7     0     1     0     1     1     1     0     1   483     0
   523     2     5     0     1     3     5     7     1     1     1     1     1     1     1     0   489     0
   524     1     2     2     4     6     8     2     1     0     1     1     1     3     0     1   509     0
   525     2     5     0     1     3     5     7     0     1     1     0     1     3     1     1   469     0
   526     2     7     0     5     7     1     3     0     0     1     1     0     2     0     1   593     1
   527     2     8     1     7     1     3     5     0     1     1     0     0     2     0     1   506     0
   528     2     8     1     7     1     3     5     1     1     0     0     1     1     1     0   530     0
   529     2     7     0     5     7     1     3     1     0     0     1     1     2     0     1   732     0
   530     1     4     1     8     2     4     6     0     0     0     1     0     3     1     0   644     0
   531     1     3     1     6     8     2     4     1     1     1     0     1     2     1     1   405     0
   532     1     3     1     6     8     2     4     0     1     0     0     1     1     1     0   638     0
   533     2     7     0     5     7     1     3     0     1     0     1     0     3     0     0   496     0
   534     2     7     0     5     7     1     3     1     1     0     0     1     1     1     0   475     0
   535     2     8     1     7     1     3     5     0     0     0     0     1     2     1     1   529     0
   536     2     8     1     7     1     3     5     0     0     1     0     1     1     0     0   474     0
   537     1     2     2     4     6     8     2     0     1     0     0     0     3     0     1   359     0
   538     1     2     2     4     6     8     2     1     0     1     0     1     1     1     1   433     1
   539     2     7     0     5     7     1     3     1     1     1     1     1     3     0     1   522     0
   540     1     2     2     4     6     8     2     1     0     0     0     1     3     0     1   461     0
   541     1     2     2     4     6     8     2     0     1     0     1     0     1     1     1   466     0
   542     1     2     2     4     6     8     2     0     1     0     0     1     1     0     0   468     0
   543     2     7     0     5     7     1     3     0     0     1     1     0     3     0     1   479     0
   544     2     6     2     3     5     7     1     0     1     1     0     0     2     0     1   475     0
   545     1     4     1     8     2     4     6     1     1     1     0     0     3     1     0   513     0
   546     1     4     1     8     2     4     6     0     0     1     1     0     1     1     1   585     0
   547     2     7     0     5     7     1     3     1     1     1     0     0     3     1     1   481     0
   548     2     7     0     5     7     1     3     1     1     1     0     1     1     0     0   475     0
   549     2     7     0     5     7     1     3     0     0     0     0     0     1     1     1   460     0
   550     1     2     2     4     6     8     2     1     0     0     0     1     3     1     0   457     0
   551     2     6     2     3     5     7     1     0     0     1     1     0     3     1     0   401     0
   552     2     6     2     3     5     7     1     0     1     0     1     1     1     0     1   375     0
   553     1     3     1     6     8     2     4     0     1     0     0     0     3     0     0   497     0
   554     1     1     2     2     4     6     8     0     0     1     1     1     2     0     1   459     1
   555     1     3     1     6     8     2     4     1     0     0     0     0     2     1     0   557     0
   556     1     3     1     6     8     2     4     1     1     0     0     0     1     0     1   357     1
   557     1     1     2     2     4     6     8     0     0     0     0     0     2     1     1   638     0
   558     1     1     2     2     4     6     8     1     0     1     0     0     1     1     0   679     0
   559     2     8     1     7     1     3     5     0     0     1     0     0     3     1     0   617     0
   560     2     5     0     1     3     5     7     0     1     1     0     0     2     0     1   506     0
   561     2     8     1     7     1     3     5     0     1     0     0     1     2     0     0   632     0
   562     2     8     1     7     1     3     5     1     1     1     1     0     1     1     0   483     0
   563     1     1     2     2     4     6     8     1     0     0     1     1     3     0     1   653     0
   564     1     2     2     4     6     8     2     0     0     0     1     1     2     1     0   539     0
   565     2     8     1     7     1     3     5     0     1     0     1     1     3     0     1   443     0
   566     1     1     2     2     4     6     8     1     1     1     1     1     3     1     0   550     0
   567     2     8     1     7     1     3     5     0     1     0     0     0     3     1     0   442     0
   568     2     8     1     7     1     3     5     1     1     0     0     1     1     1     0   436     0
   569     1     1     2     2     4     6     8     0     1     0     1     0     3     1     0   521     0
   570     1     3     1     6     8     2     4     0     1     0     0     1     2     0     0   422     0
   571     2     8     1     7     1     3     5     0     1     1     0     1     3     0     0   540     0
   572     2     7     0     5     7     1     3     0     0     0     0     0     2     0     1   728     0
   573     2     5     0     1     3     5     7     0     1     1     1     1     2     0     1   398     0
   574     1     4     1     8     2     4     6     0     0     1     1     1     3     0     1   587     0
   575     1     3     1     6     8     2     4     0     1     0     0     1     2     0     1   485     0
   576     1     3     1     6     8     2     4     1     1     1     1     0     1     1     0   418     0
   577     1     3     1     6     8     2     4     1     0     0     0     1     1     0     1   646     0
   578     1     3     1     6     8     2     4     1     0     1     0     1     1     0     0   526     0
   579     1     2     2     4     6     8     2     0     0     1     0     1     2     1     0   496     0
   580     1     1     2     2     4     6     8     1     0     1     1     0     2     1     0   589     0
   581     2     6     2     3     5     7     1     1     0     0     1     1     3     0     0   454     0
   582     2     6     2     3     5     7     1     0     0     1     1     1     1     1     0   472     0
   583     2     8     1     7     1     3     5     0     1     1     0     1     2     0     1   414     0
   584     2     5     0     1     3     5     7     1     0     0     0     0     2     1     1   666     0
   585     2     8     1     7     1     3     5     1     1     0     1     0     2     0     1   453     0
   586     2     5     0     1     3     5     7     1     1     0     1     0     2     0     0   483     0
   587     1     1     2     2     4     6     8     0     1     1     0     0     3     1     0   500     0
   588     1     3     1     6     8     2     4     0     1     1     0     1     2     0     0   439     0
   589     2     6     2     3     5     7     1     0     1     0     0     1     3     0     0   497     0
   590     2     6     2     3     5     7     1     0     0     1     0     0     1     0     1   457     0
   591     2     7     0     5     7     1     3     0     0     1     0     1     2     0     0   533     0
   592     2     7     0     5     7     1     3     1     1     0     1     1     1     1     1   634     0
   593     1     4     1     8     2     4     6     1     0     0     0     1     3     0     1   709     0
   594     1     2     2     4     6     8     2     0     0     0     0     0     2     1     0   560     0
   595     1     3     1     6     8     2     4     1     1     0     1     1     2     1     1   398     0
   596     2     8     1     7     1     3     5     1     1     0     1     1     3     0     0   424     0
   597     1     1     2     2     4     6     8     1     0     1     0     0     3     0     1   650     0
   598     2     6     2     3     5     7     1     0     0     0     1     1     3     1     0   475     0
   599     2     6     2     3     5     7     1     1     0     0     0     0     1     1     0   476     0
   600     2     6     2     3     5     7     1     1     1     0     0     1     1     0     1   477     0
   601     2     6     2     3     5     7     1     0     0     0     0     1     1     1     1   544     0
   602     2     6     2     3     5     7     1     1     0     0     1     0     1     1     0   450     0
   603     1     1     2     2     4     6     8     0     0     1     1     0     3     1     0   474     0
   604     1     1     2     2     4     6     8     0     0     0     0     1     1     0     0   460     0
   605     2     5     0     1     3     5     7     1     1     0     1     1     3     1     1   861     0
   606     2     5     0     1     3     5     7     0     0     1     0     0     1     1     1   581     0
   607     1     2     2     4     6     8     2     1     0     0     1     0     3     1     0   665     0
   608     1     2     2     4     6     8     2     0     0     0     1     1     1     1     0   489     0
   609     1     1     2     2     4     6     8     1     0     1     1     0     2     1     0   693     0
   610     1     1     2     2     4     6     8     0     0     0     0     1     1     1     0   505     0
   611     1     4     1     8     2     4     6     0     0     1     1     1     2     0     0   501     0
   612     1     1     2     2     4     6     8     1     0     0     1     0     2     1     0   446     0
   613     2     8     1     7     1     3     5     1     1     0     1     0     3     0     1   427     0
   614     2     8     1     7     1     3     5     0     0     1     1     0     1     1     1   559     0
   615     2     5     0     1     3     5     7     1     1     1     1     0     2     1     1   553     0
   616     2     5     0     1     3     5     7     1     1     1     1     0     1     0     0   491     0
   617     2     5     0     1     3     5     7     0     1     0     1     0     1     1     0   475     0
   618     2     5     0     1     3     5     7     1     0     0     0     0     1     1     1   568     0
   619     1     4     1     8     2     4     6     0     1     0     1     0     3     1     1   538     0
   620     1     4     1     8     2     4     6     1     0     0     1     0     1     1     1   543     0
   621     1     3     1     6     8     2     4     1     1     1     0     1     2     0     1   448     0
   622     1     4     1     8     2     4     6     1     0     0     0     0     2     0     1   492     0
   623     1     2     2     4     6     8     2     0     1     0     0     1     2     1     1   467     0
   624     2     5     0     1     3     5     7     1     0     0     1     0     3     1     1   639     0
   625     1     3     1     6     8     2     4     1     0     0     1     0     3     0     0   521     0
   626     2     6     2     3     5     7     1     0     0     0     0     1     3     1     0   541     0
   627     2     5     0     1     3     5     7     0     1     1     1     0     2     0     1   453     0
   628     2     7     0     5     7     1     3     0     1     0     1     0     2     0     0   562     0
   629     1     1     2     2     4     6     8     0     0     1     1     0     3     0     1   375     1
   630     1     1     2     2     4     6     8     1     1     1     1     1     1     1     1   439     0
   631     2     5     0     1     3     5     7     1     0     0     0     0     3     0     1   486     1
   632     2     8     1     7     1     3     5     1     1     0     0     0     2     0     1   514     0
   633     1     2     2     4     6     8     2     0     0     0     0     1     3     1     1   714     0
   634     1     1     2     2     4     6     8     1     1     0     0     1     2     1     1   606     0
   635     2     7     0     5     7     1     3     1     1     0     0     0     3     0     0   525     0
   636     1     2     2     4     6     8     2     0     0     0     0     1     3     1     1   828     0
   637     1     4     1     8     2     4     6     1     0     0     0     1     2     1     0   498     0
   638     2     5     0     1     3     5     7     0     1     1     1     0     3     1     1   484     0
   639     1     3     1     6     8     2     4     0     0     0     0     0     3     0     1   634     0
   640     1     3     1     6     8     2     4     0     1     0     1     0     1     0     1   476     0
   641     2     7     0     5     7     1     3     0     1     0     0     0     3     0     0   489     0
   642     2     7     0     5     7     1     3     0     0     1     0     1     1     0     1   489     0
   643     2     7     0     5     7     1     3     1     1     0     0     1     1     1     1   491     0
   644     2     7     0     5     7     1     3     0     1     0     0     1     1     1     0   477     0
   645     2     7     0     5     7     1     3     0     1     1     0     0     1     0     0   451     0
   646     2     8     1     7     1     3     5     1     0     0     1     0     2     1     1   608     0
   647     2     5     0     1     3     5     7     1     1     0     0     1     2     0     1   472     0
   648     1     4     1     8     2     4     6     0     0     1     0     0     3     1     1   712     0
   649     2     8     1     7     1     3     5     0     0     1     0     0     3     0     0   711     0
   650     1     3     1     6     8     2     4     0     1     1     0     0     3     0     1   483     0
   651     1     1     2     2     4     6     8     1     1     0     1     1     2     1     0   521     0
   652     1     1     2     2     4     6     8     1     0     1     1     0     1     0     1   655     0
   653     2     8     1     7     1     3     5     1     0     0     0     1     3     0     0   412     0
   654     1     1     2     2     4     6     8     0     1     1     1     0     3     1     1   400     0
   655     2     7     0     5     7     1     3     0     0     0     0     0     3     0     1   765     0
   656     2     6     2     3     5     7     1     0     1     0     1     0     2     0     1   437     0
   657     1     1     2     2     4     6     8     0     1     1     0     0     3     0     0   467     0
   658     1     2     2     4     6     8     2     0     1     1     0     1     2     0     0   496     0
   659     2     5     0     1     3     5     7     0     0     0     1     0     3     0     1   658     0
   660     2     5     0     1     3     5     7     0     1     0     1     1     1     0     1   393     0
   661     1     1     2     2     4     6     8     0     1     0     1     1     3     0     0   461     0
   662     1     1     2     2     4     6     8     0     0     1     1     1     1     0     1   553     0
   663     1     4     1     8     2     4     6     0     1     1     0     0     2     0     1   432     0
   664     1     4     1     8     2     4     6     1     0     0     0     0     1     1     1   524     0
   665     1     1     2     2     4     6     8     1     0     0     0     1     2     0     0   626     0
   666     1     3     1     6     8     2     4     1     0     1     0     0     2     0     0   521     0
   667     2     8     1     7     1     3     5     0     0     1     0     1     3     1     0   525     0
   668     2     8     1     7     1     3     5     1     1     0     0     1     1     1     1   474     0
   669     1     3     1     6     8     2     4     1     0     1     0     1     3     0     1   472     0
   670     2     6     2     3     5     7     1     0     1     1     1     0     3     1     1   535     0
   671     1     1     2     2     4     6     8     1     1     1     1     0     3     1     0   587     0
   672     1     1     2     2     4     6     8     0     0     1     1     1     1     1     1   453     1
   673     1     2     2     4     6     8     2     1     0     0     1     1     2     1     0   616     0
   674     1     2     2     4     6     8     2     0     1     1     1     1     1     1     1   674     0
   675     1     3     1     6     8     2     4     0     1     1     1     1     2     0     0   616     0
   676     1     3     1     6     8     2     4     1     1     1     0     0     1     1     0   537     0
   677     2     7     0     5     7     1     3     0     0     1     0     1     3     1     1   483     0
   678     2     7     0     5     7     1     3     1     1     0     0     1     1     1     1   599     0
   679     1     3     1     6     8     2     4     0     0     1     0     1     3     1     1   471     0
   680     1     4     1     8     2     4     6     1     0     0     1     1     2     1     0   586     0
   681     2     5     0     1     3     5     7     0     0     1     0     0     3     1     0   510     0
   682     2     7     0     5     7     1     3     0     0     0     0     0     2     0     0   418     1
   683     1     4     1     8     2     4     6     0     1     1     0     0     3     0     1   720     0
   684     1     4     1     8     2     4     6     1     0     0     0     0     1     1     1   581     0
   685     2     5     0     1     3     5     7     1     0     0     0     0     3     0     0   511     0
   686     2     5     0     1     3     5     7     1     0     1     0     1     1     0     0   543     0
   687     2     5     0     1     3     5     7     0     0     1     1     0     1     1     0   566     0
   688     2     6     2     3     5     7     1     0     1     0     1     0     2     0     1   619     0
   689     1     3     1     6     8     2     4     0     1     0     0     0     3     0     0   508     0
   690     1     1     2     2     4     6     8     1     1     1     1     0     2     1     0   589     0
   691     2     6     2     3     5     7     1     1     1     1     1     0     3     0     0   485     0
   692     1     1     2     2     4     6     8     1     1     1     1     0     3     0     0   454     0
   693     2     5     0     1     3     5     7     1     0     1     0     1     3     0     1   572     0
   694     2     5     0     1     3     5     7     1     0     1     1     0     1     0     0   500     0
   695     1     3     1     6     8     2     4     1     0     0     0     0     3     0     0   500     0
   696     1     3     1     6     8     2     4     1     1     0     0     0     1     0     1   559     0
   697     1     4     1     8     2     4     6     1     0     1     0     0     2     0     1   538     0
   698     1     4     1     8     2     4     6     0     1     1     0     1     1     1     1   773     0
   699     2     6     2     3     5     7     1     1     1     1     1     1     3     1     0   471     0
   700     2     7     0     5     7     1     3     1     0     0     0     1     2     0     1   474     0
   701     2     8     1     7     1     3     5     1     1     1     0     0     2     0     1   485     0
   702     2     8     1     7     1     3     5     1     1     1     0     1     1     0     0   447     0
   703     1     1     2     2     4     6     8     0     0     0     1     0     3     1     1   638     0
   704     1     1     2     2     4     6     8     0     0     0     1     1     1     0     0   571     0
   705     2     6     2     3     5     7     1     1     0     1     1     0     3     1     0   487     0
   706     2     7     0     5     7     1     3     0     1     0     1     1     2     1     1  1063     0
   707     2     8     1     7     1     3     5     1     1     1     0     0     2     1     0   483     0
   708     2     7     0     5     7     1     3     0     0     1     1     0     2     1     1   972     0
   709     2     5     0     1     3     5     7     1     0     1     0     1     2     1     0   672     0
   710     2     6     2     3     5     7     1     1     0     1     0     0     2     0     0   507     0
   711     1     2     2     4     6     8     2     1     0     0     1     0     3     0     0   456     0
   712     1     2     2     4     6     8     2     1     0     0     0     1     1     0     0   356     0
   713     1     1     2     2     4     6     8     1     1     0     1     0     2     0     1   468     0
   714     2     6     2     3     5     7     1     1     1     1     0     0     3     0     0   471     0
   715     2     6     2     3     5     7     1     1     0     0     0     0     1     0     1   420     0
   716     2     6     2     3     5     7     1     0     0     1     0     0     1     1     0   477     0
   717     1     4     1     8     2     4     6     0     0     0     0     1     3     0     0   530     0
   718     1     1     2     2     4     6     8     0     1     0     0     0     2     0     1   407     1
   719     1     3     1     6     8     2     4     0     1     0     0     1     2     0     0   507     0
   720     1     4     1     8     2     4     6     1     1     0     1     1     2     1     0   517     0
   721     2     8     1     7     1     3     5     0     0     1     1     0     3     1     1   540     0
   722     2     6     2     3     5     7     1     1     0     1     0     0     2     1     0   557     0
   723     2     8     1     7     1     3     5     1     1     1     0     1     2     0     1   430     0
   724     2     5     0     1     3     5     7     1     0     1     0     0     2     0     1   826     0
   725     2     7     0     5     7     1     3     0     1     0     0     1     2     1     1   927     0
   726     2     7     0     5     7     1     3     1     1     0     0     0     1     1     0   535     0
   727     1     3     1     6     8     2     4     0     0     0     0     0     3     1     1   657     0
   728     2     6     2     3     5     7     1     0     1     1     0     1     3     0     1   525     0
   729     1     1     2     2     4     6     8     1     0     1     0     0     3     1     1   728     0
   730     1     1     2     2     4     6     8     1     1     0     0     0     1     0     1   693     0
   731     1     1     2     2     4     6     8     0     1     0     1     1     1     1     0   466     0
   732     1     1     2     2     4     6     8     0     0     0     1     0     1     0     1   455     0
   733     1     4     1     8     2     4     6     0     0     1     1     1     2     0     0   593     0
   734     1     4     1     8     2     4     6     1     1     0     1     0     1     1     1   506     0
   735     1     1     2     2     4     6     8     1     0     0     1     0     2     0     1   516     0
   736     1     1     2     2     4     6     8     0     1     0     1     1     1     1     1   401     0
   737     1     3     1     6     8     2     4     1     1     1     0     0     2     1     0   521     0
   738     1     3     1     6     8     2     4     0     0     0     1     0     1     1     1   611     0
   739     1     3     1     6     8     2     4     0     0     1     0     0     1     0     0   401     0
   740     2     8     1     7     1     3     5     0     1     1     0     1     3     0     1   479     0
   741     1     4     1     8     2     4     6     0     1     1     1     0     3     0     0   494     0
   742     1     4     1     8     2     4     6     0     1     1     0     0     1     0     0   427     0
   743     1     4     1     8     2     4     6     0     0     0     0     1     1     0     1   541     0
   744     1     1     2     2     4     6     8     1     0     0     0     0     2     1     0   818     0
   745     1     1     2     2     4     6     8     0     0     1     1     1     1     1     0   552     0
   746     1     2     2     4     6     8     2     1     0     0     1     1     2     1     0   537     0
   747     1     3     1     6     8     2     4     0     1     0     1     1     2     1     1   533     0
   748     1     3     1     6     8     2     4     0     1     1     0     1     1     0     0   387     0
   749     2     8     1     7     1     3     5     1     0     1     0     0     3     1     1   592     0
   750     2     5     0     1     3     5     7     1     1     0     0     1     2     0     1   629     0
   751     1     2     2     4     6     8     2     0     0     0     0     1     3     1     1   514     0
   752     1     4     1     8     2     4     6     0     0     0     1     1     2     0     0   499     0
   753     2     5     0     1     3     5     7     0     0     1     0     1     3     0     0   471     0
   754     2     5     0     1     3     5     7     0     1     0     0     0     1     0     1   521     0
   755     1     4     1     8     2     4     6     0     0     0     0     1     3     0     1   447     1
   756     1     4     1     8     2     4     6     1     1     0     0     0     1     1     1   590     0
   757     2     6     2     3     5     7     1     0     1     1     0     1     3     1     0   529     0
   758     2     7     0     5     7     1     3     1     1     1     1     1     2     1     0   527     0
   759     2     6     2     3     5     7     1     0     1     0     0     0     2     1     0   435     0
   760     2     6     2     3     5     7     1     1     1     0     1     1     1     1     0   374     0
   761     1     2     2     4     6     8     2     1     1     1     1     0     3     0     0   477     0
   762     1     2     2     4     6     8     2     0     0     1     1     1     1     1     1   509     0
   763     1     3     1     6     8     2     4     1     1     1     1     0     2     1     1   466     0
   764     1     3     1     6     8     2     4     1     0     0     0     0     1     0     1   486     0
   765     2     5     0     1     3     5     7     0     1     0     1     1     3     1     1   725     0
   766     2     5     0     1     3     5     7     1     1     1     1     1     1     1     0   442     0
   767     1     2     2     4     6     8     2     0     1     1     1     1     3     1     0   925     0
   768     2     7     0     5     7     1     3     1     0     1     1     1     3     1     1   687     0
   769     2     5     0     1     3     5     7     0     1     1     1     0     2     1     1   430     0
   770     2     5     0     1     3     5     7     0     0     0     1     0     1     0     1   560     0
   771     2     7     0     5     7     1     3     1     1     0     0     1     2     1     1   588     0
   772     2     5     0     1     3     5     7     1     0     0     1     0     2     0     1   620     0
   773     2     5     0     1     3     5     7     1     0     1     1     0     1     0     0   543     0
   774     2     6     2     3     5     7     1     0     0     0     0     0     2     1     0   616     0
   775     2     7     0     5     7     1     3     1     1     0     1     0     2     1     1   623     0
   776     2     7     0     5     7     1     3     1     1     1     1     1     1     0     0   464     0
   777     1     3     1     6     8     2     4     1     1     0     0     0     3     0     0   499     0
   778     1     4     1     8     2     4     6     1     0     1     0     0     2     0     1   502     0
   779     2     6     2     3     5     7     1     1     0     0     1     0     3     0     0   503     0
   780     2     8     1     7     1     3     5     1     1     1     0     0     2     0     1   398     0
   781     1     2     2     4     6     8     2     1     1     1     0     0     3     0     0   421     0
   782     1     2     2     4     6     8     2     0     0     0     1     0     1     1     1   394     1
   783     2     7     0     5     7     1     3     0     0     0     1     0     3     0     0   438     0
   784     2     7     0     5     7     1     3     1     0     1     1     0     1     1     0   448     0
   785     1     4     1     8     2     4     6     1     0     0     1     1     3     0     0   528     0
   786     1     4     1     8     2     4     6     0     1     1     1     1     1     1     1   597     0
   787     1     3     1     6     8     2     4     0     1     1     1     0     2     0     0   624     0
   788     1     3     1     6     8     2     4     0     1     0     0     0     1     0     0   507     0
   789     2     7     0     5     7     1     3     0     1     0     1     0     3     0     0   534     0
   790     2     7     0     5     7     1     3     1     0     0     1     0     1     1     1   485     1
   791     2     5     0     1     3     5     7     1     0     0     1     1     2     0     0   626     0
   792     2     5     0     1     3     5     7     0     0     0     1     0     1     1     0   601     0
   793     1     2     2     4     6     8     2     0     1     1     0     0     3     0     1   630     0
   794     1     2     2     4     6     8     2     1     1     1     1     1     1     1     0   481     0
   795     2     6     2     3     5     7     1     0     1     0     1     0     3     1     0   546     0
   796     1     3     1     6     8     2     4     1     0     0     1     0     3     1     1   611     0
   797     2     8     1     7     1     3     5     0     1     0     1     1     3     1     1   716     0
   798     2     8     1     7     1     3     5     1     1     1     1     0     1     1     0   554     0
   799     1     3     1     6     8     2     4     0     0     0     1     0     3     1     1   895     1
   800     1     3     1     6     8     2     4     0     0     1     1     0     1     0     0   422     0
   801     2     7     0     5     7     1     3     1     0     1     1     1     3     1     0   656     0
   802     2     7     0     5     7     1     3     1     1     1     1     0     1     0     1   654     0
   803     2     6     2     3     5     7     1     0     0     0     1     1     2     1     1   550     1
   804     2     6     2     3     5     7     1     0     0     0     1     0     1     0     0   484     0
   805     1     1     2     2     4     6     8     1     0     1     1     0     3     1     0   710     0
   806     1     1     2     2     4     6     8     1     1     0     1     0     1     0     1   461     0
   807     1     3     1     6     8     2     4     0     1     1     0     0     2     1     0   508     0
   808     2     8     1     7     1     3     5     0     0     0     0     1     3     0     1   547     0
   809     1     2     2     4     6     8     2     1     0     1     0     0     3     1     0   533     0
   810     1     2     2     4     6     8     2     0     1     1     1     1     1     1     1   391     0
   811     1     3     1     6     8     2     4     1     0     1     0     0     2     1     1   620     0
   812     1     4     1     8     2     4     6     0     0     1     1     1     2     1     0   546     0
   813     1     4     1     8     2     4     6     0     1     1     0     1     1     0     1   630     0
   814     1     1     2     2     4     6     8     0     0     1     1     1     2     0     1   558     0
   815     2     5     0     1     3     5     7     0     1     1     1     1     3     0     1   451     0
   816     2     6     2     3     5     7     1     0     0     0     1     1     2     0     1   462     0
   817     2     8     1     7     1     3     5     0     1     0     0     1     2     0     1   444     0
   818     2     6     2     3     5     7     1     1     1     1     1     1     2     1     0   579     0
   819     2     6     2     3     5     7     1     1     0     1     0     0     1     0     1   454     0
   820     2     8     1     7     1     3     5     0     1     0     0     1     2     1     1   541     0
   821     2     8     1     7     1     3     5     1     0     1     1     1     1     1     1   608     0
   822     2     7     0     5     7     1     3     1     0     1     1     1     2     0     0   837     0
   823     2     7     0     5     7     1     3     0     1     1     0     1     1     1     1   584     0
   824     2     8     1     7     1     3     5     0     0     1     0     1     2     0     1   581     0
   825     1     1     2     2     4     6     8     1     1     0     0     1     3     1     1   532     0
   826     1     1     2     2     4     6     8     0     1     0     1     0     1     1     0   471     0
   827     1     3     1     6     8     2     4     0     0     0     1     0     2     0     1   651     0
   828     1     3     1     6     8     2     4     1     1     1     1     1     1     1     1   458     0
   829     2     8     1     7     1     3     5     1     0     0     0     0     3     0     1   548     0
   830     2     8     1     7     1     3     5     1     1     0     0     0     1     0     1   415     0
   831     1     1     2     2     4     6     8     1     0     1     0     1     3     0     1   625     0
   832     1     3     1     6     8     2     4     0     1     0     1     0     2     1     1   450     0
   833     1     3     1     6     8     2     4     0     0     1     0     1     1     0     1   597     0
   834     1     4     1     8     2     4     6     1     0     0     1     0     2     1     0   827     0
   835     1     3     1     6     8     2     4     0     0     0     1     0     2     1     0   560     0
   836     1     3     1     6     8     2     4     0     1     1     1     0     1     0     1   496     0
   837     2     8     1     7     1     3     5     1     0     1     0     1     3     1     1   468     0
   838     1     3     1     6     8     2     4     1     0     1     1     0     3     0     0   513     0
   839     2     5     0     1     3     5     7     1     0     0     0     1     3     0     0   685     0
   840     2     7     0     5     7     1     3     0     0     1     0     1     2     1     0   568     0
   841     2     8     1     7     1     3     5     1     0     0     1     0     2     1     0   426     0
   842     1     1     2     2     4     6     8     0     1     0     1     0     3     1     1   733     0
   843     1     2     2     4     6     8     2     0     0     1     0     1     2     0     1   336     1
   844     1     3     1     6     8     2     4     0     1     1     0     1     2     0     1   467     0
   845     2     6     2     3     5     7     1     1     0     1     0     0     3     1     1   541     0
   846     1     1     2     2     4     6     8     0     0     0     1     1     3     1     0   572     0
   847     1     4     1     8     2     4     6     1     0     1     1     0     2     1     0   818     0
   848     1     4     1     8     2     4     6     0     1     0     0     1     1     1     1   576     0
   849     1     4     1     8     2     4     6     0     1     1     0     0     1     0     0   483     0
   850     1     4     1     8     2     4     6     1     0     0     0     0     1     1     1   588     0
   851     2     8     1     7     1     3     5     1     0     1     1     1     3     0     0   455     1
   852     2     8     1     7     1     3     5     0     1     0     1     0     1     1     1   467     0
   853     1     4     1     8     2     4     6     0     0     0     1     1     3     0     1   450     0
   854     1     2     2     4     6     8     2     0     1     1     1     1     2     0     1   453     0
   855     2     8     1     7     1     3     5     1     1     1     1     1     3     1     0   588     0
   856     2     8     1     7     1     3     5     0     0     1     0     1     1     1     1   612     0
   857     2     5     0     1     3     5     7     0     1     0     1     1     2     0     1   725     0
   858     2     6     2     3     5     7     1     0     0     1     1     0     2     0     1   701     0
   859     1     4     1     8     2     4     6     1     1     1     1     0     3     1     1   611     0
   860     1     1     2     2     4     6     8     1     1     0     0     1     2     0     0   510     0
   861     2     6     2     3     5     7     1     0     0     0     0     1     3     1     1   435     0
   862     2     7     0     5     7     1     3     0     0     0     1     0     2     0     0   695     1
   863     2     8     1     7     1     3     5     0     1     0     0     1     2     0     1   557     0
   864     1     3     1     6     8     2     4     0     0     0     0     0     3     0     1   610     1
   865     1     3     1     6     8     2     4     0     0     1     1     1     1     0     0   759     0
   866     1     3     1     6     8     2     4     0     0     0     1     0     1     0     0   438     0
   867     2     7     0     5     7     1     3     1     0     0     0     1     3     1     0   553     0
   868     2     6     2     3     5     7     1     1     1     1     1     0     2     0     1   601     0
   869     2     7     0     5     7     1     3     1     0     1     0     0     2     0     1   913     0
   870     2     7     0     5     7     1     3     0     1     1     1     1     1     1     1   545     0
   871     1     3     1     6     8     2     4     0     1     0     1     0     3     0     0   534     0
   872     1     3     1     6     8     2     4     0     0     1     1     0     1     0     1   920     0
   873     1     4     1     8     2     4     6     0     1     1     1     0     2     0     1   615     0
   874     1     4     1     8     2     4     6     1     0     0     0     1     1     1     1   722     0
   875     1     1     2     2     4     6     8     0     0     1     0     0     2     1     0   564     0
   876     1     1     2     2     4     6     8     1     1     0     1     1     1     1     1   649     0
   877     2     7     0     5     7     1     3     0     1     1     0     1     3     1     0   612     0
   878     2     7     0     5     7     1     3     0     0     1     0     1     1     0     1   710     0
   879     2     5     0     1     3     5     7     1     0     0     1     0     2     1     0   769     0
   880     2     5     0     1     3     5     7     0     0     0     0     1     1     1     0   663     0
   881     1     3     1     6     8     2     4     0     0     1     1     1     3     0     0   517     0
   882     1     4     1     8     2     4     6     0     0     0     1     0     2     0     0   495     0
   883     2     6     2     3     5     7     1     1     0     0     0     0     3     1     0   647     0
   884     2     7     0     5     7     1     3     1     0     0     1     1     2     0     0   544     0
   885     2     8     1     7     1     3     5     0     1     1     0     1     2     1     1   632     0
   886     2     8     1     7     1     3     5     0     1     1     1     0     1     0     0   496     0
   887     2     6     2     3     5     7     1     1     1     0     0     1     2     1     0   513     0
   888     2     5     0     1     3     5     7     0     1     0     1     1     2     1     0   470     0
   889     2     5     0     1     3     5     7     0     1     0     1     1     1     0     0   455     0
   890     2     5     0     1     3     5     7     0     0     1     1     1     1     0     1   557     0
   891     2     7     0     5     7     1     3     0     0     0     0     0     2     0     0   482     0
   892     2     7     0     5     7     1     3     1     1     1     0     1     1     1     1   452     0
   893     2     7     0     5     7     1     3     0     0     0     1     1     1     1     1   504     1
   894     2     7     0     5     7     1     3     0     1     1     1     1     1     0     1   425     0
   895     1     3     1     6     8     2     4     0     0     0     1     0     3     0     1   400     0
   896     1     3     1     6     8     2     4     0     1     1     0     1     1     0     1   530     0
