     1     1     2     2     4     6     8     2     0     1     0     0     0     1     0     0   695     0
     2     1     2     2     4     6     8     2     1     0     1     1     1     1     1     1   630     0
     3     1     2     2     4     6     8     2     0     1     1     0     0     1     1     1   497     0
     4     2     7     0     5     7     1     3     0     0     0     0     0     3     0     1   512     0
     5     1     3     1     6     8     2     4     1     1     0     0     0     3     1     1   703     0
     6     1     3     1     6     8     2     4     1     0     1     1     1     1     0     1   591     0
     7     2     7     0     5     7     1     3     1     0     1     1     1     3     0     0   538     0
     8     2     7     0     5     7     1     3     0     1     0     0     0     1     1     1   596     0
     9     2     6     2     3     5     7     1     0     1     0     1     1     2     0     0   496     0
    10     2     6     2     3     5     7     1     1     1     1     1     1     1     1     0   542     0
    11     1     4     1     8     2     4     6     0     0     0     1     1     3     1     1   544     0
    12     1     2     2     4     6     8     2     1     1     1     0     0     2     1     1   546     0
    13     1     2     2     4     6     8     2     0     0     1     1     0     1     1     1   487     0
    14     1     2     2     4     6     8     2     1     0     1     0     1     1     1     0   585     0
    15     1     1     2     2     4     6     8     1     0     1     1     0     2     0     0   662     1
    16     2     6     2     3     5     7     1     1     0     1     0     1     3     0     0   406     0
    17     2     7     0     5     7     1     3     1     0     1     0     0     2     0     0   436     0
    18     1     2     2     4     6     8     2     1     0     0     1     0     3     0     0   494     0
    19     1     4     1     8     2     4     6     0     0     0     0     1     2     1     0   744     0
    20     1     4     1     8     2     4     6     0     1     1     0     0     1     0     1   702     0
    21     1     4     1     8     2     4     6     1     0     0     0     0     1     1     1   424     0
    22     1     4     1     8     2     4     6     1     0     0     1     1     1     0     0   464     0
    23     2     6     2     3     5     7     1     0     1     1     1     1     3     1     1   547     0
    24     2     5     0     1     3     5     7     0     0     1     0     1     2     0     1   548     0
    25     1     2     2     4     6     8     2     0     0     0     0     0     3     0     0   502     0
    26     1     4     1     8     2     4     6     0     1     1     1     0     2     0     1   440     0
    27     2     8     1     7     1     3     5     0     0     0     1     1     3     0     1   476     0
    28     2     8     1     7     1     3     5     0     0     0     1     0     1     0     0   409     0
    29     1     2     2     4     6     8     2     0     0     1     1     0     3     0     0   394     0
    30     1     3     1     6     8     2     4     1     0     1     1     1     2     1     0   492     0
    31     1     3     1     6     8     2     4     1     0     1     1     1     1     0     0   462     0
    32     1     1     2     2     4     6     8     0     0     0     0     1     2     1     0   549     0
    33     1     3     1     6     8     2     4     1     1     0     0     1     2     1     1   579     0
    34     1     3     1     6     8     2     4     0     1     1     0     1     1     1     0   501     0
    35     2     6     2     3     5     7     1     0     0     1     0     0     3     0     1   427     0
    36     2     6     2     3     5     7     1     1     1     0     1     1     1     1     1   501     0
    37     1     2     2     4     6     8     2     0     1     0     1     1     3     1     0   483     0
    38     1     3     1     6     8     2     4     1     0     0     0     0     2     1     1   709     0
    39     2     7     0     5     7     1     3     0     0     0     0     0     3     1     0   503     0
    40     1     4     1     8     2     4     6     1     1     1     0     0     3     1     1   595     0
    41     1     4     1     8     2     4     6     0     0     1     1     0     1     1     1   704     0
    42     1     4     1     8     2     4     6     0     0     1     1     1     1     0     0   450     0
    43     1     3     1     6     8     2     4     1     1     0     1     0     2     1     1   537     0
    44     2     8     1     7     1     3     5     1     0     1     1     0     3     0     1   517     0
    45     1     1     2     2     4     6     8     1     1     1     1     0     3     0     1   531     1
    46     1     2     2     4     6     8     2     0     1     1     1     0     2     1     0   667     0
    47     2     6     2     3     5     7     1     1     0     0     0     0     3     1     1   489     1
    48     2     6     2     3     5     7     1     1     0     0     1     1     1     0     0   510     0
    49     2     5     0     1     3     5     7     1     0     1     0     0     2     0     0   622     0
    50     2     5     0     1     3     5     7     0     1     0     0     1     1     1     1   593     0
    51     1     2     2     4     6     8     2     1     1     0     1     0     3     1     0   586     0
    52     2     7     0     5     7     1     3     0     1     1     0     1     3     1     0   494     0
    53     2     7     0     5     7     1     3     1     1     1     0     1     1     1     0   476     0
    54     2     7     0     5     7     1     3     1     0     0     0     0     1     0     1   559     0
    55     1     4     1     8     2     4     6     0     0     0     0     1     3     1     0   936     0
    56     1     4     1     8     2     4     6     1     0     0     0     1     1     1     0   636     0
    57     1     2     2     4     6     8     2     0     1     1     1     1     2     1     1   498     0
    58     1     2     2     4     6     8     2     1     1     0     0     1     1     1     0   475     0
    59     1     1     2     2     4     6     8     1     1     1     1     0     2     0     0   657     0
    60     1     1     2     2     4     6     8     1     1     1     0     1     1     0     0   544     0
    61     1     3     1     6     8     2     4     0     0     0     0     0     2     1     1   588     0
    62     1     1     2     2     4     6     8     0     1     1     0     0     2     0     1   527     0
    63     1     1     2     2     4     6     8     0     1     0     1     1     1     0     0   479     0
    64     1     1     2     2     4     6     8     0     0     0     0     0     1     0     1   594     0
    65     1     1     2     2     4     6     8     1     0     1     0     1     1     1     0   534     0
    66     1     1     2     2     4     6     8     0     1     0     0     0     1     1     1   556     0
    67     2     5     0     1     3     5     7     1     0     0     0     1     3     1     1   579     0
    68     2     5     0     1     3     5     7     1     1     1     0     0     1     0     1   618     0
    69     1     1     2     2     4     6     8     1     1     1     0     0     3     0     0   443     0
    70     1     2     2     4     6     8     2     1     0     0     1     0     2     0     1   428     0
    71     2     7     0     5     7     1     3     1     1     0     0     1     3     0     1   476     1
    72     2     7     0     5     7     1     3     0     0     1     1     1     1     1     1   427     1
    73     1     4     1     8     2     4     6     0     0     0     0     0     3     0     0   567     0
    74     1     4     1     8     2     4     6     1     1     1     0     0     1     1     1   554     0
    75     2     6     2     3     5     7     1     1     1     1     1     0     3     0     0   434     0
    76     1     1     2     2     4     6     8     0     1     1     1     1     3     1     0   518     0
    77     2     8     1     7     1     3     5     0     0     1     0     0     3     0     1   525     0
    78     1     3     1     6     8     2     4     1     1     0     1     1     3     1     1   605     0
    79     2     8     1     7     1     3     5     0     1     0     1     1     3     1     0   470     0
    80     2     5     0     1     3     5     7     0     1     1     1     1     2     0     0   493     0
    81     1     2     2     4     6     8     2     1     1     1     0     0     3     1     0   553     0
    82     1     2     2     4     6     8     2     0     0     1     1     1     1     1     1   687     0
    83     1     2     2     4     6     8     2     0     0     0     0     1     1     0     0   581     0
    84     1     2     2     4     6     8     2     1     1     0     0     1     1     1     1   677     0
    85     2     8     1     7     1     3     5     0     0     0     0     0     3     1     1   498     1
    86     2     8     1     7     1     3     5     0     0     1     1     1     1     0     0   520     0
    87     2     5     0     1     3     5     7     0     0     0     1     0     2     0     0   497     0
    88     2     5     0     1     3     5     7     0     1     0     1     1     1     0     1   459     0
    89     1     2     2     4     6     8     2     0     0     0     1     0     3     0     1   491     0
    90     1     3     1     6     8     2     4     1     1     1     0     1     2     1     1   613     0
    91     2     5     0     1     3     5     7     0     1     1     0     0     3     1     0   465     0
    92     2     5     0     1     3     5     7     1     0     1     0     0     1     1     1   652     0
    93     1     2     2     4     6     8     2     0     0     1     1     0     3     1     0   488     0
    94     1     2     2     4     6     8     2     0     1     1     1     1     1     0     1   441     0
    95     1     1     2     2     4     6     8     0     1     1     0     1     2     0     0   451     0
    96     1     1     2     2     4     6     8     1     0     1     1     0     1     1     1   488     1
    97     1     1     2     2     4     6     8     1     1     0     1     0     1     0     1   408     0
    98     2     6     2     3     5     7     1     0     0     0     1     1     3     1     1   517     0
    99     1     2     2     4     6     8     2     0     0     1     0     1     3     0     0   444     0
   100     1     2     2     4     6     8     2     1     1     1     1     0     1     1     1   567     0
   101     1     4     1     8     2     4     6     0     0     1     0     1     2     1     1   734     0
   102     1     4     1     8     2     4     6     1     0     1     0     0     1     1     0   626     0
   103     2     8     1     7     1     3     5     1     0     0     1     1     3     0     0   520     0
   104     2     5     0     1     3     5     7     1     1     0     0     1     2     0     1   485     0
   105     2     5     0     1     3     5     7     0     1     0     0     1     1     1     0   472     0
   106     2     5     0     1     3     5     7     1     0     0     0     0     1     1     1   509     1
   107     2     6     2     3     5     7     1     0     0     1     0     0     2     1     0   658     0
   108     2     6     2     3     5     7     1     1     0     1     0     1     1     1     0   441     0
   109     1     2     2     4     6     8     2     0     0     0     0     0     3     1     0   468     0
   110     2     7     0     5     7     1     3     1     1     0     1     1     3     1     1   618     0
   111     2     7     0     5     7     1     3     0     0     1     1     1     1     1     1   480     0
   112     2     7     0     5     7     1     3     1     0     1     0     0     1     1     0   484     0
   113     2     7     0     5     7     1     3     1     0     1     1     1     1     0     0   488     0
   114     2     6     2     3     5     7     1     1     1     0     0     0     2     0     1   595     0
   115     2     8     1     7     1     3     5     1     1     1     1     0     2     0     0   547     0
   116     1     3     1     6     8     2     4     1     1     1     1     0     3     0     0   477     0
   117     2     7     0     5     7     1     3     1     1     1     0     0     3     0     0   525     0
   118     2     7     0     5     7     1     3     1     0     1     0     0     1     0     1   532     0
   119     2     7     0     5     7     1     3     0     0     0     0     0     1     1     0   470     0
   120     2     8     1     7     1     3     5     0     1     0     1     0     2     0     1   733     0
   121     1     2     2     4     6     8     2     1     0     0     1     0     3     1     1   493     0
   122     1     3     1     6     8     2     4     1     1     0     0     0     2     0     1   507     0
   123     2     5     0     1     3     5     7     0     0     1     1     1     3     1     1   653     1
   124     1     4     1     8     2     4     6     1     0     0     1     1     3     1     0   676     0
   125     2     8     1     7     1     3     5     0     1     1     0     0     3     1     1   476     0
   126     2     8     1     7     1     3     5     0     1     1     1     1     1     0     0   499     0
   127     1     3     1     6     8     2     4     0     0     0     1     0     3     0     1   593     0
   128     1     3     1     6     8     2     4     1     1     0     0     0     1     1     1   435     0
   129     2     6     2     3     5     7     1     1     1     0     1     1     3     0     0   591     0
   130     2     6     2     3     5     7     1     1     1     1     1     1     1     0     0   431     0
   131     2     5     0     1     3     5     7     1     0     0     1     1     2     0     1   534     0
   132     1     2     2     4     6     8     2     1     1     1     1     1     3     0     1   416     0
   133     2     5     0     1     3     5     7     0     0     0     1     1     3     1     1   583     0
   134     2     5     0     1     3     5     7     1     1     0     0     1     1     1     1   516     0
   135     2     5     0     1     3     5     7     0     1     0     0     1     1     1     0   531     0
   136     2     5     0     1     3     5     7     0     0     1     0     1     1     0     1   562     0
   137     1     3     1     6     8     2     4     1     0     1     1     0     3     1     0   500     0
   138     1     2     2     4     6     8     2     0     1     0     1     1     2     1     1   527     0
   139     1     1     2     2     4     6     8     0     0     0     1     0     2     0     1   562     0
   140     1     1     2     2     4     6     8     0     0     1     1     0     1     0     0   651     0
   141     1     3     1     6     8     2     4     1     0     1     1     0     2     1     0   608     0
   142     1     3     1     6     8     2     4     0     1     0     0     1     1     1     1   664     0
   143     1     3     1     6     8     2     4     1     1     1     0     1     1     1     0   534     0
   144     2     6     2     3     5     7     1     1     0     1     0     0     3     0     1   434     0
   145     1     3     1     6     8     2     4     1     1     0     1     1     3     0     1   543     0
   146     1     3     1     6     8     2     4     0     1     1     0     1     1     1     0   509     0
   147     1     2     2     4     6     8     2     0     0     0     1     0     2     0     1   581     0
   148     1     2     2     4     6     8     2     1     1     1     1     1     1     1     1   502     0
   149     1     1     2     2     4     6     8     1     0     0     0     1     2     0     1   531     0
   150     1     1     2     2     4     6     8     1     1     1     1     0     1     0     1   480     0
   151     2     8     1     7     1     3     5     0     0     1     1     1     3     1     1   530     0
   152     2     8     1     7     1     3     5     1     0     0     1     1     1     1     0   487     0
   153     2     8     1     7     1     3     5     1     0     0     0     0     1     0     0   401     0
   154     2     7     0     5     7     1     3     0     1     1     1     1     2     1     1   574     0
   155     1     3     1     6     8     2     4     1     0     0     0     1     3     1     1   463     0
   156     1     4     1     8     2     4     6     1     1     1     0     0     2     0     1   474     0
   157     2     7     0     5     7     1     3     0     1     1     0     1     3     1     0   750     0
   158     2     6     2     3     5     7     1     0     0     1     1     1     2     0     1   471     0
   159     2     8     1     7     1     3     5     1     0     0     1     1     2     1     0   452     0
   160     2     5     0     1     3     5     7     1     0     1     1     0     2     0     0   550     0
   161     1     4     1     8     2     4     6     1     0     1     0     1     3     0     0   490     0
   162     2     5     0     1     3     5     7     0     1     0     0     0     3     1     1   550     1
   163     2     6     2     3     5     7     1     1     0     1     0     0     2     1     1   500     0
   164     2     6     2     3     5     7     1     1     0     1     0     0     1     0     0   520     0
   165     1     3     1     6     8     2     4     0     0     0     0     1     3     1     0   540     0
   166     2     6     2     3     5     7     1     0     1     1     0     0     3     0     1   401     1
   167     1     1     2     2     4     6     8     1     1     1     0     1     3     1     0   524     0
   168     1     1     2     2     4     6     8     0     1     1     1     0     1     1     0   422     0
   169     2     6     2     3     5     7     1     0     0     1     0     0     3     0     1   491     0
   170     2     5     0     1     3     5     7     1     0     1     1     1     2     1     0   557     0
   171     2     5     0     1     3     5     7     1     1     0     0     0     1     0     1   513     0
   172     2     5     0     1     3     5     7     0     0     1     0     0     1     1     1   602     0
   173     2     8     1     7     1     3     5     0     1     1     0     1     2     0     1   488     0
   174     2     8     1     7     1     3     5     1     0     0     0     1     1     1     1   447     0
   175     2     7     0     5     7     1     3     0     1     0     1     1     2     1     1   517     1
   176     2     7     0     5     7     1     3     0     1     1     0     1     1     0     0   549     0
   177     1     4     1     8     2     4     6     0     1     0     0     1     3     0     0   478     0
   178     1     1     2     2     4     6     8     1     0     1     0     1     2     1     1   589     0
   179     1     3     1     6     8     2     4     0     1     1     0     0     2     1     1   556     0
   180     1     3     1     6     8     2     4     1     0     1     0     0     1     1     1   517     0
   181     1     4     1     8     2     4     6     0     1     0     0     0     2     1     1   498     0
   182     1     1     2     2     4     6     8     1     1     1     1     0     2     1     0   504     0
   183     1     2     2     4     6     8     2     1     1     1     1     0     2     0     0   500     0
   184     1     2     2     4     6     8     2     0     1     1     1     0     1     1     0   521     0
   185     1     4     1     8     2     4     6     1     0     1     0     1     2     1     1   447     0
   186     2     7     0     5     7     1     3     0     1     1     0     0     3     1     1   512     0
   187     2     5     0     1     3     5     7     1     0     0     0     0     2     1     1   503     1
   188     2     8     1     7     1     3     5     1     0     1     1     1     2     0     0   489     0
   189     1     4     1     8     2     4     6     0     1     1     0     0     3     1     1   577     0
   190     2     5     0     1     3     5     7     0     1     1     1     0     3     0     0   787     0
   191     2     5     0     1     3     5     7     1     0     0     1     1     1     1     1   601     0
   192     2     5     0     1     3     5     7     0     0     1     0     0     1     1     0   570     0
   193     2     8     1     7     1     3     5     0     1     1     0     0     2     0     1   461     0
   194     2     8     1     7     1     3     5     1     1     1     1     1     1     1     0   463     0
   195     2     7     0     5     7     1     3     0     0     0     1     0     2     1     1   576     0
   196     2     7     0     5     7     1     3     1     1     0     0     1     1     1     1   509     0
   197     1     4     1     8     2     4     6     1     0     0     1     1     3     0     1   457     0
   198     1     3     1     6     8     2     4     0     0     1     1     1     2     1     0   587     0
   199     2     6     2     3     5     7     1     0     1     0     0     1     3     0     1   506     0
   200     1     3     1     6     8     2     4     1     0     1     1     1     3     1     1   570     0
   201     2     7     0     5     7     1     3     1     0     1     0     0     3     0     0   463     0
   202     1     2     2     4     6     8     2     0     1     1     0     1     3     1     1   580     0
   203     1     1     2     2     4     6     8     1     1     0     0     1     2     1     0   590     0
   204     2     8     1     7     1     3     5     1     0     0     1     0     3     0     1   479     0
   205     2     7     0     5     7     1     3     0     0     0     1     0     2     1     0   609     0
   206     2     7     0     5     7     1     3     0     0     1     1     0     1     0     0   450     0
   207     1     2     2     4     6     8     2     0     0     0     1     0     3     0     0   447     0
   208     1     2     2     4     6     8     2     0     1     0     1     1     1     0     1   504     0
   209     1     2     2     4     6     8     2     1     0     1     0     0     1     1     1   445     0
   210     1     2     2     4     6     8     2     0     1     1     0     1     1     1     1   460     0
   211     1     1     2     2     4     6     8     1     0     0     0     0     2     1     1   592     0
   212     1     1     2     2     4     6     8     0     1     0     1     1     1     1     1   584     1
   213     1     3     1     6     8     2     4     1     1     1     1     1     2     1     0   489     0
   214     1     3     1     6     8     2     4     0     0     0     1     1     1     1     1   598     0
   215     2     7     0     5     7     1     3     1     1     1     0     1     3     1     1   497     0
   216     1     4     1     8     2     4     6     1     1     1     1     1     3     0     0   477     0
   217     2     5     0     1     3     5     7     1     1     0     0     1     3     0     0   453     0
   218     2     6     2     3     5     7     1     1     1     0     1     0     2     0     0   446     0
   219     2     6     2     3     5     7     1     0     1     0     0     1     1     1     0   438     0
   220     2     6     2     3     5     7     1     1     1     1     0     0     1     1     0   383     0
   221     1     2     2     4     6     8     2     0     1     1     0     1     3     1     0   479     0
   222     1     1     2     2     4     6     8     0     1     1     0     1     2     0     0   440     0
   223     1     4     1     8     2     4     6     0     0     1     0     1     2     0     1   755     0
   224     1     3     1     6     8     2     4     1     1     1     1     1     2     1     1   496     0
   225     1     3     1     6     8     2     4     0     0     1     1     1     1     1     1   552     0
   226     1     2     2     4     6     8     2     1     1     1     1     0     2     1     1   662     0
   227     2     6     2     3     5     7     1     0     0     0     0     1     3     1     1   520     0
   228     2     6     2     3     5     7     1     1     0     1     0     0     1     1     0   497     0
   229     1     3     1     6     8     2     4     1     1     0     1     1     3     0     1   579     0
   230     1     3     1     6     8     2     4     0     1     0     1     1     1     1     0   518     0
   231     1     4     1     8     2     4     6     1     1     1     1     1     2     1     0   633     0
   232     1     4     1     8     2     4     6     0     0     0     1     1     1     1     1   610     0
   233     2     8     1     7     1     3     5     0     1     1     1     1     3     0     1   497     0
   234     2     8     1     7     1     3     5     0     1     1     0     1     1     0     0   432     0
   235     2     6     2     3     5     7     1     1     1     0     1     1     2     1     0   517     0
   236     2     6     2     3     5     7     1     1     1     0     0     0     1     0     0   529     0
   237     2     6     2     3     5     7     1     1     0     0     1     1     1     0     1   583     0
   238     2     7     0     5     7     1     3     0     1     1     0     1     2     1     1   585     0
   239     2     5     0     1     3     5     7     0     0     1     1     0     2     0     1   751     0
   240     2     5     0     1     3     5     7     0     1     0     1     1     1     0     1   512     0
   241     1     3     1     6     8     2     4     0     0     0     1     0     3     0     1   499     0
   242     1     4     1     8     2     4     6     1     0     1     1     0     2     1     0   467     0
   243     2     8     1     7     1     3     5     1     1     1     0     0     3     0     1   420     0
   244     1     3     1     6     8     2     4     1     0     1     0     0     3     0     1   416     0
   245     2     8     1     7     1     3     5     1     0     1     1     1     3     0     0   422     0
   246     2     8     1     7     1     3     5     0     1     0     0     0     1     1     1   518     0
   247     1     2     2     4     6     8     2     1     0     0     1     1     3     1     1   564     1
   248     1     2     2     4     6     8     2     1     0     0     0     1     1     0     0   320     0
   249     2     7     0     5     7     1     3     0     1     0     0     0     3     1     1   804     0
   250     2     8     1     7     1     3     5     0     0     0     0     1     2     0     1   618     0
   251     1     4     1     8     2     4     6     0     1     1     1     0     3     0     1   554     0
   252     2     5     0     1     3     5     7     1     1     0     0     0     3     1     0   565     0
   253     1     1     2     2     4     6     8     0     0     0     1     0     3     1     1   625     0
   254     2     6     2     3     5     7     1     0     1     0     1     0     3     0     1   405     0
   255     1     3     1     6     8     2     4     1     0     0     0     0     3     1     1   560     0
   256     1     1     2     2     4     6     8     1     1     0     1     0     2     0     1   512     0
   257     1     3     1     6     8     2     4     1     0     1     1     1     2     0     1   480     0
   258     2     6     2     3     5     7     1     0     0     1     0     1     3     1     0   515     0
   259     1     4     1     8     2     4     6     0     0     1     0     1     3     0     0   571     0
   260     1     4     1     8     2     4     6     1     1     0     1     1     1     1     1   597     0
   261     2     7     0     5     7     1     3     0     0     0     0     0     3     1     1   544     0
   262     2     5     0     1     3     5     7     1     0     0     1     0     2     1     0   597     0
   263     2     7     0     5     7     1     3     1     1     1     0     1     2     0     1   491     0
   264     2     7     0     5     7     1     3     0     1     0     1     0     1     1     0   516     0
   265     2     6     2     3     5     7     1     0     1     0     0     1     2     0     0   504     0
   266     2     8     1     7     1     3     5     0     1     1     1     0     2     0     0   453     0
   267     2     7     0     5     7     1     3     0     1     0     0     0     2     0     0   480     0
   268     2     7     0     5     7     1     3     1     0     0     0     0     1     1     1   564     0
   269     2     8     1     7     1     3     5     1     0     0     0     1     2     0     0   480     0
   270     2     8     1     7     1     3     5     1     0     1     0     1     1     0     0   490     0
   271     1     1     2     2     4     6     8     1     1     1     0     1     3     0     1   466     0
   272     1     1     2     2     4     6     8     1     0     0     0     1     1     0     1   401     0
   273     2     6     2     3     5     7     1     0     1     1     1     0     3     1     1   552     0
   274     2     7     0     5     7     1     3     1     1     0     0     1     2     1     0   486     0
   275     2     5     0     1     3     5     7     1     0     0     1     1     2     0     1   544     0
   276     2     5     0     1     3     5     7     0     0     1     0     1     1     1     0   640     0
   277     2     7     0     5     7     1     3     0     1     1     1     1     2     0     1   581     0
   278     2     6     2     3     5     7     1     0     0     1     0     0     2     0     1   484     0
   279     2     7     0     5     7     1     3     1     0     0     0     0     2     1     0   469     0
   280     2     8     1     7     1     3     5     0     1     1     0     0     2     1     1   647     0
   281     1     4     1     8     2     4     6     1     0     0     0     1     3     1     1   423     0
   282     1     4     1     8     2     4     6     1     1     1     0     1     1     0     1   386     1
   283     1     2     2     4     6     8     2     0     1     1     0     1     2     1     0   503     0
   284     2     7     0     5     7     1     3     0     1     1     1     1     3     0     0   509     0
   285     2     5     0     1     3     5     7     0     1     0     1     0     2     0     0   498     0
   286     2     5     0     1     3     5     7     1     1     0     0     0     1     1     0   522     0
   287     1     1     2     2     4     6     8     0     0     1     0     1     3     1     1   688     0
   288     1     1     2     2     4     6     8     0     1     1     1     1     1     0     1   436     0
   289     1     1     2     2     4     6     8     1     1     1     0     0     1     1     0   466     0
   290     1     1     2     2     4     6     8     0     1     1     0     1     1     1     0   450     0
   291     2     6     2     3     5     7     1     0     0     1     1     0     3     0     1   427     1
   292     2     8     1     7     1     3     5     1     1     1     1     0     2     1     1   447     0
   293     2     5     0     1     3     5     7     1     1     1     1     1     2     0     0   473     0
   294     2     5     0     1     3     5     7     1     1     1     1     1     1     0     0   455     0
   295     2     5     0     1     3     5     7     0     1     0     0     0     1     1     0   500     0
   296     2     8     1     7     1     3     5     1     1     1     1     0     2     1     0   365     0
   297     2     5     0     1     3     5     7     0     1     0     1     0     2     1     0   468     0
   298     1     2     2     4     6     8     2     1     0     1     1     0     3     1     1   536     0
   299     1     1     2     2     4     6     8     1     1     0     1     1     2     0     1   426     0
   300     1     1     2     2     4     6     8     1     1     0     0     1     1     0     0   410     0
   301     1     2     2     4     6     8     2     1     0     0     1     1     2     0     1   468     0
   302     1     4     1     8     2     4     6     0     1     1     0     1     2     1     1   609     0
   303     1     2     2     4     6     8     2     0     1     1     1     0     2     0     0   518     0
   304     1     1     2     2     4     6     8     1     1     0     0     0     2     1     0   798     0
   305     2     6     2     3     5     7     1     0     0     1     0     1     3     1     1   494     0
   306     2     6     2     3     5     7     1     0     1     0     1     1     1     0     1   441     0
   307     2     5     0     1     3     5     7     1     1     1     0     1     2     1     0   498     0
   308     2     7     0     5     7     1     3     0     0     0     1     0     2     1     1   627     0
   309     1     2     2     4     6     8     2     0     1     1     1     1     3     0     1   506     0
   310     1     2     2     4     6     8     2     0     0     1     0     0     1     0     1   400     0
   311     1     1     2     2     4     6     8     1     1     0     1     0     2     1     1   582     0
   312     1     1     2     2     4     6     8     0     1     1     0     1     1     1     0   539     0
   313     1     4     1     8     2     4     6     0     1     1     0     1     2     0     0   487     0
   314     1     1     2     2     4     6     8     1     0     1     0     0     2     1     1   559     0
   315     1     4     1     8     2     4     6     0     1     1     1     1     2     1     1   412     0
   316     1     4     1     8     2     4     6     1     0     1     1     0     1     1     1   498     0
   317     1     3     1     6     8     2     4     0     1     1     0     0     2     1     1   474     0
   318     1     3     1     6     8     2     4     1     1     0     1     0     1     1     0   377     0
   319     2     8     1     7     1     3     5     1     0     0     0     0     3     0     1   560     0
   320     2     7     0     5     7     1     3     1     0     0     0     1     2     0     0   523     0
   321     2     8     1     7     1     3     5     1     0     1     1     1     2     0     0   479     0
   322     2     5     0     1     3     5     7     1     0     1     1     1     2     0     0   506     0
   323     1     4     1     8     2     4     6     0     0     0     0     1     3     1     0   461     0
   324     1     3     1     6     8     2     4     0     1     0     0     1     2     0     1   578     0
   325     2     8     1     7     1     3     5     1     0     0     0     1     3     1     1   417     0
   326     2     8     1     7     1     3     5     1     1     1     0     0     1     0     1   370     1
   327     1     2     2     4     6     8     2     1     1     1     1     1     3     0     0   448     0
   328     2     5     0     1     3     5     7     1     1     0     0     0     3     0     0   472     0
   329     2     8     1     7     1     3     5     1     1     1     0     1     2     0     0   395     0
   330     2     8     1     7     1     3     5     0     0     1     0     0     1     1     1   536     0
   331     1     1     2     2     4     6     8     0     1     1     1     0     3     0     1   644     0
   332     1     2     2     4     6     8     2     0     0     0     1     1     2     0     1   477     1
   333     2     8     1     7     1     3     5     1     1     0     0     1     3     1     1   479     0
   334     2     5     0     1     3     5     7     0     0     0     0     0     2     1     1   738     0
   335     2     7     0     5     7     1     3     0     0     0     1     1     2     0     0   471     0
   336     1     2     2     4     6     8     2     1     1     1     0     1     3     1     1   616     0
   337     1     4     1     8     2     4     6     0     1     0     1     1     2     1     0   536     0
   338     2     5     0     1     3     5     7     0     0     1     1     0     3     0     1   539     0
   339     1     4     1     8     2     4     6     0     0     1     0     0     3     0     0   512     0
   340     1     2     2     4     6     8     2     1     0     1     1     1     2     1     0   626     0
   341     1     4     1     8     2     4     6     0     1     1     0     0     2     1     1   511     0
   342     1     4     1     8     2     4     6     0     1     0     0     0     1     0     0   490     0
   343     2     8     1     7     1     3     5     0     1     0     1     0     3     0     0   456     0
   344     1     1     2     2     4     6     8     1     0     0     0     0     3     1     1   574     0
   345     1     1     2     2     4     6     8     0     1     0     0     0     1     1     1   430     0
   346     1     1     2     2     4     6     8     1     1     0     1     1     1     1     0   566     0
   347     1     3     1     6     8     2     4     0     1     1     1     1     2     1     0   398     0
   348     1     3     1     6     8     2     4     0     0     0     1     0     1     0     1   532     0
   349     1     2     2     4     6     8     2     0     1     1     0     1     2     0     1   502     0
   350     1     1     2     2     4     6     8     1     1     1     0     1     2     1     0   645     0
   351     1     3     1     6     8     2     4     1     1     0     0     1     2     0     0   503     0
   352     1     3     1     6     8     2     4     0     1     0     0     0     1     1     0   487     0
   353     2     7     0     5     7     1     3     1     0     0     0     1     3     1     1   632     0
   354     2     7     0     5     7     1     3     1     1     1     0     0     1     0     1   458     0
   355     1     4     1     8     2     4     6     1     0     1     0     1     3     0     1   523     0
   356     1     4     1     8     2     4     6     0     0     1     1     0     1     1     0   482     0
   357     1     4     1     8     2     4     6     1     0     1     1     1     1     1     0   465     0
   358     1     3     1     6     8     2     4     1     1     0     1     1     2     0     1   458     0
   359     1     2     2     4     6     8     2     0     0     1     0     0     2     1     1   699     0
   360     2     5     0     1     3     5     7     1     0     1     0     0     3     1     0   711     0
   361     1     1     2     2     4     6     8     0     0     0     1     1     3     1     0   556     0
   362     1     3     1     6     8     2     4     1     1     1     0     1     2     1     1   493     0
   363     1     2     2     4     6     8     2     1     1     0     1     1     2     0     0   512     0
   364     1     2     2     4     6     8     2     0     0     1     0     0     1     1     1   442     1
   365     2     7     0     5     7     1     3     1     0     1     1     0     3     1     0   488     0
   366     2     7     0     5     7     1     3     1     0     0     0     1     1     0     0   477     0
   367     1     1     2     2     4     6     8     0     1     1     1     1     3     1     1   670     0
   368     1     1     2     2     4     6     8     1     0     0     0     0     1     1     1   480     0
   369     2     5     0     1     3     5     7     1     1     0     0     1     3     0     1   533     0
   370     1     4     1     8     2     4     6     1     0     0     1     1     3     0     1   481     0
   371     2     7     0     5     7     1     3     0     1     1     1     1     3     1     1   598     0
   372     2     8     1     7     1     3     5     0     1     1     1     0     2     0     0   434     0
   373     1     3     1     6     8     2     4     1     0     0     0     1     3     1     1   470     0
   374     1     3     1     6     8     2     4     1     1     1     0     1     1     0     1   501     0
   375     2     7     0     5     7     1     3     0     1     1     1     0     3     1     0   496     0
   376     2     7     0     5     7     1     3     1     1     0     0     0     1     1     0   520     0
   377     2     5     0     1     3     5     7     0     0     1     0     1     2     1     1   676     0
   378     2     5     0     1     3     5     7     0     1     0     1     0     1     0     1   508     0
   379     1     4     1     8     2     4     6     0     1     0     0     1     3     0     0   478     0
   380     1     4     1     8     2     4     6     0     1     1     1     1     1     0     0   473     0
   381     1     2     2     4     6     8     2     1     0     1     1     1     2     1     1   630     0
   382     1     4     1     8     2     4     6     1     0     1     1     0     2     0     0   547     0
   383     2     7     0     5     7     1     3     1     1     0     1     1     3     0     1   599     0
   384     2     7     0     5     7     1     3     1     0     1     0     0     1     0     1   537     0
   385     2     5     0     1     3     5     7     0     0     1     0     0     2     1     0   430     0
   386     2     5     0     1     3     5     7     1     1     1     1     1     1     1     1   556     0
   387     2     6     2     3     5     7     1     1     1     0     0     0     2     0     0   621     0
   388     2     7     0     5     7     1     3     0     1     1     0     0     2     1     0   524     0
   389     2     8     1     7     1     3     5     0     1     0     0     1     2     0     0   449     0
   390     2     8     1     7     1     3     5     0     0     0     0     1     1     0     1   444     0
   391     2     7     0     5     7     1     3     1     1     0     1     1     2     1     1   640     0
   392     2     7     0     5     7     1     3     0     0     1     1     0     1     1     1   550     0
   393     2     8     1     7     1     3     5     1     0     1     0     0     2     1     0   494     0
   394     2     8     1     7     1     3     5     1     0     0     1     0     1     0     0   429     0
   395     1     4     1     8     2     4     6     1     1     0     1     1     3     0     1   491     0
   396     2     7     0     5     7     1     3     0     0     0     0     0     3     1     1   510     0
   397     2     5     0     1     3     5     7     1     0     1     0     1     2     1     0   455     1
   398     2     5     0     1     3     5     7     0     1     1     0     0     1     1     1   580     0
   399     2     5     0     1     3     5     7     1     0     0     0     0     1     1     1   646     0
   400     2     8     1     7     1     3     5     1     0     0     0     0     2     0     0   445     0
   401     2     7     0     5     7     1     3     0     0     0     1     1     2     1     0   509     0
   402     2     8     1     7     1     3     5     0     0     1     1     1     2     0     0   449     0
   403     1     4     1     8     2     4     6     1     1     0     1     0     3     1     1   527     0
   404     1     2     2     4     6     8     2     1     0     1     1     0     2     0     1   464     0
   405     2     7     0     5     7     1     3     1     1     0     0     0     3     0     1   552     0
   406     2     7     0     5     7     1     3     0     1     0     0     0     1     1     0   491     0
   407     2     7     0     5     7     1     3     0     1     0     1     0     1     0     0   468     0
   408     2     7     0     5     7     1     3     1     1     0     1     1     1     1     0   492     0
   409     1     3     1     6     8     2     4     0     1     0     0     1     3     1     0   577     0
   410     2     8     1     7     1     3     5     1     0     1     0     1     3     1     1   441     0
   411     1     1     2     2     4     6     8     1     1     1     1     1     3     0     1   648     0
   412     1     1     2     2     4     6     8     1     0     0     0     1     1     0     1   578     0
   413     1     3     1     6     8     2     4     0     1     0     1     0     2     1     1   554     0
   414     1     4     1     8     2     4     6     1     1     0     0     0     2     1     0   447     0
   415     2     5     0     1     3     5     7     1     1     0     0     0     3     0     0   476     0
   416     2     5     0     1     3     5     7     0     1     0     0     1     1     1     0   630     0
   417     1     1     2     2     4     6     8     1     1     0     1     0     3     1     0   377     0
   418     1     1     2     2     4     6     8     0     0     0     0     0     1     1     1   827     0
   419     1     2     2     4     6     8     2     0     1     1     1     0     2     0     1   665     0
   420     1     2     2     4     6     8     2     0     0     0     1     1     1     0     1   508     0
   421     2     7     0     5     7     1     3     0     0     1     1     1     3     0     0   401     1
   422     2     7     0     5     7     1     3     0     1     0     0     0     1     0     1   512     0
   423     1     2     2     4     6     8     2     1     0     1     1     1     3     1     1   430     1
   424     1     2     2     4     6     8     2     0     1     1     0     0     1     1     1   499     0
   425     1     2     2     4     6     8     2     0     0     0     0     0     1     0     1   489     0
   426     1     2     2     4     6     8     2     1     1     1     0     0     1     1     1   421     0
   427     1     4     1     8     2     4     6     0     1     1     0     1     2     1     0   557     0
   428     1     4     1     8     2     4     6     0     1     1     0     1     1     0     0   423     0
   429     2     5     0     1     3     5     7     0     0     1     1     0     3     0     1   709     0
   430     2     5     0     1     3     5     7     1     1     1     0     0     1     1     1   452     0
   431     1     2     2     4     6     8     2     1     0     1     0     0     3     0     1   467     1
   432     2     5     0     1     3     5     7     1     0     0     1     0     3     0     0   565     0
   433     2     5     0     1     3     5     7     1     1     0     0     0     1     0     1   454     0
   434     2     5     0     1     3     5     7     0     1     1     1     1     1     1     0   539     0
   435     1     3     1     6     8     2     4     0     0     0     1     1     3     0     1   455     1
   436     1     3     1     6     8     2     4     1     1     0     1     1     1     1     1   647     0
   437     1     4     1     8     2     4     6     1     1     0     0     1     2     0     0   491     0
   438     2     7     0     5     7     1     3     1     1     0     1     0     3     0     0   499     0
   439     1     2     2     4     6     8     2     0     0     1     1     1     3     1     1   666     0
   440     1     3     1     6     8     2     4     1     0     0     1     1     2     1     0   496     0
   441     1     4     1     8     2     4     6     1     0     1     0     0     2     0     0   560     0
   442     1     4     1     8     2     4     6     1     0     1     0     0     1     0     0   387     0
   443     1     3     1     6     8     2     4     1     1     0     0     0     2     0     1   638     0
   444     1     3     1     6     8     2     4     1     0     0     0     1     1     0     1   522     0
   445     2     6     2     3     5     7     1     1     0     0     0     0     3     0     0   499     0
   446     2     5     0     1     3     5     7     0     0     0     1     0     2     1     0   705     1
   447     2     6     2     3     5     7     1     0     1     1     0     0     2     0     1   468     0
   448     2     6     2     3     5     7     1     1     0     1     0     1     1     1     1   728     0
   449     1     3     1     6     8     2     4     1     0     1     0     0     3     0     0   600     0
   450     1     3     1     6     8     2     4     1     0     0     0     1     1     0     0   480     0
   451     2     5     0     1     3     5     7     1     1     0     0     0     3     0     1   535     0
   452     1     2     2     4     6     8     2     1     1     1     0     1     3     0     0   604     0
   453     1     3     1     6     8     2     4     1     0     0     1     0     2     0     1   637     0
   454     1     1     2     2     4     6     8     0     1     0     1     1     2     1     1   587     1
   455     2     6     2     3     5     7     1     0     0     1     0     0     3     0     1   526     0
   456     1     1     2     2     4     6     8     0     0     1     0     0     3     0     0   556     0
   457     2     8     1     7     1     3     5     0     1     0     1     0     3     0     1   537     0
   458     2     8     1     7     1     3     5     0     0     0     0     0     1     0     1   573     0
   459     1     1     2     2     4     6     8     0     1     1     0     1     3     0     1   626     0
   460     1     1     2     2     4     6     8     0     0     0     1     0     1     0     1   538     0
   461     2     5     0     1     3     5     7     1     1     1     1     1     3     1     1   607     0
   462     2     6     2     3     5     7     1     1     1     0     0     0     2     0     0   608     0
   463     1     3     1     6     8     2     4     0     0     1     0     0     3     1     1   477     0
   464     1     3     1     6     8     2     4     1     1     0     0     1     1     1     1   621     0
   465     1     3     1     6     8     2     4     1     1     0     1     1     1     0     0   566     0
   466     1     3     1     6     8     2     4     0     0     0     0     0     1     1     1   592     0
   467     2     6     2     3     5     7     1     1     0     0     1     1     3     1     0   484     0
   468     1     1     2     2     4     6     8     1     1     1     0     1     3     0     1   654     0
   469     2     8     1     7     1     3     5     0     1     0     1     1     3     1     0   476     0
   470     2     7     0     5     7     1     3     0     0     1     1     0     2     0     1   554     0
   471     1     4     1     8     2     4     6     0     1     1     0     0     3     0     1   459     0
   472     1     4     1     8     2     4     6     1     1     1     1     1     1     1     0   494     0
   473     1     4     1     8     2     4     6     1     0     1     1     1     1     0     1   494     0
   474     1     4     1     8     2     4     6     1     1     1     1     0     1     0     1   546     0
   475     1     1     2     2     4     6     8     0     0     0     0     0     2     1     1   803     0
   476     1     3     1     6     8     2     4     0     0     1     1     0     2     0     0   479     0
   477     2     8     1     7     1     3     5     1     0     1     0     0     3     1     0   451     0
   478     2     5     0     1     3     5     7     1     1     1     0     1     2     0     1   624     0
   479     1     4     1     8     2     4     6     1     0     0     0     0     3     0     1   433     0
   480     1     1     2     2     4     6     8     0     1     1     1     0     2     1     1   483     0
   481     1     2     2     4     6     8     2     0     0     0     1     1     2     0     1   422     0
   482     1     2     2     4     6     8     2     0     0     0     0     1     1     0     0   364     0
   483     1     3     1     6     8     2     4     0     0     0     0     0     2     0     0   409     0
   484     1     2     2     4     6     8     2     1     1     0     0     0     2     1     1   476     0
   485     2     6     2     3     5     7     1     0     0     1     0     1     3     1     1   464     0
   486     2     6     2     3     5     7     1     1     1     0     0     0     1     1     1   499     0
   487     1     3     1     6     8     2     4     0     1     0     0     0     3     1     0   518     0
   488     1     4     1     8     2     4     6     0     1     1     1     0     2     0     0   434     0
   489     2     5     0     1     3     5     7     0     1     1     0     0     3     0     0   420     0
   490     2     5     0     1     3     5     7     1     0     0     1     1     1     1     1   447     1
   491     1     4     1     8     2     4     6     0     0     1     0     1     3     1     0   566     0
   492     1     1     2     2     4     6     8     0     1     0     0     0     2     0     1   546     0
   493     2     5     0     1     3     5     7     0     0     1     0     1     3     0     1   509     0
   494     2     5     0     1     3     5     7     0     1     1     0     1     1     0     1   446     0
   495     1     3     1     6     8     2     4     0     0     1     1     0     3     0     1   504     0
   496     1     3     1     6     8     2     4     1     1     1     1     0     1     1     1   575     0
   497     2     7     0     5     7     1     3     1     1     1     0     0     3     0     0   527     0
   498     2     7     0     5     7     1     3     1     0     1     1     1     1     0     1   499     0
   499     2     6     2     3     5     7     1     0     1     0     0     0     2     1     1   470     0
   500     2     6     2     3     5     7     1     0     1     1     1     0     1     0     0   423     0
   501     2     8     1     7     1     3     5     1     1     0     1     1     2     1     0   517     0
   502     2     8     1     7     1     3     5     0     0     0     0     1     1     1     1   506     0
   503     1     2     2     4     6     8     2     1     0     1     0     1     3     1     0   478     1
   504     1     2     2     4     6     8     2     0     1     1     1     1     1     1     1   457     0
   505     1     3     1     6     8     2     4     1     1     1     1     0     2     1     0   521     0
   506     1     3     1     6     8     2     4     1     0     1     1     1     1     0     1   451     0
   507     2     7     0     5     7     1     3     1     0     1     0     1     3     0     0   589     0
   508     2     7     0     5     7     1     3     0     0     1     0     0     1     1     0   468     0
   509     1     3     1     6     8     2     4     1     0     1     0     0     3     1     0   411     0
   510     1     3     1     6     8     2     4     0     0     0     1     0     1     1     0   478     0
   511     1     1     2     2     4     6     8     1     0     1     0     0     2     1     0   526     0
   512     1     4     1     8     2     4     6     1     0     1     1     0     2     0     0   678     0
   513     2     7     0     5     7     1     3     0     1     0     1     0     3     1     1   551     0
   514     2     7     0     5     7     1     3     0     1     0     0     0     1     0     0   525     0
   515     1     4     1     8     2     4     6     0     1     0     0     0     3     0     0   582     0
   516     1     4     1     8     2     4     6     1     1     1     0     0     1     1     0   476     0
   517     1     3     1     6     8     2     4     0     1     0     1     0     2     1     0   445     0
   518     1     3     1     6     8     2     4     0     0     0     0     0     1     0     1   489     0
   519     1     3     1     6     8     2     4     0     1     1     1     0     1     0     1   436     0
   520     1     3     1     6     8     2     4     0     0     0     1     0     1     0     1   484     0
   521     1     2     2     4     6     8     2     0     1     1     0     0     2     0     1   439     0
   522     1     2     2     4     6     8     2     1     0     1     0     1     1     1     1   419     1
   523     2     5     0     1     3     5     7     1     0     0     0     0     3     0     0   480     0
   524     2     5     0     1     3     5     7     0     0     1     1     1     1     1     0   541     0
   525     1     2     2     4     6     8     2     1     0     0     1     1     3     1     0   405     0
   526     1     1     2     2     4     6     8     1     0     1     0     0     2     0     0   537     0
   527     1     4     1     8     2     4     6     0     0     0     0     0     2     1     0   595     0
   528     1     4     1     8     2     4     6     1     1     1     0     1     1     1     1   498     0
   529     1     1     2     2     4     6     8     1     0     1     1     0     2     0     1   420     0
   530     1     1     2     2     4     6     8     1     0     0     1     1     1     0     0   468     0
   531     2     5     0     1     3     5     7     0     1     1     1     1     3     1     1   517     0
   532     2     7     0     5     7     1     3     1     1     0     1     0     2     1     0   518     0
   533     1     2     2     4     6     8     2     0     0     1     1     0     3     1     1   464     1
   534     2     5     0     1     3     5     7     1     1     1     1     0     3     1     1   442     0
   535     2     8     1     7     1     3     5     1     1     1     0     0     2     0     0   473     0
   536     2     6     2     3     5     7     1     0     0     0     1     0     2     1     1   538     0
   537     1     3     1     6     8     2     4     0     0     0     1     0     3     0     0   503     0
   538     1     3     1     6     8     2     4     0     0     1     0     1     1     0     0   505     0
   539     2     8     1     7     1     3     5     1     0     0     0     1     3     1     0   491     0
   540     2     8     1     7     1     3     5     1     1     0     1     0     1     0     1   485     0
   541     1     4     1     8     2     4     6     1     1     1     0     0     3     0     0   458     0
   542     1     4     1     8     2     4     6     1     0     1     0     1     1     0     1   516     1
   543     2     6     2     3     5     7     1     0     1     1     0     1     3     1     1   662     0
   544     2     6     2     3     5     7     1     0     1     1     0     0     1     0     0   451     0
   545     1     3     1     6     8     2     4     1     0     0     0     0     3     1     1   569     0
   546     1     3     1     6     8     2     4     0     0     1     1     1     1     1     0   473     0
   547     1     3     1     6     8     2     4     1     1     0     0     1     1     1     1   529     0
   548     2     8     1     7     1     3     5     1     0     1     1     1     3     0     1   443     0
   549     2     6     2     3     5     7     1     1     0     1     0     0     2     0     0   388     0
   550     2     7     0     5     7     1     3     0     1     0     1     1     2     1     1   745     0
   551     2     5     0     1     3     5     7     1     0     1     0     0     2     1     1   705     0
   552     1     4     1     8     2     4     6     0     1     0     0     1     3     1     1   511     0
   553     2     7     0     5     7     1     3     1     1     1     1     0     3     1     0   513     0
   554     1     4     1     8     2     4     6     1     0     1     0     1     3     0     1   603     0
   555     2     8     1     7     1     3     5     1     0     0     1     0     3     0     0   446     0
   556     2     6     2     3     5     7     1     1     0     0     0     0     2     0     0   397     0
   557     2     6     2     3     5     7     1     0     0     0     0     0     1     1     0   583     0
   558     2     6     2     3     5     7     1     1     1     0     0     0     1     1     1   479     0
   559     1     4     1     8     2     4     6     0     0     0     0     1     3     1     1   496     0
   560     2     7     0     5     7     1     3     1     1     0     0     1     3     1     1   522     1
   561     2     6     2     3     5     7     1     1     1     0     0     1     2     0     0   480     0
   562     2     6     2     3     5     7     1     0     1     1     0     0     1     1     0   507     0
   563     2     6     2     3     5     7     1     0     1     0     1     0     1     0     0   389     0
   564     2     6     2     3     5     7     1     0     0     1     1     1     1     0     1   523     0
   565     2     6     2     3     5     7     1     1     0     1     1     1     1     1     0   419     0
   566     2     7     0     5     7     1     3     0     0     0     1     1     2     1     0   582     1
   567     2     5     0     1     3     5     7     0     0     1     1     1     2     0     0   513     0
   568     2     5     0     1     3     5     7     0     0     0     0     0     1     0     0   500     0
   569     1     1     2     2     4     6     8     0     0     1     0     0     3     0     0   465     0
   570     1     4     1     8     2     4     6     0     1     1     0     0     2     0     1   486     0
   571     1     1     2     2     4     6     8     0     1     0     1     1     2     0     0   428     0
   572     2     6     2     3     5     7     1     1     0     1     1     0     3     1     1   464     0
   573     2     5     0     1     3     5     7     0     0     1     1     0     2     1     0   550     0
   574     2     6     2     3     5     7     1     1     1     1     1     1     2     1     1   539     0
   575     2     6     2     3     5     7     1     1     1     0     0     1     1     0     0   469     0
   576     2     7     0     5     7     1     3     0     0     0     0     0     2     1     1   498     0
   577     1     2     2     4     6     8     2     1     0     0     1     1     3     1     0   421     0
   578     1     2     2     4     6     8     2     1     1     1     1     1     1     0     1   494     0
   579     2     8     1     7     1     3     5     1     0     1     1     1     3     0     1   584     0
   580     2     8     1     7     1     3     5     0     0     1     0     1     1     1     0   461     0
   581     1     4     1     8     2     4     6     0     0     0     0     0     3     0     0   382     0
   582     1     4     1     8     2     4     6     0     0     0     0     1     1     0     0   448     0
   583     1     3     1     6     8     2     4     0     0     0     1     1     2     0     0   462     0
   584     1     3     1     6     8     2     4     0     1     0     0     1     1     0     1   610     0
   585     2     7     0     5     7     1     3     0     0     1     1     1     3     0     1   501     0
   586     2     7     0     5     7     1     3     0     0     0     1     1     1     0     0   451     0
   587     2     5     0     1     3     5     7     1     1     0     0     1     2     1     1  1292     0
   588     2     6     2     3     5     7     1     0     0     0     0     1     2     1     1   495     0
   589     2     8     1     7     1     3     5     1     0     1     0     1     2     1     0   497     0
   590     2     8     1     7     1     3     5     1     1     1     1     0     1     0     1   457     0
   591     2     7     0     5     7     1     3     0     0     1     0     1     2     1     1   565     0
   592     1     2     2     4     6     8     2     0     0     1     1     0     3     0     0   514     0
   593     1     1     2     2     4     6     8     0     1     1     1     0     2     0     1   461     0
   594     1     2     2     4     6     8     2     1     0     0     1     1     2     1     1   600     0
   595     2     6     2     3     5     7     1     1     0     1     1     1     3     0     0   390     0
   596     2     6     2     3     5     7     1     0     0     0     0     1     1     1     0   480     0
   597     2     7     0     5     7     1     3     1     1     1     1     0     2     1     1   506     0
   598     2     5     0     1     3     5     7     0     1     0     0     1     2     1     0   467     0
   599     1     1     2     2     4     6     8     1     1     0     0     0     3     1     0   476     0
   600     1     1     2     2     4     6     8     1     0     1     0     0     1     0     1   445     1
   601     1     2     2     4     6     8     2     0     0     1     0     0     2     1     0   767     0
   602     1     3     1     6     8     2     4     1     1     1     1     1     2     1     1   586     0
   603     2     7     0     5     7     1     3     0     1     1     1     0     3     1     0   506     0
   604     1     4     1     8     2     4     6     1     1     0     0     0     3     1     0   524     0
   605     1     4     1     8     2     4     6     0     0     1     0     1     1     1     1   693     0
   606     1     1     2     2     4     6     8     0     1     0     0     1     2     0     1   613     0
   607     2     6     2     3     5     7     1     0     1     1     1     0     3     0     0   505     0
   608     2     6     2     3     5     7     1     1     1     0     0     1     1     1     0   473     0
   609     1     1     2     2     4     6     8     0     0     0     0     1     3     1     1   845     0
   610     1     3     1     6     8     2     4     0     0     0     1     1     2     0     0   433     0
   611     2     7     0     5     7     1     3     1     1     0     0     0     3     1     1   501     1
   612     2     7     0     5     7     1     3     0     1     1     0     1     1     1     0   429     0
   613     2     6     2     3     5     7     1     0     0     1     1     0     2     0     1   467     0
   614     2     6     2     3     5     7     1     1     1     0     0     0     1     1     1   479     0
   615     1     3     1     6     8     2     4     0     0     1     0     1     3     1     1   489     0
   616     1     4     1     8     2     4     6     0     1     1     0     0     2     0     1   579     0
   617     2     6     2     3     5     7     1     1     0     0     0     0     3     1     1   427     0
   618     2     7     0     5     7     1     3     1     0     0     0     1     2     0     0   480     0
   619     1     2     2     4     6     8     2     0     1     1     0     1     3     1     1   466     0
   620     1     3     1     6     8     2     4     1     0     0     1     0     2     1     1   575     0
   621     1     2     2     4     6     8     2     0     1     0     1     0     2     1     1   520     0
   622     1     2     2     4     6     8     2     0     0     0     0     0     1     0     1   476     1
   623     1     1     2     2     4     6     8     1     1     1     1     0     2     1     1   610     0
   624     1     3     1     6     8     2     4     0     1     1     1     0     2     1     0   503     0
   625     2     6     2     3     5     7     1     1     0     0     1     0     3     1     1   489     0
   626     2     6     2     3     5     7     1     0     0     1     1     0     1     1     0   461     0
   627     2     7     0     5     7     1     3     0     0     1     1     1     2     0     0   461     0
   628     2     8     1     7     1     3     5     1     0     1     1     1     2     1     0   458     0
   629     2     6     2     3     5     7     1     1     0     1     1     1     2     0     0   407     0
   630     2     6     2     3     5     7     1     0     0     1     1     0     1     1     0   480     0
   631     1     2     2     4     6     8     2     0     1     0     0     0     3     0     1   510     0
   632     1     2     2     4     6     8     2     1     1     0     1     0     1     1     0   475     0
   633     1     1     2     2     4     6     8     1     1     1     1     1     2     0     0   610     0
   634     1     1     2     2     4     6     8     0     0     1     0     0     1     1     1   590     0
   635     1     4     1     8     2     4     6     0     0     0     1     0     2     0     0   453     0
   636     1     1     2     2     4     6     8     1     0     0     0     0     2     1     0   484     0
   637     2     6     2     3     5     7     1     0     0     0     1     1     3     1     0   434     0
   638     2     6     2     3     5     7     1     1     1     1     0     0     1     1     1   508     0
   639     2     8     1     7     1     3     5     1     1     1     0     1     2     0     0   634     0
   640     2     8     1     7     1     3     5     0     1     0     1     0     1     1     0   580     0
   641     1     4     1     8     2     4     6     0     1     0     0     1     3     0     0   633     0
   642     1     4     1     8     2     4     6     0     1     1     0     0     1     0     0   561     0
   643     2     5     0     1     3     5     7     1     0     1     0     1     3     1     1   699     0
   644     2     5     0     1     3     5     7     0     0     1     0     0     1     1     0   677     0
   645     1     1     2     2     4     6     8     1     0     1     1     0     3     1     0   579     0
   646     1     1     2     2     4     6     8     1     0     0     1     0     1     0     0   440     0
   647     1     3     1     6     8     2     4     0     0     0     1     0     2     1     0   648     0
   648     1     3     1     6     8     2     4     0     1     1     1     0     1     0     1   552     0
   649     2     7     0     5     7     1     3     1     0     0     0     0     3     1     1   487     0
   650     2     7     0     5     7     1     3     0     0     1     1     0     1     1     0   443     0
   651     1     1     2     2     4     6     8     1     0     1     0     1     3     1     0   417     0
   652     1     1     2     2     4     6     8     1     1     1     1     1     1     0     1   527     0
   653     2     8     1     7     1     3     5     1     0     1     1     1     3     0     1   492     0
   654     2     8     1     7     1     3     5     1     1     1     0     1     1     0     1   528     0
   655     1     1     2     2     4     6     8     0     0     0     1     1     3     1     1   541     0
   656     1     2     2     4     6     8     2     1     0     0     0     1     2     1     0   533     0
   657     1     1     2     2     4     6     8     1     1     0     0     0     2     0     1   467     0
   658     2     8     1     7     1     3     5     0     1     1     0     0     3     1     0   488     0
   659     2     7     0     5     7     1     3     0     0     0     0     0     2     0     1   538     0
   660     2     7     0     5     7     1     3     1     1     1     1     1     1     1     1   481     1
   661     2     5     0     1     3     5     7     0     0     1     1     1     2     1     1   596     0
   662     2     8     1     7     1     3     5     1     0     0     1     0     2     1     0   489     0
   663     2     5     0     1     3     5     7     1     0     1     0     0     2     0     0   576     0
   664     2     5     0     1     3     5     7     1     0     0     1     0     1     0     0   476     0
   665     2     5     0     1     3     5     7     1     1     0     0     0     1     0     1   546     0
   666     2     7     0     5     7     1     3     0     1     1     0     0     2     1     0   553     0
   667     1     1     2     2     4     6     8     0     1     0     1     1     3     0     0   549     0
   668     1     2     2     4     6     8     2     1     0     0     0     0     2     1     1   546     0
   669     2     7     0     5     7     1     3     1     0     1     0     0     3     0     0   448     0
   670     2     5     0     1     3     5     7     1     0     0     0     1     2     0     0   439     0
   671     1     2     2     4     6     8     2     1     0     0     0     0     3     0     0   427     0
   672     1     4     1     8     2     4     6     0     1     0     1     1     2     1     1   749     0
   673     2     6     2     3     5     7     1     1     0     0     1     0     3     1     1   552     0
   674     1     1     2     2     4     6     8     0     0     0     0     0     3     1     0   562     0
   675     2     5     0     1     3     5     7     0     0     1     0     1     3     0     0   664     1
   676     2     7     0     5     7     1     3     0     0     0     1     0     2     0     0   504     0
   677     1     4     1     8     2     4     6     1     1     1     0     1     3     1     1   571     0
   678     1     4     1     8     2     4     6     1     0     1     0     0     1     0     1   583     0
   679     1     4     1     8     2     4     6     1     1     0     1     1     1     0     1   567     0
   680     1     4     1     8     2     4     6     0     1     0     1     1     1     1     0   530     0
   681     1     3     1     6     8     2     4     1     1     1     0     1     2     1     0   446     0
   682     1     4     1     8     2     4     6     0     1     0     1     1     2     1     0   498     0
   683     1     3     1     6     8     2     4     0     1     1     1     0     2     0     0   481     0
   684     1     3     1     6     8     2     4     0     0     0     1     0     1     0     1   501     0
   685     1     3     1     6     8     2     4     0     0     0     1     1     1     0     0   495     0
   686     1     3     1     6     8     2     4     1     1     0     1     1     1     1     1   591     0
   687     2     6     2     3     5     7     1     1     1     0     1     0     3     0     0   526     0
   688     2     8     1     7     1     3     5     1     0     0     1     1     2     0     1   427     0
   689     2     8     1     7     1     3     5     0     0     1     0     0     1     1     0   564     0
   690     2     8     1     7     1     3     5     0     1     1     1     1     1     0     1   733     0
   691     2     7     0     5     7     1     3     0     0     1     0     0     2     0     1   605     1
   692     2     7     0     5     7     1     3     1     1     1     1     0     1     1     1   509     0
   693     1     2     2     4     6     8     2     0     1     0     1     1     3     1     0   564     0
   694     1     2     2     4     6     8     2     0     1     1     0     0     1     0     0   467     0
   695     2     6     2     3     5     7     1     1     0     1     1     0     3     1     1   436     0
   696     2     8     1     7     1     3     5     1     0     1     1     0     2     0     0   479     0
   697     2     5     0     1     3     5     7     0     1     1     0     1     2     1     1   650     0
   698     2     6     2     3     5     7     1     1     1     0     0     1     2     1     0   477     0
   699     1     2     2     4     6     8     2     0     1     1     0     1     3     1     0   583     0
   700     1     2     2     4     6     8     2     1     0     0     0     0     1     1     1   602     0
   701     1     3     1     6     8     2     4     1     1     0     0     0     2     0     1   485     1
   702     1     2     2     4     6     8     2     1     0     1     1     1     2     0     1   454     0
   703     2     6     2     3     5     7     1     0     1     1     0     1     3     1     1   502     0
   704     2     6     2     3     5     7     1     1     0     1     0     0     1     1     1   474     0
   705     2     8     1     7     1     3     5     1     0     1     1     0     2     0     0   487     0
   706     2     8     1     7     1     3     5     0     1     0     0     0     1     1     1   559     0
   707     1     2     2     4     6     8     2     0     1     0     1     0     3     0     0   483     0
   708     1     3     1     6     8     2     4     0     0     0     0     0     2     0     1   588     0
   709     2     5     0     1     3     5     7     1     0     1     1     1     3     1     0   640     0
   710     2     5     0     1     3     5     7     0     0     1     0     0     1     1     0   675     0
   711     2     8     1     7     1     3     5     0     0     0     1     0     2     0     0   432     0
   712     2     5     0     1     3     5     7     1     1     0     0     1     2     1     1   396     1
   713     1     4     1     8     2     4     6     1     0     0     1     1     3     0     1   499     0
   714     1     4     1     8     2     4     6     0     0     1     1     0     1     1     0   535     0
   715     2     6     2     3     5     7     1     0     1     0     1     1     3     0     1   516     0
   716     2     6     2     3     5     7     1     0     1     0     1     1     1     0     0   373     0
   717     2     5     0     1     3     5     7     1     0     0     1     1     2     1     1   634     0
   718     2     5     0     1     3     5     7     0     0     1     1     1     1     1     0   495     0
   719     1     3     1     6     8     2     4     0     1     1     0     0     3     0     1   556     0
   720     1     3     1     6     8     2     4     0     0     0     1     0     1     0     1   677     0
   721     1     1     2     2     4     6     8     1     1     1     1     0     2     1     1   596     0
   722     1     1     2     2     4     6     8     1     0     1     0     0     1     0     1   389     0
   723     1     1     2     2     4     6     8     1     0     1     1     0     1     0     0   526     0
   724     1     2     2     4     6     8     2     0     1     0     1     0     2     1     1   506     0
   725     1     4     1     8     2     4     6     0     1     0     1     1     2     0     0   543     0
   726     1     4     1     8     2     4     6     0     1     1     0     1     1     0     0   471     0
   727     2     7     0     5     7     1     3     0     0     1     1     0     3     0     1   697     0
   728     2     8     1     7     1     3     5     0     1     0     0     0     2     0     1   485     0
   729     2     7     0     5     7     1     3     0     1     0     1     0     2     0     0   528     0
   730     2     7     0     5     7     1     3     1     0     0     0     0     1     1     1   837     0
   731     2     5     0     1     3     5     7     0     0     0     1     1     2     1     0   634     0
   732     2     5     0     1     3     5     7     1     1     0     0     0     1     1     1   543     0
   733     2     8     1     7     1     3     5     1     1     1     1     0     2     0     0   529     0
   734     2     7     0     5     7     1     3     0     1     1     1     1     2     1     0   658     0
   735     2     5     0     1     3     5     7     0     0     1     0     1     2     0     1   588     0
   736     2     5     0     1     3     5     7     1     0     0     0     0     1     1     0   593     0
   737     1     2     2     4     6     8     2     1     1     0     0     0     3     0     1   569     0
   738     1     2     2     4     6     8     2     1     0     0     1     0     1     0     1   571     0
   739     1     3     1     6     8     2     4     1     0     1     0     0     2     0     0   433     0
   740     2     6     2     3     5     7     1     0     0     0     1     0     3     1     0   583     0
   741     2     8     1     7     1     3     5     1     0     1     0     0     2     1     0   574     0
   742     1     1     2     2     4     6     8     1     1     0     1     1     3     0     1   483     0
   743     1     4     1     8     2     4     6     0     1     0     0     1     2     1     0   741     0
   744     1     4     1     8     2     4     6     1     0     1     1     0     1     1     1   570     0
   745     2     7     0     5     7     1     3     0     0     1     1     1     3     1     0   504     0
   746     2     6     2     3     5     7     1     1     1     1     1     1     2     1     1   465     0
   747     2     6     2     3     5     7     1     1     0     0     1     1     1     0     1   461     0
   748     2     7     0     5     7     1     3     1     0     1     0     0     2     0     0   483     0
   749     2     8     1     7     1     3     5     0     1     0     0     1     2     1     1   608     0
   750     2     5     0     1     3     5     7     1     0     0     1     1     2     1     1   573     0
   751     1     4     1     8     2     4     6     0     0     1     1     1     3     1     0   634     0
   752     1     4     1     8     2     4     6     0     1     0     0     0     1     0     1   571     0
   753     1     4     1     8     2     4     6     1     1     1     1     0     1     1     0   527     0
   754     1     4     1     8     2     4     6     0     1     0     0     0     1     1     0   529     0
   755     2     7     0     5     7     1     3     0     0     0     0     0     3     0     1   591     0
   756     2     7     0     5     7     1     3     1     1     1     1     0     1     1     1   591     0
   757     1     2     2     4     6     8     2     1     1     1     0     0     3     0     0   441     0
   758     1     2     2     4     6     8     2     1     1     0     0     0     1     0     0   463     0
   759     1     3     1     6     8     2     4     1     0     1     1     0     2     0     1   459     0
   760     1     4     1     8     2     4     6     0     1     1     0     1     2     1     1   574     0
   761     2     5     0     1     3     5     7     0     1     1     0     1     3     0     0   549     0
   762     1     4     1     8     2     4     6     1     0     1     0     0     3     1     1   541     0
   763     1     1     2     2     4     6     8     1     1     0     1     0     2     0     1   514     0
   764     2     8     1     7     1     3     5     1     1     1     1     1     3     0     0   438     0
   765     2     6     2     3     5     7     1     0     1     0     0     1     2     1     0   557     0
   766     2     6     2     3     5     7     1     1     0     0     0     1     1     1     1   546     0
   767     1     3     1     6     8     2     4     0     1     0     0     1     3     1     1   669     0
   768     2     8     1     7     1     3     5     1     1     0     0     0     3     1     0   503     0
   769     2     6     2     3     5     7     1     0     0     1     0     1     2     1     1   493     0
   770     2     6     2     3     5     7     1     0     1     0     1     1     1     0     1   456     0
   771     1     1     2     2     4     6     8     0     0     1     0     1     3     0     1   580     0
   772     1     1     2     2     4     6     8     0     1     1     0     0     1     0     1   492     0
   773     2     6     2     3     5     7     1     1     0     0     0     0     3     1     1   535     0
   774     2     6     2     3     5     7     1     1     0     0     1     1     1     0     0   440     0
   775     2     8     1     7     1     3     5     1     0     0     1     1     2     0     0   567     0
   776     2     8     1     7     1     3     5     0     0     0     0     0     1     1     0   496     0
   777     1     1     2     2     4     6     8     0     0     1     1     0     3     0     0   635     0
   778     2     8     1     7     1     3     5     0     0     1     0     1     3     0     0   406     0
   779     1     1     2     2     4     6     8     1     1     0     1     1     3     1     1   503     0
   780     1     4     1     8     2     4     6     1     0     0     0     0     2     0     1   526     0
   781     2     8     1     7     1     3     5     1     0     0     0     0     3     0     0   485     0
   782     2     8     1     7     1     3     5     1     0     0     0     0     1     0     0   418     0
   783     1     4     1     8     2     4     6     1     0     0     1     1     3     0     0   391     0
   784     1     2     2     4     6     8     2     1     1     1     0     1     2     0     1   552     0
   785     2     8     1     7     1     3     5     0     1     1     1     0     3     1     0   744     0
   786     2     8     1     7     1     3     5     1     1     0     1     1     1     1     0   533     0
   787     2     5     0     1     3     5     7     1     0     1     0     0     2     0     1   696     0
   788     2     6     2     3     5     7     1     1     0     0     1     0     2     0     0   547     0
   789     1     2     2     4     6     8     2     1     1     0     0     1     3     0     1   462     0
   790     1     2     2     4     6     8     2     0     0     0     1     0     1     1     1   566     0
   791     2     8     1     7     1     3     5     0     0     0     1     1     3     0     0   531     0
   792     2     8     1     7     1     3     5     1     1     0     1     0     1     1     1   457     0
   793     2     6     2     3     5     7     1     0     0     1     1     1     2     1     1   526     0
   794     2     6     2     3     5     7     1     1     1     1     1     0     1     1     1   481     0
   795     2     5     0     1     3     5     7     0     0     1     1     0     2     1     1   658     0
   796     1     2     2     4     6     8     2     1     0     0     1     1     3     1     0   611     0
   797     2     8     1     7     1     3     5     0     1     0     1     0     3     1     1   500     0
   798     2     8     1     7     1     3     5     1     1     1     1     0     1     1     0   418     0
   799     1     1     2     2     4     6     8     0     0     0     1     0     3     1     1   495     0
   800     1     1     2     2     4     6     8     1     0     0     1     0     1     1     0   407     0
   801     1     2     2     4     6     8     2     1     1     0     0     1     2     0     1   472     0
   802     1     2     2     4     6     8     2     0     0     1     1     1     1     1     1   606     0
   803     2     5     0     1     3     5     7     1     1     0     1     1     3     1     1   654     0
   804     2     6     2     3     5     7     1     1     0     0     0     0     2     0     1   429     0
   805     2     6     2     3     5     7     1     1     1     0     0     0     1     0     1   566     0
   806     2     6     2     3     5     7     1     1     0     1     1     1     1     0     1   485     0
   807     2     6     2     3     5     7     1     1     1     1     0     0     1     0     1   396     0
   808     1     3     1     6     8     2     4     0     1     1     1     0     3     1     0   595     0
   809     2     7     0     5     7     1     3     0     1     0     1     0     3     0     0   557     0
   810     2     5     0     1     3     5     7     0     0     1     1     0     2     0     1   655     0
   811     2     8     1     7     1     3     5     1     0     1     1     0     2     1     0   492     0
   812     1     1     2     2     4     6     8     1     0     0     1     1     3     0     0   514     0
   813     2     7     0     5     7     1     3     0     1     0     0     1     3     1     1   582     0
   814     2     7     0     5     7     1     3     1     0     1     1     1     1     1     1   534     0
   815     1     1     2     2     4     6     8     1     1     0     1     1     3     0     1   555     0
   816     1     1     2     2     4     6     8     0     0     1     1     0     1     1     1   655     0
   817     2     8     1     7     1     3     5     1     1     1     0     0     3     1     1   452     0
   818     2     8     1     7     1     3     5     1     0     1     0     0     1     0     1   419     0
   819     1     3     1     6     8     2     4     0     0     1     0     1     3     1     0   510     0
   820     1     3     1     6     8     2     4     0     1     0     0     1     1     0     1   477     0
   821     1     3     1     6     8     2     4     0     0     1     1     0     1     0     1   512     0
   822     1     3     1     6     8     2     4     1     0     1     0     1     1     1     0   469     0
   823     2     8     1     7     1     3     5     1     0     1     1     0     3     0     0   440     0
   824     2     6     2     3     5     7     1     1     0     0     1     1     2     0     0   469     0
   825     1     2     2     4     6     8     2     0     1     0     0     0     3     1     1   564     0
   826     1     2     2     4     6     8     2     0     0     0     0     1     1     0     1   511     0
   827     1     1     2     2     4     6     8     1     1     0     1     1     2     1     1   619     1
   828     1     2     2     4     6     8     2     0     0     1     0     1     2     1     1   529     0
   829     1     1     2     2     4     6     8     1     1     0     1     1     2     1     1   660     1
   830     1     1     2     2     4     6     8     0     0     0     1     0     1     1     1   614     0
   831     2     6     2     3     5     7     1     0     1     1     1     1     3     0     1   473     0
   832     2     6     2     3     5     7     1     0     0     0     1     1     1     0     1   410     0
   833     2     7     0     5     7     1     3     0     0     0     1     1     2     0     0   525     0
   834     2     7     0     5     7     1     3     0     1     0     0     1     1     0     1   499     0
   835     2     6     2     3     5     7     1     0     0     1     0     1     2     0     1   424     0
   836     2     5     0     1     3     5     7     0     1     0     1     0     2     0     1   528     0
   837     2     7     0     5     7     1     3     0     0     1     0     0     2     0     1   516     0
   838     2     7     0     5     7     1     3     0     0     1     0     1     1     0     0   433     0
   839     1     1     2     2     4     6     8     0     0     1     1     0     3     0     0   485     0
   840     1     4     1     8     2     4     6     1     0     1     1     0     2     1     0   608     1
   841     2     5     0     1     3     5     7     1     1     0     1     0     3     0     1   497     0
   842     2     6     2     3     5     7     1     0     1     1     0     1     2     1     0   453     0
   843     2     6     2     3     5     7     1     1     1     1     0     1     1     1     0   424     0
   844     1     3     1     6     8     2     4     1     1     0     0     1     3     0     0   548     0
   845     2     8     1     7     1     3     5     0     1     1     0     0     3     1     0   485     0
   846     1     3     1     6     8     2     4     0     0     0     0     0     3     0     1   500     0
   847     1     1     2     2     4     6     8     0     0     1     0     1     2     0     0   530     0
   848     1     1     2     2     4     6     8     1     1     0     0     1     1     1     1   560     0
   849     2     7     0     5     7     1     3     0     1     0     0     1     3     1     0   531     0
   850     2     8     1     7     1     3     5     0     0     1     0     1     2     0     1   476     0
   851     2     8     1     7     1     3     5     1     1     0     1     0     1     1     1   479     0
   852     2     8     1     7     1     3     5     0     0     0     0     1     1     1     1   532     0
   853     1     4     1     8     2     4     6     1     1     0     1     0     3     1     1   554     0
   854     1     4     1     8     2     4     6     0     1     1     0     1     1     1     0   461     0
   855     1     4     1     8     2     4     6     1     1     1     0     1     1     1     0   468     0
   856     1     4     1     8     2     4     6     0     0     0     1     1     1     1     1   548     0
   857     1     2     2     4     6     8     2     0     0     0     1     0     2     0     0   397     0
   858     1     2     2     4     6     8     2     1     1     0     1     0     1     1     1   605     0
   859     2     5     0     1     3     5     7     0     0     1     0     1     3     1     1   587     0
   860     2     5     0     1     3     5     7     1     1     0     1     0     1     1     1   478     0
   861     1     3     1     6     8     2     4     0     1     1     0     0     3     1     0   571     0
   862     1     3     1     6     8     2     4     1     1     0     0     1     1     1     0   535     0
   863     2     7     0     5     7     1     3     1     1     1     1     1     3     0     0   414     0
   864     2     7     0     5     7     1     3     0     1     1     0     1     1     1     0   458     0
   865     2     5     0     1     3     5     7     1     0     1     1     0     2     1     1   624     0
   866     2     5     0     1     3     5     7     1     0     0     0     0     1     0     0   542     0
   867     2     8     1     7     1     3     5     0     1     1     1     0     2     1     1   505     0
   868     2     8     1     7     1     3     5     1     0     0     1     1     1     1     1   617     0
   869     1     1     2     2     4     6     8     0     1     0     0     1     3     1     1   505     0
   870     1     1     2     2     4     6     8     1     1     0     1     1     1     1     0   457     0
   871     1     1     2     2     4     6     8     1     0     0     1     0     1     0     1   502     0
   872     1     1     2     2     4     6     8     1     0     0     0     1     1     0     0   529     0
   873     2     6     2     3     5     7     1     1     1     0     1     1     3     0     1   399     0
   874     2     6     2     3     5     7     1     1     1     0     0     1     1     0     0   418     0
   875     1     3     1     6     8     2     4     1     0     0     1     1     3     0     1   564     0
   876     1     4     1     8     2     4     6     0     0     1     1     0     2     1     0   537     0
   877     2     5     0     1     3     5     7     0     1     1     0     0     3     0     1   372     1
   878     2     5     0     1     3     5     7     1     1     0     1     0     1     1     0   461     0
   879     1     1     2     2     4     6     8     1     1     1     1     0     3     0     0   425     0
   880     1     1     2     2     4     6     8     0     1     1     1     0     1     1     0   567     0
   881     2     8     1     7     1     3     5     1     0     1     0     0     3     1     1   581     0
   882     2     8     1     7     1     3     5     1     1     0     1     1     1     0     1   399     0
   883     2     8     1     7     1     3     5     1     1     1     1     1     1     0     0   399     0
   884     2     8     1     7     1     3     5     0     0     0     1     1     1     1     1   536     0
   885     2     8     1     7     1     3     5     1     1     0     0     0     1     1     1   399     1
   886     2     6     2     3     5     7     1     0     1     1     1     0     2     1     0   431     0
   887     2     8     1     7     1     3     5     0     1     0     1     0     2     0     0   369     0
   888     1     1     2     2     4     6     8     0     0     0     0     0     3     0     1   558     0
   889     1     4     1     8     2     4     6     1     1     0     0     0     2     1     1   607     0
   890     1     4     1     8     2     4     6     1     0     1     1     0     1     0     1   573     0
   891     1     2     2     4     6     8     2     1     1     1     1     0     2     0     1   522     0
   892     1     2     2     4     6     8     2     0     1     0     1     0     1     1     0   500     0
   893     2     6     2     3     5     7     1     0     0     0     0     0     3     0     1   472     0
   894     1     3     1     6     8     2     4     0     1     1     1     0     3     0     1   418     0
   895     1     4     1     8     2     4     6     1     1     0     0     1     2     1     0   648     0
   896     1     1     2     2     4     6     8     0     0     1     0     0     2     1     1   618     0
