     1     1     3     1     6     8     2     4     1     0     1     1     0     0     1     1  1007     0
     2     1     3     1     6     8     2     4     0     0     0     0     0     1     1     0   630     0
     3     2     5     0     1     3     5     7     0     0     1     1     1     3     0     0   681     0
     4     2     6     2     3     5     7     1     0     0     0     0     0     2     0     0   440     0
     5     2     5     0     1     3     5     7     1     1     1     0     0     2     1     1   695     0
     6     2     5     0     1     3     5     7     0     0     1     0     0     1     1     1   695     0
     7     2     7     0     5     7     1     3     1     1     1     1     1     2     1     1   858     0
     8     2     7     0     5     7     1     3     0     0     1     0     0     1     1     1   756     0
     9     1     2     2     4     6     8     2     1     0     1     0     0     3     1     0   608     0
    10     1     3     1     6     8     2     4     0     1     0     1     1     2     1     1   670     0
    11     1     3     1     6     8     2     4     1     0     1     0     0     1     1     1   544     0
    12     1     3     1     6     8     2     4     0     0     0     0     0     1     1     0   442     0
    13     1     3     1     6     8     2     4     1     1     1     0     0     1     1     1   503     0
    14     1     3     1     6     8     2     4     1     1     1     1     0     1     0     0  1129     0
    15     2     5     0     1     3     5     7     0     0     0     1     1     3     1     1   638     0
    16     2     5     0     1     3     5     7     1     1     0     0     1     1     1     1   655     0
    17     1     2     2     4     6     8     2     1     1     0     1     0     3     0     0   692     1
    18     2     7     0     5     7     1     3     1     0     0     1     0     3     0     1  1149     0
    19     1     4     1     8     2     4     6     1     1     1     1     1     3     0     1   952     0
    20     1     4     1     8     2     4     6     0     1     0     1     0     1     1     0  1086     0
    21     1     2     2     4     6     8     2     1     1     0     1     1     2     1     0   672     0
    22     1     2     2     4     6     8     2     0     0     1     1     0     1     1     1   736     0
    23     1     3     1     6     8     2     4     0     0     1     0     1     2     0     0   779     0
    24     1     1     2     2     4     6     8     1     0     1     1     1     2     1     0   940     0
    25     2     5     0     1     3     5     7     0     1     1     1     0     3     1     1   654     0
    26     2     8     1     7     1     3     5     0     1     0     1     0     2     0     0   896     0
    27     1     4     1     8     2     4     6     1     1     0     0     0     3     1     0   692     0
    28     1     2     2     4     6     8     2     0     0     0     0     1     2     1     1   825     0
    29     1     2     2     4     6     8     2     1     1     1     1     0     1     1     1   657     0
    30     1     4     1     8     2     4     6     0     0     1     1     1     2     1     1   828     0
    31     1     4     1     8     2     4     6     1     0     0     0     0     1     1     0   542     0
    32     1     4     1     8     2     4     6     1     0     0     1     1     1     0     0   461     0
    33     2     6     2     3     5     7     1     1     0     1     0     1     3     0     0   763     0
    34     2     6     2     3     5     7     1     0     1     1     1     0     1     1     1   525     0
    35     2     8     1     7     1     3     5     1     0     1     1     0     2     1     1   595     0
    36     2     7     0     5     7     1     3     0     0     1     1     0     2     1     0   717     0
    37     2     5     0     1     3     5     7     0     1     0     0     1     2     0     1   595     0
    38     2     7     0     5     7     1     3     1     1     1     1     0     2     1     0  1109     0
    39     2     5     0     1     3     5     7     1     1     0     0     1     2     0     0   695     0
    40     2     8     1     7     1     3     5     0     0     1     0     1     2     1     1   659     0
    41     2     8     1     7     1     3     5     1     0     0     1     0     1     1     0   432     0
    42     2     8     1     7     1     3     5     0     1     0     0     1     1     1     1   514     0
    43     1     4     1     8     2     4     6     0     1     0     1     0     3     0     0   961     0
    44     1     3     1     6     8     2     4     1     0     0     1     1     2     1     1   757     0
    45     1     2     2     4     6     8     2     0     1     0     0     1     2     1     1   555     0
    46     1     2     2     4     6     8     2     1     1     1     0     1     1     1     0   636     0
    47     1     1     2     2     4     6     8     1     1     1     0     1     2     0     0   585     0
    48     2     8     1     7     1     3     5     0     1     0     1     1     3     1     0   631     0
    49     2     5     0     1     3     5     7     0     1     1     0     1     2     0     0   550     0
    50     2     6     2     3     5     7     1     0     0     1     1     1     2     0     1   609     0
    51     1     2     2     4     6     8     2     0     0     1     1     0     3     0     0   506     0
    52     1     2     2     4     6     8     2     0     1     1     1     1     1     0     1   478     0
    53     1     1     2     2     4     6     8     1     0     1     1     0     2     1     1   580     1
    54     1     4     1     8     2     4     6     0     0     1     1     1     2     1     0   790     0
    55     1     2     2     4     6     8     2     0     1     0     0     0     2     0     1   552     0
    56     1     2     2     4     6     8     2     1     1     0     0     0     1     1     0   884     0
    57     1     3     1     6     8     2     4     1     1     1     1     1     2     0     0   754     0
    58     1     3     1     6     8     2     4     0     1     0     0     0     1     1     0   531     0
    59     1     4     1     8     2     4     6     1     1     1     1     0     2     1     0   657     0
    60     1     4     1     8     2     4     6     1     1     1     0     1     1     0     0   464     0
    61     2     8     1     7     1     3     5     1     0     1     0     1     3     0     1   548     0
    62     1     3     1     6     8     2     4     1     1     0     1     1     3     0     1   711     0
    63     2     6     2     3     5     7     1     1     0     0     0     0     3     0     1   536     0
    64     2     8     1     7     1     3     5     1     0     0     1     0     2     0     0   466     0
    65     2     7     0     5     7     1     3     1     1     1     0     1     2     0     1   478     0
    66     2     7     0     5     7     1     3     1     0     0     0     0     1     0     1   508     0
    67     2     7     0     5     7     1     3     1     1     1     0     0     1     0     1   555     0
    68     1     2     2     4     6     8     2     1     0     0     0     1     3     0     1   538     0
    69     1     1     2     2     4     6     8     1     1     0     1     1     2     0     1   555     0
    70     1     1     2     2     4     6     8     0     1     0     0     1     1     1     0   964     0
    71     2     7     0     5     7     1     3     0     0     0     0     0     3     0     1   588     0
    72     1     4     1     8     2     4     6     0     0     0     1     1     3     0     0   700     0
    73     2     7     0     5     7     1     3     1     1     1     0     0     3     1     1   680     0
    74     2     5     0     1     3     5     7     1     1     1     1     1     2     0     0   594     0
    75     2     7     0     5     7     1     3     0     0     0     1     1     2     1     1   674     0
    76     2     7     0     5     7     1     3     1     1     0     0     1     1     1     1   558     0
    77     2     8     1     7     1     3     5     0     0     0     1     0     2     1     1   453     0
    78     2     8     1     7     1     3     5     0     0     0     0     0     1     0     0   469     0
    79     1     2     2     4     6     8     2     1     1     1     0     0     3     1     1   598     0
    80     2     5     0     1     3     5     7     0     0     1     1     0     3     1     1   637     1
    81     1     2     2     4     6     8     2     0     1     1     1     0     3     0     1   656     0
    82     1     2     2     4     6     8     2     0     0     0     1     1     1     0     1   639     0
    83     1     3     1     6     8     2     4     0     1     1     0     1     2     0     1   509     0
    84     1     3     1     6     8     2     4     1     1     1     0     1     1     1     0   589     0
    85     2     7     0     5     7     1     3     1     1     0     1     0     3     0     0   618     0
    86     2     8     1     7     1     3     5     1     1     0     0     1     2     0     0   633     0
    87     2     5     0     1     3     5     7     1     1     0     0     1     2     0     0   586     0
    88     2     5     0     1     3     5     7     0     1     0     0     0     1     1     0   875     0
    89     2     6     2     3     5     7     1     0     1     1     0     1     2     0     0   627     0
    90     1     3     1     6     8     2     4     1     1     1     0     1     3     1     0   669     0
    91     1     4     1     8     2     4     6     1     1     0     0     0     2     0     0   537     0
    92     1     4     1     8     2     4     6     1     1     1     0     0     1     0     0   380     0
    93     1     1     2     2     4     6     8     0     1     1     1     1     2     1     0   568     0
    94     1     1     2     2     4     6     8     0     0     1     1     1     1     0     1   545     1
    95     2     7     0     5     7     1     3     0     1     0     0     0     3     0     1   746     1
    96     2     7     0     5     7     1     3     0     0     1     0     0     1     0     1   759     0
    97     2     8     1     7     1     3     5     0     1     1     0     1     2     0     1   593     0
    98     2     7     0     5     7     1     3     0     1     1     1     0     2     0     0   861     0
    99     2     7     0     5     7     1     3     0     0     1     1     0     1     0     1   596     0
   100     2     7     0     5     7     1     3     0     0     0     0     1     1     0     0   751     0
   101     2     8     1     7     1     3     5     0     1     0     1     0     2     0     1   582     0
   102     2     8     1     7     1     3     5     0     0     0     1     0     1     0     1   618     0
   103     1     2     2     4     6     8     2     0     0     1     1     0     3     0     0   528     0
   104     1     2     2     4     6     8     2     1     1     1     0     0     1     1     1   637     0
   105     1     1     2     2     4     6     8     1     0     1     0     0     2     0     1   816     0
   106     1     1     2     2     4     6     8     0     0     1     0     0     1     1     0   525     0
   107     2     8     1     7     1     3     5     1     1     1     1     1     3     1     1   571     0
   108     2     8     1     7     1     3     5     0     0     1     1     1     1     1     1   497     0
   109     2     7     0     5     7     1     3     0     1     0     0     0     2     0     1   596     0
   110     2     8     1     7     1     3     5     1     1     1     1     1     2     1     0   602     0
   111     1     1     2     2     4     6     8     1     1     0     0     0     3     0     0   616     0
   112     2     6     2     3     5     7     1     1     1     0     0     0     3     0     0   612     0
   113     2     8     1     7     1     3     5     0     1     1     0     0     2     1     0   784     0
   114     2     5     0     1     3     5     7     0     1     1     1     1     2     0     0   483     0
   115     2     6     2     3     5     7     1     0     0     0     1     0     2     0     1   547     0
   116     2     8     1     7     1     3     5     1     1     0     0     1     2     1     1   717     0
   117     1     4     1     8     2     4     6     0     0     0     0     0     3     1     1   501     0
   118     1     2     2     4     6     8     2     1     0     1     1     0     2     1     0   796     0
   119     1     4     1     8     2     4     6     0     0     1     1     1     2     1     0   742     0
   120     1     4     1     8     2     4     6     0     0     1     0     1     1     0     0   581     0
   121     2     5     0     1     3     5     7     1     0     0     1     0     3     1     0   836     0
   122     1     2     2     4     6     8     2     0     0     0     1     0     3     1     0   731     0
   123     1     3     1     6     8     2     4     0     0     1     1     1     2     0     0   685     0
   124     1     3     1     6     8     2     4     0     0     1     0     0     1     0     0   493     0
   125     1     4     1     8     2     4     6     0     0     1     0     0     2     0     0   516     0
   126     1     4     1     8     2     4     6     0     1     1     1     1     1     0     1   571     0
   127     1     1     2     2     4     6     8     0     1     1     1     0     2     0     0   585     0
   128     1     4     1     8     2     4     6     0     1     0     0     1     2     0     0  1075     0
   129     1     4     1     8     2     4     6     0     1     1     0     1     1     0     0   519     0
   130     1     1     2     2     4     6     8     0     0     0     0     0     2     0     1   535     0
   131     1     1     2     2     4     6     8     1     1     1     0     0     1     1     1   638     0
   132     1     3     1     6     8     2     4     0     0     1     1     0     2     1     1   912     0
   133     1     3     1     6     8     2     4     0     1     1     1     0     1     0     1   647     0
   134     2     8     1     7     1     3     5     1     1     1     0     1     3     1     0   772     0
   135     2     7     0     5     7     1     3     0     0     1     0     0     2     1     1   683     0
   136     2     8     1     7     1     3     5     1     1     1     1     0     2     1     1   874     0
   137     1     4     1     8     2     4     6     1     1     1     1     0     3     0     0   588     0
   138     2     5     0     1     3     5     7     1     1     1     1     0     3     0     0   583     0
   139     2     7     0     5     7     1     3     1     0     1     0     1     2     0     1   610     0
   140     2     7     0     5     7     1     3     1     0     1     1     0     1     0     0   627     0
   141     1     4     1     8     2     4     6     0     0     1     0     1     3     1     0   768     0
   142     1     4     1     8     2     4     6     0     1     0     1     1     1     0     1   816     0
   143     2     8     1     7     1     3     5     0     1     1     0     1     3     0     0   542     0
   144     1     1     2     2     4     6     8     0     0     1     1     0     3     0     1   690     0
   145     2     7     0     5     7     1     3     0     0     1     0     0     3     0     0   575     0
   146     2     7     0     5     7     1     3     1     1     0     0     1     1     1     1   557     0
   147     1     4     1     8     2     4     6     1     1     0     1     0     3     0     0   741     0
   148     1     4     1     8     2     4     6     0     1     1     0     0     1     1     0   534     0
   149     1     3     1     6     8     2     4     0     0     0     0     1     2     0     1   611     0
   150     1     2     2     4     6     8     2     1     1     1     0     0     2     1     1   544     0
   151     1     2     2     4     6     8     2     0     1     1     1     1     1     1     0   466     0
   152     1     2     2     4     6     8     2     0     0     1     1     1     1     0     1   575     0
   153     2     5     0     1     3     5     7     0     0     1     0     0     3     0     0   561     1
   154     1     2     2     4     6     8     2     0     1     1     0     1     3     0     1   565     0
   155     1     1     2     2     4     6     8     1     1     1     1     1     2     1     0   639     0
   156     1     1     2     2     4     6     8     1     0     0     0     1     1     0     1   658     0
   157     2     7     0     5     7     1     3     1     1     1     0     0     3     0     1   582     0
   158     2     7     0     5     7     1     3     1     1     0     1     0     1     0     0   519     0
   159     1     4     1     8     2     4     6     0     0     1     0     1     3     1     1   564     0
   160     1     4     1     8     2     4     6     1     1     0     1     1     1     1     1   621     0
   161     1     2     2     4     6     8     2     0     0     1     0     1     2     1     1   586     0
   162     1     3     1     6     8     2     4     1     1     0     1     0     2     1     1   606     0
   163     2     6     2     3     5     7     1     0     0     0     0     0     3     1     1   589     0
   164     2     7     0     5     7     1     3     0     0     1     1     0     2     0     0   640     0
   165     1     1     2     2     4     6     8     0     0     1     0     1     3     0     0   556     0
   166     1     1     2     2     4     6     8     1     1     0     1     0     1     1     1   609     0
   167     1     4     1     8     2     4     6     0     0     0     0     0     2     1     1   637     0
   168     1     4     1     8     2     4     6     0     1     1     1     0     1     0     1   934     0
   169     1     3     1     6     8     2     4     1     0     0     1     0     2     1     1   859     0
   170     1     3     1     6     8     2     4     1     0     0     0     1     1     0     0   653     0
   171     1     3     1     6     8     2     4     0     0     1     1     0     1     1     0   761     0
   172     1     1     2     2     4     6     8     0     1     0     1     0     2     0     1   650     0
   173     1     1     2     2     4     6     8     0     0     0     0     1     1     0     1   456     0
   174     1     2     2     4     6     8     2     1     1     1     0     1     2     1     1   711     0
   175     2     7     0     5     7     1     3     0     0     0     0     0     3     1     1   589     0
   176     2     7     0     5     7     1     3     0     0     1     0     1     1     0     0   438     0
   177     2     6     2     3     5     7     1     0     1     0     0     1     2     0     1   542     0
   178     2     6     2     3     5     7     1     0     1     0     0     1     1     0     0   589     0
   179     2     6     2     3     5     7     1     1     0     0     0     1     1     1     1   540     0
   180     2     6     2     3     5     7     1     1     0     1     1     0     1     0     0   565     0
   181     2     7     0     5     7     1     3     1     1     1     1     1     2     0     1   562     0
   182     2     7     0     5     7     1     3     0     1     0     0     1     1     1     0   568     0
   183     2     8     1     7     1     3     5     1     0     0     1     0     2     1     1   660     0
   184     2     5     0     1     3     5     7     0     0     0     0     1     2     1     0   753     0
   185     2     5     0     1     3     5     7     1     0     1     1     1     1     1     0   504     0
   186     2     5     0     1     3     5     7     1     1     1     1     1     1     0     1   607     0
   187     1     2     2     4     6     8     2     0     0     0     1     1     3     1     1   543     1
   188     1     2     2     4     6     8     2     0     1     0     1     0     1     0     1   625     0
   189     1     2     2     4     6     8     2     1     1     0     1     1     1     1     0   633     0
   190     1     2     2     4     6     8     2     0     1     0     0     1     1     1     0   451     0
   191     1     2     2     4     6     8     2     1     0     1     1     1     1     1     1   553     0
   192     1     1     2     2     4     6     8     1     0     1     0     1     2     0     0   746     0
   193     1     4     1     8     2     4     6     0     0     0     1     0     2     1     0  1029     0
   194     1     4     1     8     2     4     6     1     0     1     1     1     1     1     0   766     0
   195     2     7     0     5     7     1     3     1     0     0     1     1     3     0     0   584     0
   196     2     7     0     5     7     1     3     0     1     1     1     0     1     1     1   669     0
   197     2     6     2     3     5     7     1     1     1     1     1     0     2     1     0   961     0
   198     2     7     0     5     7     1     3     1     0     0     0     0     2     0     1   459     0
   199     1     4     1     8     2     4     6     1     0     1     1     1     3     0     0   514     0
   200     1     4     1     8     2     4     6     0     1     1     0     0     1     1     1   522     0
   201     2     5     0     1     3     5     7     1     1     1     1     0     3     1     0   566     0
   202     2     5     0     1     3     5     7     1     1     0     1     0     1     0     0   524     0
   203     1     1     2     2     4     6     8     0     1     1     0     1     3     1     0   534     0
   204     1     2     2     4     6     8     2     1     1     1     0     1     2     1     0   823     0
   205     1     2     2     4     6     8     2     0     0     0     1     0     1     1     1   761     0
   206     1     3     1     6     8     2     4     0     1     0     1     1     2     0     1   562     0
   207     1     3     1     6     8     2     4     0     0     1     0     0     1     0     1   735     0
   208     1     2     2     4     6     8     2     0     0     1     0     0     2     0     0   568     0
   209     2     8     1     7     1     3     5     1     1     1     0     1     3     1     1   568     0
   210     2     8     1     7     1     3     5     1     1     1     0     1     1     0     0   508     0
   211     2     7     0     5     7     1     3     0     1     0     0     0     2     1     0   776     0
   212     2     7     0     5     7     1     3     0     0     0     0     1     1     0     1   504     0
   213     1     2     2     4     6     8     2     1     0     0     0     1     3     1     0   522     0
   214     1     2     2     4     6     8     2     1     0     1     1     1     1     0     0   478     0
   215     2     8     1     7     1     3     5     1     0     1     1     1     3     0     0   609     0
   216     2     8     1     7     1     3     5     0     0     1     0     1     1     1     0   677     0
   217     1     4     1     8     2     4     6     1     1     1     1     1     3     1     1   805     0
   218     1     4     1     8     2     4     6     1     0     0     1     1     1     0     1   806     0
   219     2     8     1     7     1     3     5     0     1     0     1     1     3     1     1   542     0
   220     2     8     1     7     1     3     5     0     1     1     1     0     1     0     0   871     0
   221     2     6     2     3     5     7     1     0     1     0     1     1     2     0     0   600     0
   222     1     3     1     6     8     2     4     0     0     1     0     0     3     0     1   495     0
   223     2     5     0     1     3     5     7     0     1     1     1     1     3     0     1   603     0
   224     2     7     0     5     7     1     3     1     0     1     0     1     2     1     1   744     0
   225     2     8     1     7     1     3     5     0     1     0     1     1     2     1     1   824     0
   226     2     8     1     7     1     3     5     0     0     1     0     0     1     0     1   558     0
   227     2     6     2     3     5     7     1     1     1     1     0     0     2     1     1   848     0
   228     1     1     2     2     4     6     8     0     1     0     1     1     3     1     0   689     0
   229     1     4     1     8     2     4     6     0     0     1     0     1     2     0     1   571     0
   230     1     4     1     8     2     4     6     0     0     1     0     0     1     0     0   390     0
   231     2     6     2     3     5     7     1     0     0     1     1     0     3     0     0   641     0
   232     2     6     2     3     5     7     1     0     1     1     1     0     1     0     1   626     0
   233     1     2     2     4     6     8     2     0     0     0     0     1     3     0     1   465     0
   234     2     5     0     1     3     5     7     1     0     1     0     0     3     1     0   712     0
   235     1     4     1     8     2     4     6     0     1     0     1     1     3     1     1   573     0
   236     1     1     2     2     4     6     8     1     0     1     1     1     2     1     1   681     0
   237     2     6     2     3     5     7     1     0     0     0     0     0     3     1     0   495     0
   238     2     6     2     3     5     7     1     1     0     1     0     1     1     1     0   577     0
   239     2     5     0     1     3     5     7     0     1     0     0     1     2     1     1   615     0
   240     2     5     0     1     3     5     7     1     1     1     0     1     1     1     0   560     0
   241     1     3     1     6     8     2     4     1     0     1     0     0     3     0     1   603     0
   242     1     3     1     6     8     2     4     1     1     1     1     0     1     0     1   715     0
   243     2     5     0     1     3     5     7     1     1     1     0     0     3     0     0   740     0
   244     2     5     0     1     3     5     7     1     0     1     0     0     1     0     1   640     0
   245     1     1     2     2     4     6     8     0     0     0     1     0     3     1     0   582     0
   246     1     1     2     2     4     6     8     0     0     0     0     0     1     0     0   534     0
   247     1     1     2     2     4     6     8     1     1     0     0     0     1     1     1   580     0
   248     1     3     1     6     8     2     4     0     0     1     1     0     2     1     1   865     0
   249     2     6     2     3     5     7     1     0     1     0     1     0     3     0     1   668     0
   250     2     6     2     3     5     7     1     0     1     0     0     1     1     0     0   490     0
   251     1     3     1     6     8     2     4     0     1     1     0     1     3     0     0   674     0
   252     1     3     1     6     8     2     4     1     0     0     0     1     1     1     1   525     0
   253     1     3     1     6     8     2     4     0     1     1     1     0     1     1     1   617     0
   254     1     3     1     6     8     2     4     1     1     0     0     0     1     1     0   557     0
   255     1     3     1     6     8     2     4     0     0     1     0     1     1     1     1   672     0
   256     1     3     1     6     8     2     4     1     1     0     1     1     1     1     1   528     0
   257     1     3     1     6     8     2     4     0     0     0     0     0     1     1     1   568     0
   258     1     2     2     4     6     8     2     0     0     1     0     0     2     0     0   739     0
   259     2     5     0     1     3     5     7     1     0     1     0     1     3     1     0   707     0
   260     1     4     1     8     2     4     6     0     1     1     0     1     3     1     1   525     0
   261     2     6     2     3     5     7     1     1     0     0     1     1     3     1     1   777     0
   262     2     5     0     1     3     5     7     0     0     1     1     1     2     1     0   701     0
   263     2     8     1     7     1     3     5     0     1     0     1     0     2     0     1   802     0
   264     2     7     0     5     7     1     3     1     1     0     1     1     2     1     0   748     0
   265     2     6     2     3     5     7     1     0     1     0     1     1     2     1     0   687     0
   266     2     6     2     3     5     7     1     1     1     0     1     0     1     1     0   629     0
   267     1     4     1     8     2     4     6     1     0     1     1     0     3     0     1   520     0
   268     1     1     2     2     4     6     8     1     0     1     1     1     2     0     0   524     0
   269     2     6     2     3     5     7     1     1     0     0     1     1     3     0     0   464     0
   270     2     6     2     3     5     7     1     0     1     0     0     0     1     1     1   490     0
   271     1     4     1     8     2     4     6     1     0     1     0     1     3     1     1   474     0
   272     1     2     2     4     6     8     2     0     0     1     0     0     2     1     0   641     0
   273     2     7     0     5     7     1     3     1     1     1     1     1     3     1     1   576     0
   274     2     7     0     5     7     1     3     0     0     0     1     1     1     1     1   582     0
   275     2     5     0     1     3     5     7     0     0     0     1     1     2     0     0   607     0
   276     2     6     2     3     5     7     1     1     1     1     1     1     2     1     1   936     0
   277     2     8     1     7     1     3     5     1     1     0     1     0     2     0     0   693     0
   278     2     8     1     7     1     3     5     1     0     1     1     0     1     0     1   724     0
   279     1     2     2     4     6     8     2     1     1     0     1     0     3     0     1   589     0
   280     1     2     2     4     6     8     2     0     0     1     0     0     1     1     1   511     0
   281     1     4     1     8     2     4     6     1     1     1     1     1     2     1     1   623     0
   282     1     4     1     8     2     4     6     0     1     0     1     0     1     1     0   890     0
   283     1     1     2     2     4     6     8     1     0     1     1     0     2     1     1   688     0
   284     1     1     2     2     4     6     8     1     0     0     0     1     1     0     0   477     0
   285     1     1     2     2     4     6     8     0     0     1     1     0     1     1     0   490     0
   286     1     2     2     4     6     8     2     0     1     0     0     0     2     0     1   698     0
   287     1     1     2     2     4     6     8     1     1     1     1     0     2     1     0   712     0
   288     1     1     2     2     4     6     8     1     1     1     0     1     1     0     0   532     0
   289     2     5     0     1     3     5     7     0     0     0     1     0     3     1     1   554     0
   290     2     5     0     1     3     5     7     1     0     1     1     1     1     1     0   402     0
   291     1     3     1     6     8     2     4     1     1     0     1     1     3     0     1   699     0
   292     1     3     1     6     8     2     4     1     0     0     1     0     1     0     1   600     0
   293     2     7     0     5     7     1     3     1     0     0     1     0     3     0     0   481     0
   294     2     7     0     5     7     1     3     0     0     0     1     0     1     1     0   503     0
   295     1     1     2     2     4     6     8     0     0     1     1     0     3     0     0   516     0
   296     1     1     2     2     4     6     8     0     1     1     0     1     1     0     1   565     0
   297     1     2     2     4     6     8     2     0     1     0     0     0     2     0     0   740     0
   298     1     2     2     4     6     8     2     0     1     1     0     0     1     0     0   464     0
   299     2     8     1     7     1     3     5     0     1     1     1     1     3     0     0   610     0
   300     1     3     1     6     8     2     4     0     0     0     1     0     3     0     1   578     0
   301     2     5     0     1     3     5     7     0     1     1     0     1     3     0     1   620     0
   302     2     7     0     5     7     1     3     1     1     1     0     1     2     1     0   768     0
   303     1     4     1     8     2     4     6     1     1     0     0     1     3     0     0   702     0
   304     1     4     1     8     2     4     6     0     1     0     0     0     1     1     0   685     0
   305     2     7     0     5     7     1     3     0     0     0     1     0     3     0     1   694     0
   306     2     7     0     5     7     1     3     1     1     0     0     1     1     1     1   545     0
   307     2     5     0     1     3     5     7     0     0     0     0     1     2     1     1   466     0
   308     2     6     2     3     5     7     1     0     1     1     1     0     2     0     1   603     0
   309     2     5     0     1     3     5     7     0     0     1     0     0     2     0     1   458     0
   310     2     5     0     1     3     5     7     0     1     1     0     1     1     0     1   720     0
   311     1     3     1     6     8     2     4     0     1     1     0     0     3     0     0   582     0
   312     2     6     2     3     5     7     1     1     1     1     0     1     3     1     0   643     0
   313     2     7     0     5     7     1     3     0     0     0     1     0     2     1     1   671     0
   314     2     7     0     5     7     1     3     1     1     0     0     0     1     1     1   527     0
   315     2     5     0     1     3     5     7     0     0     0     0     1     2     1     1   788     1
   316     1     4     1     8     2     4     6     1     1     0     0     0     3     1     1  1081     0
   317     1     1     2     2     4     6     8     0     1     0     1     0     2     1     0   626     0
   318     1     1     2     2     4     6     8     0     1     1     1     0     1     0     0   449     0
   319     2     5     0     1     3     5     7     0     0     0     1     1     3     0     1   416     0
   320     2     5     0     1     3     5     7     0     0     0     1     0     1     0     0   395     0
   321     2     6     2     3     5     7     1     0     0     1     0     1     2     0     0   503     1
   322     2     6     2     3     5     7     1     1     1     0     1     1     1     1     1   722     0
   323     2     5     0     1     3     5     7     0     0     0     0     0     2     1     1   477     0
   324     2     5     0     1     3     5     7     0     0     1     1     0     1     0     0   490     0
   325     2     7     0     5     7     1     3     0     0     1     0     1     2     0     0   513     0
   326     2     8     1     7     1     3     5     1     1     1     0     1     2     1     1   938     0
   327     2     7     0     5     7     1     3     1     1     0     1     0     2     0     0   857     0
   328     2     7     0     5     7     1     3     0     0     0     1     0     1     1     1   680     0
   329     1     4     1     8     2     4     6     1     1     1     1     1     3     1     1   627     0
   330     1     1     2     2     4     6     8     1     1     0     0     0     2     0     0   696     0
   331     2     8     1     7     1     3     5     1     1     1     1     1     3     0     0   484     0
   332     2     6     2     3     5     7     1     0     0     0     0     1     2     1     1   541     0
   333     2     8     1     7     1     3     5     1     0     1     0     1     2     1     0   592     1
   334     1     3     1     6     8     2     4     0     1     1     0     1     3     1     1   545     0
   335     1     1     2     2     4     6     8     1     0     1     0     1     2     1     1   663     0
   336     1     3     1     6     8     2     4     0     1     1     0     1     2     1     1   776     0
   337     2     6     2     3     5     7     1     0     0     1     0     0     3     0     1   696     0
   338     2     6     2     3     5     7     1     1     0     0     0     0     1     1     0   451     0
   339     2     7     0     5     7     1     3     0     1     0     1     1     2     1     1   648     0
   340     2     8     1     7     1     3     5     0     0     1     0     0     2     0     1   426     0
   341     2     7     0     5     7     1     3     0     0     1     0     0     2     0     0   686     0
   342     1     2     2     4     6     8     2     1     1     0     1     1     3     1     1   594     0
   343     2     8     1     7     1     3     5     1     1     0     0     1     3     0     0   608     0
   344     2     8     1     7     1     3     5     0     1     0     0     0     1     1     0   558     0
   345     1     2     2     4     6     8     2     0     0     0     1     1     3     0     1   622     0
   346     2     7     0     5     7     1     3     1     0     0     0     0     3     1     0   558     0
   347     1     3     1     6     8     2     4     1     1     0     0     0     3     0     1   622     0
   348     1     3     1     6     8     2     4     1     0     0     0     1     1     0     1   532     0
   349     1     2     2     4     6     8     2     1     0     1     0     1     2     0     0   694     0
   350     1     2     2     4     6     8     2     1     1     1     0     1     1     0     1   669     0
   351     2     6     2     3     5     7     1     1     1     0     0     0     3     0     0   591     0
   352     2     6     2     3     5     7     1     0     1     1     1     0     1     1     0   591     0
   353     1     1     2     2     4     6     8     0     1     0     1     1     3     0     0   760     0
   354     2     6     2     3     5     7     1     0     1     0     0     1     3     0     0   537     0
   355     2     6     2     3     5     7     1     0     0     1     1     0     1     0     1   555     0
   356     2     6     2     3     5     7     1     1     1     0     1     0     1     1     1   554     0
   357     1     3     1     6     8     2     4     1     1     1     0     0     3     0     0   729     0
   358     1     3     1     6     8     2     4     0     0     0     0     0     1     1     1   666     0
   359     2     6     2     3     5     7     1     0     0     1     1     1     3     0     0  1011     0
   360     2     6     2     3     5     7     1     0     0     0     0     1     1     0     0   487     0
   361     2     8     1     7     1     3     5     1     0     0     0     1     2     1     0   548     0
   362     2     8     1     7     1     3     5     1     1     1     1     0     1     0     1   725     0
   363     1     1     2     2     4     6     8     1     0     1     0     1     3     0     1   520     0
   364     1     1     2     2     4     6     8     1     0     1     1     1     1     0     0   426     0
   365     2     5     0     1     3     5     7     1     0     0     1     1     3     0     0   497     0
   366     2     6     2     3     5     7     1     1     0     1     0     0     2     0     0   445     0
   367     2     8     1     7     1     3     5     0     0     1     0     0     2     1     0   734     0
   368     1     1     2     2     4     6     8     1     1     1     0     1     3     1     1   768     0
   369     1     4     1     8     2     4     6     0     0     0     1     0     2     1     1   677     0
   370     1     1     2     2     4     6     8     0     1     1     1     0     2     0     1   657     0
   371     1     2     2     4     6     8     2     1     0     0     1     1     2     1     1   758     0
   372     1     3     1     6     8     2     4     0     1     1     1     1     2     1     1   642     0
   373     1     3     1     6     8     2     4     0     1     1     0     0     1     0     0   590     0
   374     1     3     1     6     8     2     4     0     0     0     0     0     1     0     1   661     0
   375     1     4     1     8     2     4     6     0     1     1     0     0     2     0     1   688     0
   376     2     5     0     1     3     5     7     0     1     0     1     1     3     0     0   728     0
   377     2     5     0     1     3     5     7     1     1     1     1     0     1     1     0   572     0
   378     2     8     1     7     1     3     5     0     1     1     1     1     2     1     0   644     0
   379     1     4     1     8     2     4     6     1     0     1     1     1     3     1     1   462     0
   380     1     4     1     8     2     4     6     0     1     0     0     0     1     1     1   537     0
   381     1     4     1     8     2     4     6     0     0     0     1     1     1     0     1   526     0
   382     1     1     2     2     4     6     8     0     0     0     1     0     2     0     0   571     0
   383     2     7     0     5     7     1     3     1     1     0     0     0     3     1     1   623     0
   384     1     2     2     4     6     8     2     0     0     1     0     1     3     1     1   569     0
   385     2     6     2     3     5     7     1     0     1     0     1     0     3     0     1   646     0
   386     2     7     0     5     7     1     3     0     0     1     0     0     2     0     1   444     0
   387     2     8     1     7     1     3     5     0     1     1     1     1     2     0     1   573     0
   388     2     5     0     1     3     5     7     0     0     1     1     1     2     0     1   604     0
   389     2     6     2     3     5     7     1     0     0     1     0     0     2     0     0   529     0
   390     2     7     0     5     7     1     3     1     0     1     1     0     2     1     0   820     0
   391     1     3     1     6     8     2     4     0     1     0     0     1     3     1     1   560     0
   392     1     3     1     6     8     2     4     1     1     0     0     0     1     1     0   382     1
   393     2     7     0     5     7     1     3     0     0     1     1     1     3     1     1   509     0
   394     2     7     0     5     7     1     3     0     0     1     1     1     1     0     0   405     0
   395     1     1     2     2     4     6     8     1     0     0     1     1     3     1     0   891     1
   396     2     6     2     3     5     7     1     1     1     0     0     1     3     0     1   708     0
   397     2     5     0     1     3     5     7     0     0     1     1     0     2     1     1   655     0
   398     2     5     0     1     3     5     7     1     1     0     1     0     1     1     1   733     0
   399     2     5     0     1     3     5     7     1     1     0     1     1     1     0     0   478     0
   400     1     4     1     8     2     4     6     1     1     1     1     1     3     0     0   533     0
   401     2     7     0     5     7     1     3     0     0     0     0     1     3     1     1   613     0
   402     2     8     1     7     1     3     5     1     1     0     0     0     2     1     1   673     0
   403     2     7     0     5     7     1     3     0     1     1     1     0     2     1     0   536     0
   404     2     7     0     5     7     1     3     0     1     0     0     0     1     0     0   520     0
   405     1     1     2     2     4     6     8     0     0     0     0     1     3     0     1   455     0
   406     1     1     2     2     4     6     8     1     1     0     0     0     1     1     1   595     0
   407     1     1     2     2     4     6     8     1     0     0     1     0     1     0     1   428     0
   408     1     2     2     4     6     8     2     1     1     0     0     0     2     0     1   612     0
   409     2     8     1     7     1     3     5     1     0     1     1     1     3     0     1   712     0
   410     2     8     1     7     1     3     5     0     1     0     1     1     1     1     1   681     0
   411     2     8     1     7     1     3     5     0     0     1     0     1     1     0     1   504     0
   412     2     8     1     7     1     3     5     0     0     0     0     1     1     0     0   665     0
   413     1     3     1     6     8     2     4     1     0     0     1     1     3     1     0   986     0
   414     1     1     2     2     4     6     8     1     1     0     1     1     2     0     1   686     0
   415     2     5     0     1     3     5     7     0     1     1     0     1     3     1     0   709     0
   416     2     5     0     1     3     5     7     1     0     1     1     0     1     1     1   614     0
   417     1     2     2     4     6     8     2     1     0     0     0     0     3     0     0   625     0
   418     1     4     1     8     2     4     6     1     1     0     0     1     2     0     1   675     0
   419     1     3     1     6     8     2     4     0     1     1     1     1     2     1     0   889     0
   420     1     3     1     6     8     2     4     1     0     0     0     1     1     1     1   628     0
   421     1     3     1     6     8     2     4     0     1     1     0     1     1     1     1   753     0
   422     1     1     2     2     4     6     8     0     0     1     0     0     2     0     1   545     0
   423     2     5     0     1     3     5     7     1     1     1     1     0     3     1     1   662     0
   424     2     5     0     1     3     5     7     0     1     0     1     0     1     1     0   700     0
   425     2     8     1     7     1     3     5     0     1     1     0     0     2     0     0   881     0
   426     2     8     1     7     1     3     5     0     0     0     0     1     1     0     1   547     0
   427     2     7     0     5     7     1     3     0     0     1     0     1     2     0     0   997     0
   428     2     6     2     3     5     7     1     0     1     0     0     0     2     0     1   591     0
   429     1     1     2     2     4     6     8     0     0     1     1     0     3     0     1   621     0
   430     1     1     2     2     4     6     8     1     1     0     0     1     1     1     1   644     0
   431     1     4     1     8     2     4     6     1     1     1     0     1     2     0     0   659     0
   432     1     4     1     8     2     4     6     0     0     1     0     1     1     1     1   782     0
   433     2     5     0     1     3     5     7     1     1     1     1     0     3     1     1   606     0
   434     1     4     1     8     2     4     6     0     0     1     1     1     3     1     1   867     0
   435     2     6     2     3     5     7     1     1     0     1     1     1     3     1     0   839     0
   436     2     7     0     5     7     1     3     1     0     1     1     1     2     0     0   616     0
   437     1     4     1     8     2     4     6     0     0     1     0     1     3     1     0   515     0
   438     1     4     1     8     2     4     6     0     0     0     0     0     1     0     0   659     0
   439     2     7     0     5     7     1     3     0     0     0     1     0     3     0     0   722     0
   440     2     7     0     5     7     1     3     1     0     1     0     0     1     1     0   560     0
   441     1     4     1     8     2     4     6     1     0     1     1     0     3     0     0   576     0
   442     1     1     2     2     4     6     8     0     0     0     0     1     2     1     0   618     0
   443     2     8     1     7     1     3     5     1     1     1     0     0     3     1     1   678     0
   444     2     8     1     7     1     3     5     1     1     0     1     1     1     0     0   738     0
   445     1     3     1     6     8     2     4     0     0     0     1     1     3     1     1   587     0
   446     2     8     1     7     1     3     5     1     1     0     0     0     3     1     1   633     0
   447     2     5     0     1     3     5     7     1     0     1     1     0     2     0     1   565     0
   448     2     5     0     1     3     5     7     0     0     1     1     0     1     1     0   544     0
   449     1     3     1     6     8     2     4     1     1     1     1     1     3     1     1   672     0
   450     1     4     1     8     2     4     6     1     1     1     0     0     2     0     0   792     0
   451     1     1     2     2     4     6     8     1     1     1     1     1     2     0     0   407     0
   452     1     1     2     2     4     6     8     1     1     0     0     0     1     0     0   403     0
   453     1     4     1     8     2     4     6     1     1     1     1     0     2     0     0   557     0
   454     1     4     1     8     2     4     6     0     1     0     1     0     1     1     0  1003     0
   455     2     5     0     1     3     5     7     0     1     0     0     1     3     0     0   622     0
   456     2     5     0     1     3     5     7     0     1     1     0     1     1     0     0   395     0
   457     1     1     2     2     4     6     8     1     0     0     1     0     3     1     1   529     0
   458     1     4     1     8     2     4     6     1     1     0     0     0     2     0     1   612     0
   459     1     1     2     2     4     6     8     1     0     0     0     1     2     0     1   593     0
   460     2     8     1     7     1     3     5     1     0     1     0     1     3     0     0   626     0
   461     2     8     1     7     1     3     5     1     0     0     1     0     1     0     0   455     0
   462     1     3     1     6     8     2     4     0     1     1     1     1     3     1     1  1208     0
   463     1     1     2     2     4     6     8     0     1     1     0     1     2     0     0   549     0
   464     1     2     2     4     6     8     2     0     0     1     1     0     2     0     1   749     0
   465     2     8     1     7     1     3     5     1     1     0     1     1     3     1     1   565     0
   466     2     5     0     1     3     5     7     0     1     0     0     0     2     1     0   944     0
   467     2     6     2     3     5     7     1     1     0     1     1     1     2     1     1   612     0
   468     2     5     0     1     3     5     7     1     1     1     0     0     2     0     1   541     0
   469     2     7     0     5     7     1     3     0     1     1     1     1     2     1     0   491     0
   470     2     7     0     5     7     1     3     1     0     0     0     1     1     1     1   465     1
   471     1     1     2     2     4     6     8     1     1     1     0     0     3     0     1  1073     0
   472     1     1     2     2     4     6     8     1     1     1     0     0     1     0     0   517     0
   473     2     5     0     1     3     5     7     0     0     0     1     1     3     1     1   478     0
   474     2     5     0     1     3     5     7     1     1     1     0     0     1     1     1   610     0
   475     2     6     2     3     5     7     1     0     1     1     1     1     2     1     0   491     0
   476     2     8     1     7     1     3     5     0     0     0     1     1     2     0     1   510     0
   477     2     6     2     3     5     7     1     0     1     0     0     1     2     0     1   442     0
   478     2     6     2     3     5     7     1     1     1     1     0     0     1     1     0   496     0
   479     2     8     1     7     1     3     5     1     1     1     0     1     2     0     0   649     0
   480     2     5     0     1     3     5     7     1     0     1     0     1     2     0     1   522     1
   481     2     8     1     7     1     3     5     0     1     0     1     0     2     1     1   525     0
   482     2     8     1     7     1     3     5     0     0     1     0     1     1     0     1   675     0
   483     2     8     1     7     1     3     5     0     0     1     0     1     1     0     0   472     0
   484     2     8     1     7     1     3     5     0     0     0     0     0     1     0     0   451     0
   485     1     4     1     8     2     4     6     0     1     0     1     1     3     0     1   583     0
   486     2     7     0     5     7     1     3     0     0     1     1     1     3     0     1   666     0
   487     1     1     2     2     4     6     8     0     1     0     1     1     3     0     1   589     0
   488     2     6     2     3     5     7     1     1     0     0     0     1     3     1     1   593     0
   489     1     3     1     6     8     2     4     0     0     1     0     1     3     1     0   683     0
   490     2     6     2     3     5     7     1     1     1     1     1     0     3     1     1   542     0
   491     1     1     2     2     4     6     8     0     0     0     0     1     3     1     1   542     0
   492     1     1     2     2     4     6     8     0     0     0     1     1     1     0     0   449     0
   493     1     2     2     4     6     8     2     0     1     1     0     0     2     0     1   541     0
   494     1     2     2     4     6     8     2     0     1     0     1     0     1     0     0   581     0
   495     2     7     0     5     7     1     3     1     1     0     1     1     3     1     0   655     0
   496     2     7     0     5     7     1     3     0     1     0     1     0     1     1     0   670     0
   497     1     4     1     8     2     4     6     0     1     1     0     1     3     0     0   694     0
   498     2     5     0     1     3     5     7     0     1     0     1     1     3     0     0   458     0
   499     1     2     2     4     6     8     2     0     0     1     0     1     3     0     1   478     0
   500     1     2     2     4     6     8     2     0     0     0     1     0     1     0     0   551     0
   501     1     1     2     2     4     6     8     0     0     1     1     1     2     0     0   429     0
   502     2     8     1     7     1     3     5     1     0     1     1     1     3     1     0   626     0
   503     2     6     2     3     5     7     1     1     0     0     1     1     2     0     0   573     0
   504     2     5     0     1     3     5     7     1     0     1     0     1     2     0     0   537     0
   505     1     2     2     4     6     8     2     0     1     0     1     1     3     1     1   704     0
   506     1     2     2     4     6     8     2     0     0     1     0     0     1     0     1   546     0
   507     1     3     1     6     8     2     4     0     0     1     0     1     2     0     0   692     0
   508     1     3     1     6     8     2     4     1     1     0     1     1     1     1     1   612     0
   509     2     7     0     5     7     1     3     0     0     0     1     1     3     1     1   506     0
   510     2     8     1     7     1     3     5     1     0     1     0     0     2     1     0   541     0
   511     1     3     1     6     8     2     4     1     1     0     0     1     3     0     1   613     0
   512     1     4     1     8     2     4     6     0     0     0     1     1     2     1     1   549     0
   513     1     1     2     2     4     6     8     0     0     1     1     1     2     0     0   542     0
   514     1     2     2     4     6     8     2     1     1     0     0     0     2     1     1   773     0
   515     2     7     0     5     7     1     3     1     0     1     1     0     3     0     1   502     0
   516     2     7     0     5     7     1     3     0     1     1     0     0     1     1     1   523     0
   517     2     8     1     7     1     3     5     1     1     0     0     1     2     1     0   533     0
   518     2     8     1     7     1     3     5     1     1     0     1     0     1     0     0   384     1
   519     2     6     2     3     5     7     1     0     1     1     0     1     2     1     0   547     0
   520     1     1     2     2     4     6     8     1     1     1     0     1     3     1     0   547     0
   521     1     4     1     8     2     4     6     0     0     0     1     1     2     1     1   462     0
   522     1     4     1     8     2     4     6     0     1     1     1     0     1     0     1   609     0
   523     1     3     1     6     8     2     4     0     1     1     0     0     2     0     0   664     0
   524     1     3     1     6     8     2     4     1     0     0     0     0     1     1     1   732     0
   525     1     3     1     6     8     2     4     1     0     0     0     1     1     0     0   540     0
   526     1     2     2     4     6     8     2     1     0     0     0     0     2     0     0   616     0
   527     1     4     1     8     2     4     6     1     0     0     1     0     2     0     0   658     0
   528     2     7     0     5     7     1     3     1     1     1     0     1     3     0     1   513     0
   529     1     2     2     4     6     8     2     0     0     0     1     1     3     1     1   555     0
   530     1     2     2     4     6     8     2     0     1     1     0     0     1     0     1   499     0
   531     1     2     2     4     6     8     2     0     0     0     1     0     1     0     1   444     0
   532     1     2     2     4     6     8     2     1     1     1     1     1     1     1     1   541     0
   533     1     3     1     6     8     2     4     1     1     0     0     0     2     0     0  1199     1
   534     1     4     1     8     2     4     6     1     1     1     1     1     2     0     0   538     0
   535     2     7     0     5     7     1     3     0     1     1     1     1     3     1     0   728     0
   536     2     5     0     1     3     5     7     1     1     1     1     0     2     1     0   585     0
   537     1     2     2     4     6     8     2     0     1     1     1     0     3     1     0   702     0
   538     1     4     1     8     2     4     6     1     0     0     1     0     2     1     1   704     0
   539     1     1     2     2     4     6     8     0     1     1     1     1     2     1     1   738     0
   540     1     1     2     2     4     6     8     0     0     0     1     1     1     0     1   692     0
   541     1     2     2     4     6     8     2     0     1     0     1     1     2     0     1   585     0
   542     1     4     1     8     2     4     6     0     1     0     0     1     2     0     0   778     0
   543     1     4     1     8     2     4     6     0     1     1     1     1     1     0     0   398     0
   544     1     1     2     2     4     6     8     1     1     0     0     1     2     1     0   626     0
   545     1     1     2     2     4     6     8     1     1     1     1     1     1     0     0   416     0
   546     1     4     1     8     2     4     6     1     0     0     0     0     2     0     1   592     0
   547     1     4     1     8     2     4     6     0     1     1     0     1     1     1     1  1056     0
   548     1     4     1     8     2     4     6     0     0     1     1     0     1     0     1   706     0
   549     2     6     2     3     5     7     1     1     1     0     1     0     3     1     1   603     0
   550     2     6     2     3     5     7     1     1     1     1     1     1     1     0     0   416     0
   551     2     7     0     5     7     1     3     1     1     0     0     0     2     0     0   888     0
   552     1     4     1     8     2     4     6     1     1     0     1     1     3     0     0   662     0
   553     2     5     0     1     3     5     7     1     1     0     1     1     3     0     0   392     0
   554     2     5     0     1     3     5     7     0     1     1     1     0     1     1     0   482     0
   555     1     4     1     8     2     4     6     1     1     1     1     0     3     1     0   525     0
   556     1     4     1     8     2     4     6     0     0     1     0     0     1     1     1   676     0
   557     1     3     1     6     8     2     4     1     1     0     1     1     2     1     1   831     0
   558     1     4     1     8     2     4     6     0     1     0     0     1     2     1     0   502     0
   559     1     4     1     8     2     4     6     1     0     0     1     0     1     1     1   536     0
   560     1     4     1     8     2     4     6     1     1     0     0     0     1     0     1   529     0
   561     2     8     1     7     1     3     5     1     0     1     0     1     3     0     1   936     0
   562     2     8     1     7     1     3     5     1     0     1     1     1     1     0     0   522     0
   563     2     6     2     3     5     7     1     0     0     1     0     1     2     1     0   724     1
   564     2     6     2     3     5     7     1     0     0     1     0     1     1     0     0   586     0
   565     2     6     2     3     5     7     1     1     1     0     1     0     1     1     1   450     0
   566     2     6     2     3     5     7     1     0     0     1     0     0     1     1     1   589     0
   567     2     7     0     5     7     1     3     1     1     1     0     0     2     1     1   737     0
   568     2     6     2     3     5     7     1     0     1     0     1     0     2     1     0   651     0
   569     2     5     0     1     3     5     7     0     0     0     0     0     2     0     1   664     0
   570     2     5     0     1     3     5     7     0     1     0     1     1     1     0     1   518     0
   571     2     6     2     3     5     7     1     1     0     1     1     0     2     1     1   619     0
   572     2     6     2     3     5     7     1     0     0     0     0     0     1     1     0   503     0
   573     1     1     2     2     4     6     8     1     0     0     1     0     3     1     0   637     0
   574     1     1     2     2     4     6     8     1     0     1     0     0     1     0     0   474     0
   575     1     3     1     6     8     2     4     0     0     1     1     0     2     1     0   692     0
   576     1     3     1     6     8     2     4     1     0     1     0     1     1     1     0   777     0
   577     1     2     2     4     6     8     2     1     1     0     0     1     2     0     1   557     0
   578     1     3     1     6     8     2     4     0     1     0     0     1     2     1     0   693     0
   579     2     7     0     5     7     1     3     0     1     1     1     0     3     0     0   791     0
   580     2     7     0     5     7     1     3     1     1     0     0     0     1     1     0   684     0
   581     2     7     0     5     7     1     3     0     0     1     0     0     1     1     1   565     0
   582     2     7     0     5     7     1     3     1     0     1     1     1     1     1     0   543     0
   583     1     3     1     6     8     2     4     0     1     0     1     0     3     1     1   597     0
   584     1     3     1     6     8     2     4     1     0     0     1     0     1     1     1   825     0
   585     1     4     1     8     2     4     6     0     1     0     1     1     2     1     1   788     0
   586     2     7     0     5     7     1     3     1     0     0     1     0     3     1     1   850     0
   587     2     6     2     3     5     7     1     0     0     1     0     0     2     1     0   883     0
   588     2     6     2     3     5     7     1     0     0     1     0     0     1     0     0   502     0
   589     1     1     2     2     4     6     8     0     1     1     0     1     3     0     1   584     0
   590     1     1     2     2     4     6     8     0     1     1     1     1     1     0     0   504     0
   591     2     7     0     5     7     1     3     0     1     1     0     0     3     0     0   644     0
   592     2     5     0     1     3     5     7     0     1     0     1     1     2     0     0   521     0
   593     1     3     1     6     8     2     4     1     0     1     1     0     3     1     1   860     0
   594     2     6     2     3     5     7     1     0     1     1     0     0     3     1     1   550     0
   595     2     8     1     7     1     3     5     1     1     0     0     1     2     1     0   749     0
   596     2     6     2     3     5     7     1     0     1     0     1     1     2     1     0   551     0
   597     1     3     1     6     8     2     4     1     1     0     0     1     3     1     0   809     0
   598     1     3     1     6     8     2     4     0     0     1     0     0     1     1     1   938     0
   599     2     6     2     3     5     7     1     0     0     0     1     1     3     0     0   500     0
   600     2     6     2     3     5     7     1     0     0     1     0     0     1     0     0   557     0
   601     1     3     1     6     8     2     4     0     1     1     1     1     3     0     1   526     0
   602     1     4     1     8     2     4     6     0     1     0     1     1     2     0     0   537     0
   603     2     5     0     1     3     5     7     0     1     0     1     1     3     0     0   505     0
   604     2     5     0     1     3     5     7     1     1     0     1     0     1     1     0   531     0
   605     2     8     1     7     1     3     5     1     0     1     1     0     2     0     1   781     0
   606     2     7     0     5     7     1     3     0     0     0     0     1     2     1     0   716     0
   607     1     3     1     6     8     2     4     0     1     0     1     1     3     0     1   616     0
   608     1     4     1     8     2     4     6     1     1     1     1     1     2     1     0   664     0
   609     1     2     2     4     6     8     2     0     0     0     1     1     2     1     1   700     0
   610     1     2     2     4     6     8     2     0     1     0     0     1     1     0     1   448     0
   611     1     3     1     6     8     2     4     1     0     1     1     1     2     1     1   772     0
   612     1     3     1     6     8     2     4     1     0     1     1     1     1     0     0   693     0
   613     1     4     1     8     2     4     6     1     1     1     1     1     2     0     1  1082     0
   614     1     4     1     8     2     4     6     1     1     0     1     0     1     0     0   598     0
   615     1     2     2     4     6     8     2     0     0     1     1     1     2     1     1   744     0
   616     2     5     0     1     3     5     7     1     0     0     1     0     3     1     0   658     0
   617     2     8     1     7     1     3     5     1     0     1     0     1     2     0     0   706     0
   618     2     8     1     7     1     3     5     1     0     1     1     0     1     0     0   448     0
   619     1     3     1     6     8     2     4     1     1     1     1     0     3     0     1   673     0
   620     1     3     1     6     8     2     4     0     1     1     0     0     1     1     0   663     0
   621     1     3     1     6     8     2     4     1     1     0     1     1     1     1     0   752     0
   622     1     3     1     6     8     2     4     0     1     0     1     1     1     1     0   627     0
   623     2     5     0     1     3     5     7     1     0     1     1     0     3     1     1   586     0
   624     2     6     2     3     5     7     1     0     0     0     0     1     2     1     0   734     0
   625     2     8     1     7     1     3     5     0     1     0     1     0     2     0     1   560     0
   626     2     8     1     7     1     3     5     1     1     1     1     1     1     1     0   485     0
   627     1     4     1     8     2     4     6     0     1     0     0     0     3     1     0   581     0
   628     1     3     1     6     8     2     4     1     0     0     1     1     2     1     1   641     0
   629     2     5     0     1     3     5     7     1     1     0     0     1     3     0     1   566     0
   630     2     5     0     1     3     5     7     0     0     1     1     0     1     1     1   680     0
   631     1     4     1     8     2     4     6     1     0     0     1     1     3     1     0   558     0
   632     1     4     1     8     2     4     6     0     1     0     1     1     1     1     1   570     0
   633     2     7     0     5     7     1     3     0     1     1     0     1     3     0     0   666     0
   634     2     7     0     5     7     1     3     0     0     0     1     1     1     0     1   558     0
   635     2     6     2     3     5     7     1     1     1     1     0     1     2     1     1   605     0
   636     2     6     2     3     5     7     1     1     0     0     1     1     1     0     1   700     0
   637     2     8     1     7     1     3     5     0     0     1     1     0     2     1     0   698     0
   638     2     8     1     7     1     3     5     1     0     1     0     0     1     1     0   532     0
   639     1     3     1     6     8     2     4     0     0     1     0     0     3     1     0   506     0
   640     1     3     1     6     8     2     4     0     1     1     0     1     1     0     1   508     0
   641     1     2     2     4     6     8     2     1     1     1     0     1     2     1     0   585     0
   642     1     2     2     4     6     8     2     1     1     0     0     0     1     0     0   465     0
   643     1     1     2     2     4     6     8     0     1     0     1     0     2     1     0   491     0
   644     1     3     1     6     8     2     4     0     1     1     0     0     2     0     0   653     0
   645     1     4     1     8     2     4     6     0     1     1     1     1     2     0     0   483     0
   646     1     4     1     8     2     4     6     0     0     1     1     1     1     0     1   720     0
   647     1     1     2     2     4     6     8     1     1     1     1     0     2     1     1   504     0
   648     1     1     2     2     4     6     8     0     0     1     1     1     1     1     1   536     0
   649     1     1     2     2     4     6     8     0     1     0     0     1     1     0     1   631     0
   650     1     1     2     2     4     6     8     0     0     0     1     1     1     0     1   603     0
   651     2     7     0     5     7     1     3     1     0     0     0     0     3     1     0   641     0
   652     2     7     0     5     7     1     3     1     1     1     1     0     1     0     1   495     0
   653     2     7     0     5     7     1     3     0     1     0     0     0     1     1     0   460     0
   654     2     7     0     5     7     1     3     0     0     0     0     0     1     0     1   632     0
   655     2     8     1     7     1     3     5     1     1     1     1     1     2     1     1   557     0
   656     2     8     1     7     1     3     5     0     1     0     1     0     1     1     0   557     1
   657     2     5     0     1     3     5     7     1     1     0     0     1     2     1     0   563     0
   658     2     8     1     7     1     3     5     1     0     0     0     1     2     0     1   608     0
   659     1     2     2     4     6     8     2     0     0     1     0     1     3     1     0   738     0
   660     1     2     2     4     6     8     2     1     1     0     1     1     1     1     1   489     0
   661     1     1     2     2     4     6     8     0     0     0     1     0     2     1     1  1157     1
   662     1     2     2     4     6     8     2     0     0     0     1     0     2     0     0   513     0
   663     2     5     0     1     3     5     7     1     0     1     0     0     3     1     0   688     0
   664     2     7     0     5     7     1     3     0     0     0     1     0     2     1     0   596     0
   665     1     4     1     8     2     4     6     0     0     1     1     0     3     0     0   522     0
   666     1     4     1     8     2     4     6     1     1     0     1     1     1     1     1   625     0
   667     1     3     1     6     8     2     4     1     1     0     0     0     2     0     0   621     0
   668     2     8     1     7     1     3     5     1     0     0     1     1     3     0     1   586     0
   669     2     6     2     3     5     7     1     0     1     1     1     1     2     1     1   640     0
   670     2     6     2     3     5     7     1     0     1     1     1     0     1     0     0   575     0
   671     2     8     1     7     1     3     5     0     1     0     1     0     2     0     0   507     0
   672     2     8     1     7     1     3     5     0     0     1     0     0     1     0     1   581     0
   673     2     7     0     5     7     1     3     0     1     1     1     1     2     0     1   704     0
   674     2     5     0     1     3     5     7     0     0     1     0     1     2     0     1   482     0
   675     2     8     1     7     1     3     5     0     1     0     0     1     2     0     1   536     0
   676     2     8     1     7     1     3     5     1     0     1     0     1     1     1     1   705     0
   677     1     2     2     4     6     8     2     1     1     1     1     0     3     0     1   563     0
   678     1     2     2     4     6     8     2     1     1     0     0     1     1     0     0   471     0
   679     1     2     2     4     6     8     2     0     0     1     0     1     1     1     1   495     0
   680     1     2     2     4     6     8     2     0     0     0     0     0     1     0     0   450     0
   681     2     6     2     3     5     7     1     1     1     1     1     1     3     1     1   470     0
   682     2     6     2     3     5     7     1     0     1     1     1     0     1     1     0   394     0
   683     2     6     2     3     5     7     1     1     1     0     0     1     1     1     0   409     0
   684     2     5     0     1     3     5     7     0     0     1     0     1     2     1     1   629     0
   685     2     6     2     3     5     7     1     1     0     1     0     0     2     1     0   551     0
   686     2     8     1     7     1     3     5     0     1     0     1     1     2     1     1   455     0
   687     2     6     2     3     5     7     1     1     1     1     0     0     2     1     0   494     0
   688     2     6     2     3     5     7     1     0     0     1     1     0     1     1     1   467     0
   689     1     2     2     4     6     8     2     0     1     1     0     0     3     0     1   468     0
   690     1     2     2     4     6     8     2     1     1     0     1     1     1     1     0   557     0
   691     2     6     2     3     5     7     1     1     1     0     1     1     3     0     0   397     0
   692     1     3     1     6     8     2     4     1     0     1     0     0     3     0     1   542     0
   693     1     1     2     2     4     6     8     0     1     1     1     1     2     1     1   532     0
   694     1     1     2     2     4     6     8     0     1     0     1     1     1     0     0   428     0
   695     2     7     0     5     7     1     3     1     0     1     1     0     3     1     1   684     0
   696     2     6     2     3     5     7     1     0     0     0     0     1     2     1     0   511     0
   697     2     7     0     5     7     1     3     0     1     0     1     0     2     0     1   658     0
   698     2     7     0     5     7     1     3     1     0     0     1     0     1     1     1   549     0
   699     2     7     0     5     7     1     3     0     1     0     1     1     1     1     1   551     0
   700     2     7     0     5     7     1     3     1     1     1     0     1     1     1     0   442     0
   701     2     6     2     3     5     7     1     1     1     1     0     1     2     0     0   549     0
   702     2     7     0     5     7     1     3     1     0     1     1     0     2     0     1   511     0
   703     1     2     2     4     6     8     2     1     1     1     0     1     3     0     1   430     0
   704     1     2     2     4     6     8     2     0     0     0     0     1     1     1     1   523     0
   705     2     8     1     7     1     3     5     0     0     1     1     1     3     0     0   567     0
   706     2     5     0     1     3     5     7     1     1     1     1     0     2     1     1   807     0
   707     1     3     1     6     8     2     4     0     0     0     1     1     3     1     1   707     0
   708     1     3     1     6     8     2     4     0     0     0     1     0     1     0     0   484     0
   709     2     5     0     1     3     5     7     0     1     0     0     0     3     0     1   536     0
   710     1     2     2     4     6     8     2     0     1     1     1     0     3     0     0   571     0
   711     1     4     1     8     2     4     6     1     1     0     0     1     2     1     0   632     0
   712     1     2     2     4     6     8     2     1     0     1     0     1     2     0     1   596     0
   713     2     7     0     5     7     1     3     0     0     1     0     0     3     1     0   796     0
   714     2     6     2     3     5     7     1     1     0     1     1     0     2     1     0   823     0
   715     2     7     0     5     7     1     3     1     1     0     0     0     2     0     1   620     0
   716     2     8     1     7     1     3     5     0     0     1     0     1     2     1     1   597     0
   717     2     6     2     3     5     7     1     0     1     0     1     1     2     0     1   546     0
   718     2     6     2     3     5     7     1     0     0     1     0     0     1     0     1   543     0
   719     1     2     2     4     6     8     2     0     0     1     0     0     3     0     0   644     0
   720     1     3     1     6     8     2     4     0     0     0     0     0     2     0     0   477     0
   721     2     8     1     7     1     3     5     1     1     0     0     1     3     1     1   716     0
   722     2     8     1     7     1     3     5     1     1     1     1     0     1     0     0   693     0
   723     1     1     2     2     4     6     8     1     0     1     0     1     3     0     1   678     0
   724     1     1     2     2     4     6     8     1     0     1     1     0     1     0     0   466     0
   725     1     1     2     2     4     6     8     0     0     0     1     0     1     1     0   455     0
   726     1     1     2     2     4     6     8     0     0     0     1     0     1     0     0   415     0
   727     1     1     2     2     4     6     8     1     0     1     1     0     1     1     0   513     0
   728     1     1     2     2     4     6     8     1     1     0     1     0     1     0     1   485     0
   729     1     2     2     4     6     8     2     0     1     1     0     1     2     1     0   735     0
   730     1     2     2     4     6     8     2     0     1     1     1     1     1     0     0   597     0
   731     2     6     2     3     5     7     1     1     1     1     0     0     3     1     0   442     0
   732     2     6     2     3     5     7     1     0     1     0     1     0     1     1     0   463     0
   733     2     6     2     3     5     7     1     1     0     1     1     0     1     1     1   489     0
   734     1     1     2     2     4     6     8     0     0     1     1     0     3     1     0   681     0
   735     2     7     0     5     7     1     3     0     0     0     1     0     3     0     0   652     0
   736     1     4     1     8     2     4     6     0     1     1     1     0     3     0     1   513     0
   737     1     2     2     4     6     8     2     1     0     0     0     0     2     1     1   697     0
   738     1     2     2     4     6     8     2     0     0     0     1     1     1     1     0   459     0
   739     2     8     1     7     1     3     5     1     0     0     0     0     3     1     0   505     0
   740     1     1     2     2     4     6     8     1     1     0     0     1     3     0     1   655     0
   741     1     1     2     2     4     6     8     1     1     0     1     0     1     0     0   566     0
   742     1     2     2     4     6     8     2     0     0     1     0     1     2     1     1   779     0
   743     1     2     2     4     6     8     2     1     1     0     1     1     1     1     1   645     0
   744     1     1     2     2     4     6     8     0     0     0     0     0     2     1     1   394     0
   745     1     2     2     4     6     8     2     0     0     1     1     1     2     0     0   568     0
   746     2     5     0     1     3     5     7     0     0     0     1     1     3     0     0   449     0
   747     2     8     1     7     1     3     5     0     1     0     1     1     2     0     1   549     0
   748     2     8     1     7     1     3     5     0     1     0     0     1     1     0     0   451     0
   749     1     2     2     4     6     8     2     1     0     1     1     1     3     1     1   712     0
   750     1     2     2     4     6     8     2     0     0     1     0     1     1     1     0   405     0
   751     2     5     0     1     3     5     7     0     0     1     0     0     3     0     0   498     0
   752     2     5     0     1     3     5     7     1     0     1     1     0     1     1     0   659     0
   753     2     8     1     7     1     3     5     0     0     0     1     1     2     1     0   503     0
   754     2     6     2     3     5     7     1     1     1     0     0     0     2     1     1   513     0
   755     2     8     1     7     1     3     5     1     1     1     1     0     2     0     0   591     0
   756     2     5     0     1     3     5     7     1     1     1     1     0     2     0     0   583     0
   757     1     2     2     4     6     8     2     0     1     1     1     0     3     1     0   665     0
   758     2     7     0     5     7     1     3     1     0     0     0     1     3     1     1   671     0
   759     2     5     0     1     3     5     7     1     1     1     0     0     2     0     1   571     0
   760     2     5     0     1     3     5     7     1     1     1     0     1     1     0     0   526     0
   761     2     5     0     1     3     5     7     0     0     1     0     1     1     1     1   493     0
   762     2     5     0     1     3     5     7     0     0     1     1     0     1     0     0   365     0
   763     2     5     0     1     3     5     7     0     0     1     0     0     1     0     0   410     0
   764     2     6     2     3     5     7     1     0     1     1     0     0     2     0     1   566     0
   765     1     3     1     6     8     2     4     0     0     0     0     0     3     0     1   701     0
   766     1     3     1     6     8     2     4     1     0     0     1     1     1     1     0   554     0
   767     1     2     2     4     6     8     2     0     0     1     0     1     2     1     0   493     0
   768     1     1     2     2     4     6     8     0     1     1     0     1     2     0     1   535     0
   769     2     6     2     3     5     7     1     0     0     1     0     0     3     0     1   494     0
   770     2     7     0     5     7     1     3     0     1     1     1     0     2     0     1   672     0
   771     1     4     1     8     2     4     6     0     0     1     1     1     3     0     1   500     0
   772     1     4     1     8     2     4     6     0     1     1     0     0     1     0     1   604     0
   773     2     6     2     3     5     7     1     1     0     0     1     0     3     1     1   615     0
   774     2     7     0     5     7     1     3     1     1     0     0     1     2     0     1   528     0
   775     1     3     1     6     8     2     4     0     0     0     0     1     3     1     1   415     1
   776     1     4     1     8     2     4     6     0     0     0     1     0     2     0     0   440     0
   777     1     4     1     8     2     4     6     1     0     0     0     0     1     1     0   707     0
   778     1     3     1     6     8     2     4     0     0     0     1     1     2     1     0   486     0
   779     2     6     2     3     5     7     1     0     1     0     0     0     3     0     1   503     0
   780     2     6     2     3     5     7     1     1     0     1     1     1     1     1     1   534     1
   781     2     6     2     3     5     7     1     1     1     1     1     0     1     0     1   581     0
   782     2     6     2     3     5     7     1     0     0     0     0     1     1     1     1   498     0
   783     1     3     1     6     8     2     4     0     0     1     1     0     3     0     0   559     0
   784     1     3     1     6     8     2     4     0     1     1     1     0     1     0     1   559     0
   785     2     6     2     3     5     7     1     1     1     0     0     0     3     1     0   776     0
   786     2     6     2     3     5     7     1     0     0     1     0     0     1     1     1   653     0
   787     1     2     2     4     6     8     2     1     1     1     1     1     3     1     1   536     0
   788     1     3     1     6     8     2     4     0     1     0     1     0     2     1     0   763     0
   789     2     6     2     3     5     7     1     1     1     0     0     1     3     1     0   550     0
   790     2     6     2     3     5     7     1     1     0     0     1     1     1     0     1   478     0
   791     1     4     1     8     2     4     6     0     0     1     1     1     3     1     0   667     0
   792     1     4     1     8     2     4     6     1     1     1     0     1     1     1     1   697     0
   793     2     7     0     5     7     1     3     1     1     1     1     1     3     0     0   598     0
   794     1     2     2     4     6     8     2     1     0     0     0     0     3     0     1   449     0
   795     2     5     0     1     3     5     7     0     0     0     0     1     3     1     0   578     0
   796     2     5     0     1     3     5     7     1     0     1     0     1     1     1     0   507     0
   797     1     3     1     6     8     2     4     0     0     1     1     1     3     1     0   708     0
   798     2     6     2     3     5     7     1     0     1     1     0     0     3     0     1   498     0
   799     1     1     2     2     4     6     8     0     0     0     1     1     3     0     1   447     0
   800     2     8     1     7     1     3     5     1     0     0     0     0     3     1     0   519     0
   801     1     4     1     8     2     4     6     1     1     0     0     0     3     0     1   568     0
   802     1     4     1     8     2     4     6     0     1     0     0     0     1     1     0   622     0
   803     1     4     1     8     2     4     6     0     0     1     1     0     1     0     1   894     0
   804     1     4     1     8     2     4     6     0     0     0     0     1     1     0     0   445     0
   805     2     8     1     7     1     3     5     0     1     1     1     0     3     0     1   518     0
   806     2     8     1     7     1     3     5     0     0     0     1     0     1     0     1  1013     0
   807     2     5     0     1     3     5     7     0     0     0     1     1     2     0     0   500     0
   808     2     5     0     1     3     5     7     1     0     0     1     1     1     1     0   403     0
   809     1     1     2     2     4     6     8     0     0     1     0     0     3     1     0   453     0
   810     1     1     2     2     4     6     8     1     1     0     0     1     1     1     1   735     0
   811     2     8     1     7     1     3     5     0     1     0     1     0     3     1     0   580     0
   812     2     6     2     3     5     7     1     0     0     0     0     1     2     0     1   514     0
   813     1     3     1     6     8     2     4     0     1     0     1     1     3     0     1   654     0
   814     1     3     1     6     8     2     4     0     1     0     0     1     1     0     0   518     0
   815     1     3     1     6     8     2     4     1     0     1     1     1     1     1     1   603     0
   816     1     4     1     8     2     4     6     1     0     1     1     1     2     0     0   743     0
   817     1     1     2     2     4     6     8     0     0     1     0     1     2     1     0   580     0
   818     1     1     2     2     4     6     8     1     1     0     1     0     1     1     1   507     0
   819     2     6     2     3     5     7     1     0     0     0     1     1     3     1     1   454     0
   820     1     3     1     6     8     2     4     1     0     1     1     0     3     1     0   637     0
   821     2     8     1     7     1     3     5     1     1     0     0     0     3     0     1   543     0
   822     2     8     1     7     1     3     5     0     1     1     0     1     1     1     0   509     0
   823     1     1     2     2     4     6     8     0     1     0     1     1     3     0     0   552     0
   824     1     1     2     2     4     6     8     1     1     1     1     1     1     1     0   477     0
   825     1     1     2     2     4     6     8     1     0     1     0     1     1     0     1   460     0
   826     1     1     2     2     4     6     8     1     1     1     0     1     1     0     1   679     0
   827     1     2     2     4     6     8     2     0     1     0     0     1     2     1     0   523     0
   828     2     7     0     5     7     1     3     0     0     1     0     1     3     0     1   666     0
   829     2     5     0     1     3     5     7     0     0     0     0     0     2     0     0   564     0
   830     2     5     0     1     3     5     7     1     0     1     0     1     1     1     0   407     0
   831     2     5     0     1     3     5     7     0     0     1     0     1     1     1     0   329     0
   832     2     5     0     1     3     5     7     1     0     0     1     0     1     1     0   490     0
   833     2     6     2     3     5     7     1     1     0     0     1     0     2     0     0   621     0
   834     2     6     2     3     5     7     1     0     0     0     1     0     1     1     0   395     0
   835     2     7     0     5     7     1     3     0     0     1     1     1     2     0     0   544     1
   836     1     4     1     8     2     4     6     0     0     0     1     0     3     0     0   496     0
   837     1     2     2     4     6     8     2     1     0     0     0     0     2     1     0   484     0
   838     1     2     2     4     6     8     2     0     0     0     1     1     1     1     0   441     0
   839     2     8     1     7     1     3     5     1     0     0     0     0     3     1     0   501     0
   840     1     1     2     2     4     6     8     1     0     0     1     1     3     0     0   472     0
   841     1     2     2     4     6     8     2     0     0     1     0     1     2     1     0   738     0
   842     1     2     2     4     6     8     2     0     1     1     0     0     1     0     1   437     0
   843     1     1     2     2     4     6     8     0     0     0     0     1     2     0     1   480     0
   844     1     1     2     2     4     6     8     1     1     1     0     0     1     1     1   788     0
   845     2     5     0     1     3     5     7     1     1     1     0     1     3     0     0   445     1
   846     1     2     2     4     6     8     2     0     0     0     0     0     3     1     1   540     0
   847     2     6     2     3     5     7     1     0     0     1     1     1     3     0     0   538     0
   848     2     6     2     3     5     7     1     0     1     1     0     1     1     0     1   408     1
   849     1     4     1     8     2     4     6     1     0     1     0     0     3     1     1   691     0
   850     1     3     1     6     8     2     4     1     1     0     1     1     2     0     1   756     0
   851     2     5     0     1     3     5     7     1     1     1     1     0     3     0     0   487     0
   852     2     5     0     1     3     5     7     1     0     0     0     1     1     0     1   796     0
   853     2     7     0     5     7     1     3     1     0     1     1     1     2     0     0   746     0
   854     2     7     0     5     7     1     3     1     0     1     1     1     1     0     0   565     0
   855     2     5     0     1     3     5     7     0     0     0     0     0     2     1     0   644     0
   856     2     6     2     3     5     7     1     1     0     0     0     0     2     1     0   548     0
   857     1     3     1     6     8     2     4     1     0     0     0     1     3     0     0   557     0
   858     2     8     1     7     1     3     5     0     1     1     0     0     3     1     1   629     0
   859     1     2     2     4     6     8     2     0     1     1     1     0     3     0     0   555     0
   860     1     2     2     4     6     8     2     1     0     1     1     1     1     1     1   702     0
   861     1     2     2     4     6     8     2     0     0     1     0     1     1     1     0   547     0
   862     1     1     2     2     4     6     8     0     1     0     1     1     2     0     1   623     0
   863     2     8     1     7     1     3     5     0     1     0     1     1     3     0     0   558     0
   864     2     8     1     7     1     3     5     0     0     1     0     0     1     0     1   770     0
   865     1     1     2     2     4     6     8     0     0     0     0     1     3     0     0   775     0
   866     1     1     2     2     4     6     8     1     1     1     1     0     1     1     1   910     0
   867     2     5     0     1     3     5     7     0     1     1     0     1     3     1     0   497     0
   868     2     5     0     1     3     5     7     1     1     1     0     1     1     1     0   505     0
   869     2     7     0     5     7     1     3     0     0     0     1     0     2     1     1   785     0
   870     2     7     0     5     7     1     3     1     1     1     0     1     1     1     1   681     0
   871     1     1     2     2     4     6     8     0     0     0     1     0     3     1     1   742     0
   872     1     1     2     2     4     6     8     0     1     1     1     1     1     0     1   513     0
   873     1     2     2     4     6     8     2     1     0     1     0     1     2     1     1   847     0
   874     1     3     1     6     8     2     4     0     1     1     0     0     2     1     1   697     0
   875     1     3     1     6     8     2     4     1     0     1     0     0     1     1     1   564     0
   876     1     3     1     6     8     2     4     0     0     0     0     0     1     1     0   625     0
   877     1     3     1     6     8     2     4     0     0     1     1     0     1     0     0   548     1
   878     1     3     1     6     8     2     4     0     0     0     0     0     1     0     0   454     0
   879     2     5     0     1     3     5     7     0     1     1     1     0     3     0     1   680     0
   880     2     5     0     1     3     5     7     0     1     1     1     0     1     0     0   799     0
   881     2     8     1     7     1     3     5     0     1     0     1     1     2     0     0   893     0
   882     2     8     1     7     1     3     5     0     0     0     1     0     1     0     1   575     0
   883     2     8     1     7     1     3     5     1     0     0     0     1     1     1     0  1015     0
   884     2     8     1     7     1     3     5     1     1     1     0     1     1     0     1   640     0
   885     2     5     0     1     3     5     7     1     1     0     0     0     2     0     0   728     0
   886     2     5     0     1     3     5     7     1     1     0     0     1     1     0     0   624     0
   887     2     8     1     7     1     3     5     1     1     0     0     0     2     0     0   825     0
   888     2     5     0     1     3     5     7     0     0     0     0     1     2     1     1   758     0
   889     1     4     1     8     2     4     6     0     0     0     1     1     3     0     0   599     0
   890     2     7     0     5     7     1     3     0     0     0     1     0     3     0     0   924     0
   891     1     2     2     4     6     8     2     1     1     1     0     1     3     1     1   530     0
   892     1     2     2     4     6     8     2     1     0     0     0     1     1     0     1   660     0
   893     2     6     2     3     5     7     1     1     0     1     1     1     3     0     0   592     0
   894     1     1     2     2     4     6     8     1     1     1     1     0     3     0     1   642     0
   895     1     4     1     8     2     4     6     0     1     0     0     0     2     1     0   904     0
   896     2     5     0     1     3     5     7     0     0     1     0     0     3     0     1   514     0
