     1     2     8     1     7     1     3     5     1     1     1     0     0     3     0     0   785     0
     2     2     8     1     7     1     3     5     0     0     0     1     0     1     1     1  1045     0
     3     1     1     2     2     4     6     8     0     0     1     1     0     3     0     0   650     0
     4     2     8     1     7     1     3     5     1     0     1     1     1     3     1     0   508     1
     5     1     1     2     2     4     6     8     1     1     0     1     1     3     0     1   695     0
     6     1     1     2     2     4     6     8     0     0     1     0     0     1     1     1   677     0
     7     1     1     2     2     4     6     8     1     0     1     0     0     1     1     0   623     0
     8     1     1     2     2     4     6     8     1     1     0     1     0     1     0     1   583     0
     9     2     8     1     7     1     3     5     0     1     0     1     1     3     1     0   656     0
    10     2     6     2     3     5     7     1     1     1     1     0     0     2     1     0   638     0
    11     2     5     0     1     3     5     7     0     1     0     0     1     2     1     0   872     0
    12     2     5     0     1     3     5     7     1     0     1     0     0     1     1     1  1130     0
    13     1     2     2     4     6     8     2     1     0     0     1     0     3     0     0  1017     0
    14     1     2     2     4     6     8     2     1     1     0     0     0     1     0     1   878     0
    15     1     1     2     2     4     6     8     0     1     1     1     1     2     1     0  1088     0
    16     1     1     2     2     4     6     8     0     0     0     1     1     1     0     1   802     0
    17     1     2     2     4     6     8     2     0     1     0     1     1     2     0     1  1075     0
    18     1     2     2     4     6     8     2     0     0     1     0     1     1     0     1   637     0
    19     1     3     1     6     8     2     4     0     0     1     0     1     2     0     0   882     0
    20     1     3     1     6     8     2     4     1     0     0     1     1     1     1     0   724     0
    21     2     5     0     1     3     5     7     1     1     1     0     0     3     0     1   775     0
    22     1     2     2     4     6     8     2     0     1     0     1     0     3     1     0   815     0
    23     2     8     1     7     1     3     5     1     0     0     1     0     3     1     1   688     0
    24     1     3     1     6     8     2     4     1     0     0     0     1     3     0     0   698     0
    25     1     1     2     2     4     6     8     0     0     1     1     0     2     1     0   872     0
    26     1     3     1     6     8     2     4     1     1     0     1     0     2     1     1   869     0
    27     1     1     2     2     4     6     8     0     1     1     0     1     2     1     0   856     0
    28     1     2     2     4     6     8     2     1     1     0     1     1     2     1     0   621     0
    29     2     7     0     5     7     1     3     1     1     0     0     0     3     0     0   762     0
    30     2     8     1     7     1     3     5     1     1     1     0     1     2     0     0   629     0
    31     1     4     1     8     2     4     6     0     0     0     0     0     3     1     1  1370     0
    32     1     4     1     8     2     4     6     1     0     1     0     1     1     1     0  1009     0
    33     1     3     1     6     8     2     4     0     0     1     0     0     2     1     0   622     0
    34     1     4     1     8     2     4     6     1     0     0     1     1     2     1     0   780     0
    35     1     3     1     6     8     2     4     1     1     0     0     1     2     0     1   765     0
    36     1     3     1     6     8     2     4     1     1     1     1     0     1     0     0   633     0
    37     2     5     0     1     3     5     7     1     0     1     0     1     3     0     1   717     0
    38     1     2     2     4     6     8     2     1     0     1     1     0     3     0     0   675     0
    39     1     1     2     2     4     6     8     1     0     1     0     1     2     0     0   557     0
    40     1     2     2     4     6     8     2     0     1     1     0     1     2     1     1   693     0
    41     2     8     1     7     1     3     5     0     0     0     1     0     3     0     1   900     0
    42     2     8     1     7     1     3     5     0     1     1     1     0     1     0     1   606     0
    43     1     4     1     8     2     4     6     1     1     0     0     0     3     1     0   719     0
    44     1     4     1     8     2     4     6     0     1     1     0     1     1     1     0   638     0
    45     2     5     0     1     3     5     7     1     1     1     1     1     3     1     0   643     0
    46     2     5     0     1     3     5     7     1     1     0     1     1     1     0     0   530     0
    47     1     4     1     8     2     4     6     1     0     1     1     0     3     0     1   792     0
    48     2     7     0     5     7     1     3     1     0     0     0     1     3     0     0   683     0
    49     1     2     2     4     6     8     2     1     0     1     0     0     3     0     0   626     0
    50     1     2     2     4     6     8     2     1     1     0     1     1     1     0     1   772     0
    51     1     2     2     4     6     8     2     1     1     0     0     1     1     0     0   527     0
    52     1     2     2     4     6     8     2     0     1     0     0     0     1     1     0   753     0
    53     1     1     2     2     4     6     8     0     1     1     1     0     2     0     0   905     0
    54     1     1     2     2     4     6     8     0     0     0     1     1     1     0     1   780     0
    55     2     8     1     7     1     3     5     0     1     1     0     1     3     0     1   688     0
    56     2     8     1     7     1     3     5     1     1     1     1     0     1     1     0   651     0
    57     2     5     0     1     3     5     7     1     0     1     0     1     2     0     1   840     0
    58     2     5     0     1     3     5     7     1     0     1     1     0     1     0     0   618     0
    59     1     3     1     6     8     2     4     0     0     0     1     1     3     1     0   930     0
    60     1     3     1     6     8     2     4     0     0     0     1     0     1     0     0   633     0
    61     1     3     1     6     8     2     4     1     1     0     1     0     1     1     1   783     0
    62     1     3     1     6     8     2     4     1     0     0     1     1     1     0     1   511     0
    63     1     2     2     4     6     8     2     1     1     1     1     1     2     0     1   710     0
    64     1     2     2     4     6     8     2     1     0     0     1     1     1     0     1   693     0
    65     2     8     1     7     1     3     5     1     1     0     1     1     3     0     1   811     0
    66     2     8     1     7     1     3     5     1     0     0     1     0     1     0     1   549     0
    67     2     6     2     3     5     7     1     1     1     1     0     0     2     0     1   564     0
    68     1     3     1     6     8     2     4     0     0     1     1     0     3     1     1   641     0
    69     2     7     0     5     7     1     3     0     0     0     1     1     3     0     0   614     0
    70     2     8     1     7     1     3     5     0     0     1     0     0     2     0     0   563     0
    71     1     4     1     8     2     4     6     1     1     1     1     0     3     1     1   955     0
    72     1     4     1     8     2     4     6     1     1     1     1     0     1     0     0   610     0
    73     1     3     1     6     8     2     4     1     0     1     0     1     2     0     1   719     0
    74     1     2     2     4     6     8     2     1     1     1     0     1     2     0     1   736     0
    75     1     2     2     4     6     8     2     1     0     0     0     1     1     0     1  1024     0
    76     2     7     0     5     7     1     3     0     1     1     1     0     3     1     1   624     0
    77     1     3     1     6     8     2     4     1     1     1     0     1     3     1     0   722     0
    78     1     3     1     6     8     2     4     1     1     0     1     1     1     0     0   553     0
    79     1     2     2     4     6     8     2     0     1     1     1     1     2     1     0   637     0
    80     1     2     2     4     6     8     2     1     1     1     0     0     1     1     0   562     0
    81     2     7     0     5     7     1     3     0     1     1     0     0     3     1     0   785     0
    82     2     7     0     5     7     1     3     0     1     1     0     1     1     0     0   369     0
    83     1     2     2     4     6     8     2     1     0     0     0     1     3     1     1   689     0
    84     1     1     2     2     4     6     8     0     1     0     1     1     2     1     1   738     0
    85     2     6     2     3     5     7     1     0     1     0     1     1     3     0     0   549     0
    86     2     5     0     1     3     5     7     1     0     1     1     1     2     1     1   708     0
    87     1     4     1     8     2     4     6     0     1     1     0     1     3     1     1   516     0
    88     1     3     1     6     8     2     4     0     0     1     1     1     2     0     1   639     0
    89     2     6     2     3     5     7     1     1     1     1     1     1     3     1     1   775     0
    90     2     7     0     5     7     1     3     0     0     1     1     1     2     1     1   598     0
    91     1     1     2     2     4     6     8     1     0     0     1     0     3     1     0   599     0
    92     1     2     2     4     6     8     2     1     0     1     0     0     2     0     0   788     0
    93     1     1     2     2     4     6     8     1     1     0     1     1     2     0     1   576     0
    94     1     4     1     8     2     4     6     1     1     0     1     1     2     0     0   673     0
    95     2     5     0     1     3     5     7     1     0     0     1     0     3     0     1   663     0
    96     1     2     2     4     6     8     2     1     1     0     1     0     3     0     1   708     0
    97     1     3     1     6     8     2     4     0     0     0     0     0     2     1     1  1500     2
    98     1     3     1     6     8     2     4     1     1     1     0     0     1     1     1   578     0
    99     2     5     0     1     3     5     7     0     0     1     1     0     3     1     1   674     0
   100     2     5     0     1     3     5     7     0     1     1     0     1     1     0     1   612     0
   101     2     7     0     5     7     1     3     1     1     0     0     0     2     1     0   733     0
   102     2     5     0     1     3     5     7     0     1     0     0     0     2     1     0   688     0
   103     2     6     2     3     5     7     1     1     1     0     0     1     2     1     0   581     0
   104     2     6     2     3     5     7     1     1     0     1     0     1     1     0     1   618     0
   105     1     2     2     4     6     8     2     0     0     1     0     1     3     1     0   647     0
   106     1     2     2     4     6     8     2     1     1     0     1     0     1     1     1   591     0
   107     2     6     2     3     5     7     1     0     1     1     0     1     3     1     0   560     0
   108     1     1     2     2     4     6     8     1     1     1     1     0     3     1     0   547     0
   109     2     7     0     5     7     1     3     1     0     1     0     1     3     0     1   639     0
   110     2     7     0     5     7     1     3     0     1     1     0     1     1     1     1   736     0
   111     2     6     2     3     5     7     1     1     0     0     0     0     2     1     1  1426     1
   112     2     6     2     3     5     7     1     0     0     1     1     1     1     1     0   633     0
   113     1     2     2     4     6     8     2     1     0     0     0     1     3     1     0   652     0
   114     2     7     0     5     7     1     3     0     1     1     1     0     3     1     1   694     0
   115     2     6     2     3     5     7     1     0     1     0     1     0     2     0     0   541     0
   116     2     6     2     3     5     7     1     0     1     0     0     1     1     0     0   549     0
   117     1     2     2     4     6     8     2     0     1     1     0     0     3     0     0   700     0
   118     1     1     2     2     4     6     8     1     0     0     0     1     2     1     1   783     0
   119     2     7     0     5     7     1     3     0     0     1     1     1     3     1     0   582     0
   120     2     6     2     3     5     7     1     1     1     1     1     1     2     1     1   907     0
   121     1     2     2     4     6     8     2     0     0     1     1     0     3     1     1   562     0
   122     2     7     0     5     7     1     3     0     1     1     0     0     3     0     1   609     0
   123     1     2     2     4     6     8     2     1     1     0     0     0     3     1     0   657     0
   124     1     2     2     4     6     8     2     1     0     0     1     0     1     0     1   483     0
   125     2     8     1     7     1     3     5     0     1     1     0     1     3     1     1   577     0
   126     2     5     0     1     3     5     7     1     0     0     0     0     2     1     1   802     0
   127     2     5     0     1     3     5     7     0     0     0     0     1     1     1     0   566     0
   128     2     5     0     1     3     5     7     0     1     0     1     0     1     0     1   505     0
   129     1     3     1     6     8     2     4     0     1     1     0     1     3     0     0   693     0
   130     1     3     1     6     8     2     4     1     1     1     0     1     1     1     0   695     0
   131     1     1     2     2     4     6     8     0     1     1     1     1     2     1     0   641     0
   132     1     2     2     4     6     8     2     1     1     0     0     0     2     1     0   775     0
   133     1     4     1     8     2     4     6     0     0     1     0     1     2     1     1   712     0
   134     1     4     1     8     2     4     6     0     1     0     1     1     1     0     1   579     0
   135     2     7     0     5     7     1     3     0     1     1     0     1     3     0     0   607     0
   136     2     7     0     5     7     1     3     0     1     1     0     1     1     0     0   515     0
   137     1     2     2     4     6     8     2     1     0     1     0     1     3     1     1   690     0
   138     2     7     0     5     7     1     3     1     1     1     1     1     3     0     1   499     0
   139     1     1     2     2     4     6     8     1     0     0     0     0     3     0     1   706     0
   140     1     4     1     8     2     4     6     1     0     1     0     1     2     0     0   649     0
   141     2     5     0     1     3     5     7     0     0     1     0     0     3     1     0   562     0
   142     2     7     0     5     7     1     3     1     0     1     1     0     2     1     0   634     0
   143     1     3     1     6     8     2     4     0     0     1     0     1     3     1     0   639     0
   144     1     3     1     6     8     2     4     1     0     0     0     0     1     1     0   492     0
   145     2     7     0     5     7     1     3     0     1     0     1     1     3     1     1   495     0
   146     1     2     2     4     6     8     2     1     0     0     1     0     3     1     1   513     0
   147     1     3     1     6     8     2     4     0     0     0     0     0     2     1     0   529     0
   148     1     3     1     6     8     2     4     0     1     1     1     0     1     0     1   604     0
   149     2     6     2     3     5     7     1     0     0     0     0     1     3     0     1   641     0
   150     1     1     2     2     4     6     8     0     0     0     1     1     3     0     0   574     0
   151     1     3     1     6     8     2     4     0     1     0     1     1     2     0     1   766     0
   152     1     3     1     6     8     2     4     1     1     1     1     1     1     1     0   513     0
   153     1     3     1     6     8     2     4     1     1     0     0     0     1     0     0  1004     0
   154     1     3     1     6     8     2     4     1     1     1     1     1     1     0     0   556     0
   155     2     7     0     5     7     1     3     1     1     0     0     0     3     0     0   571     0
   156     2     7     0     5     7     1     3     1     1     0     1     0     1     0     0   536     0
   157     1     2     2     4     6     8     2     1     1     1     0     1     3     0     0   540     0
   158     1     2     2     4     6     8     2     1     0     0     1     0     1     0     1   611     0
   159     1     1     2     2     4     6     8     0     0     1     1     0     2     1     0   931     0
   160     1     1     2     2     4     6     8     1     1     1     1     1     1     1     1   742     0
   161     2     7     0     5     7     1     3     1     0     1     0     1     3     0     1   925     0
   162     2     7     0     5     7     1     3     1     1     1     0     1     1     0     1   499     0
   163     2     5     0     1     3     5     7     1     1     0     0     0     2     0     0   641     0
   164     2     5     0     1     3     5     7     1     1     0     0     0     1     0     0   537     0
   165     2     8     1     7     1     3     5     0     1     1     0     1     2     1     0   766     0
   166     1     1     2     2     4     6     8     0     1     1     1     1     3     0     0   469     0
   167     2     8     1     7     1     3     5     1     1     1     0     0     3     1     0   651     0
   168     2     8     1     7     1     3     5     0     1     1     1     1     1     1     0   441     0
   169     1     4     1     8     2     4     6     0     0     1     1     1     3     0     1   662     0
   170     1     4     1     8     2     4     6     0     1     1     0     0     1     0     1   567     0
   171     1     3     1     6     8     2     4     0     0     1     1     1     2     0     1   655     0
   172     2     8     1     7     1     3     5     1     1     0     1     1     3     1     1   432     0
   173     1     4     1     8     2     4     6     1     0     1     0     1     3     0     1   777     0
   174     1     4     1     8     2     4     6     1     0     1     0     1     1     0     0   669     0
   175     2     8     1     7     1     3     5     1     1     1     1     0     3     0     1   626     0
   176     2     7     0     5     7     1     3     1     0     0     1     1     2     0     1   779     0
   177     1     3     1     6     8     2     4     0     1     1     1     1     3     1     1   516     0
   178     1     1     2     2     4     6     8     0     1     1     1     1     2     0     0   599     0
   179     1     2     2     4     6     8     2     1     1     1     1     0     2     1     0   785     0
   180     1     2     2     4     6     8     2     0     0     0     0     1     1     1     1  1061     0
   181     1     2     2     4     6     8     2     0     0     1     1     0     1     0     0   658     0
   182     2     5     0     1     3     5     7     1     0     1     1     1     3     1     0   781     0
   183     2     7     0     5     7     1     3     1     1     1     1     0     2     0     1   861     1
   184     2     7     0     5     7     1     3     0     0     1     1     1     1     1     1   733     0
   185     2     7     0     5     7     1     3     1     0     0     1     1     1     1     0   528     0
   186     2     7     0     5     7     1     3     0     0     1     1     0     1     1     0   559     0
   187     2     7     0     5     7     1     3     1     1     1     0     0     1     1     1   530     0
   188     2     8     1     7     1     3     5     1     1     1     0     1     2     0     0   905     0
   189     1     4     1     8     2     4     6     0     0     0     1     1     3     1     1   642     0
   190     1     4     1     8     2     4     6     1     1     1     1     1     1     1     1   644     0
   191     1     1     2     2     4     6     8     0     0     0     1     1     2     1     1   622     0
   192     1     4     1     8     2     4     6     1     1     0     0     1     2     1     1   634     0
   193     2     5     0     1     3     5     7     0     0     0     1     0     3     1     1   611     0
   194     2     5     0     1     3     5     7     0     1     1     1     1     1     0     1   640     0
   195     2     6     2     3     5     7     1     1     0     1     1     1     2     1     1   794     0
   196     2     8     1     7     1     3     5     0     1     1     0     1     2     1     1   638     0
   197     1     2     2     4     6     8     2     0     0     0     1     0     3     0     1   900     0
   198     1     2     2     4     6     8     2     0     1     0     1     0     1     0     1   706     0
   199     2     7     0     5     7     1     3     0     0     0     0     0     3     0     1   693     0
   200     2     7     0     5     7     1     3     0     1     1     1     0     1     0     1   987     0
   201     2     7     0     5     7     1     3     0     1     0     0     0     1     0     0   818     0
   202     2     5     0     1     3     5     7     0     0     0     1     1     2     0     1   563     0
   203     1     4     1     8     2     4     6     0     0     1     1     0     3     0     0   540     0
   204     1     4     1     8     2     4     6     1     1     0     0     1     1     1     1   562     0
   205     1     4     1     8     2     4     6     1     0     1     1     1     1     0     1   638     0
   206     1     4     1     8     2     4     6     1     0     0     0     1     1     0     0   463     0
   207     2     7     0     5     7     1     3     1     1     1     0     0     3     0     1   461     0
   208     1     4     1     8     2     4     6     1     0     1     0     1     3     0     1   594     0
   209     1     3     1     6     8     2     4     0     0     1     0     0     2     1     0   699     0
   210     1     3     1     6     8     2     4     1     0     1     0     0     1     1     0   754     0
   211     2     6     2     3     5     7     1     1     0     0     1     0     3     0     0   678     0
   212     2     6     2     3     5     7     1     1     1     0     1     1     1     0     1   516     0
   213     1     3     1     6     8     2     4     1     1     0     1     0     3     0     0   734     0
   214     1     4     1     8     2     4     6     0     0     0     1     0     2     1     1   809     0
   215     1     4     1     8     2     4     6     1     1     1     1     0     1     1     1   959     0
   216     1     2     2     4     6     8     2     0     1     0     1     0     2     1     0   682     0
   217     2     8     1     7     1     3     5     1     0     0     1     0     3     1     1   593     0
   218     2     8     1     7     1     3     5     1     0     0     0     1     1     0     0   590     0
   219     2     8     1     7     1     3     5     0     0     0     0     1     1     1     0   499     0
   220     1     1     2     2     4     6     8     0     1     1     1     0     3     0     1   530     0
   221     1     4     1     8     2     4     6     0     1     1     1     0     2     0     0   604     0
   222     2     5     0     1     3     5     7     0     0     0     0     1     3     0     1   741     0
   223     1     2     2     4     6     8     2     0     1     0     1     1     3     0     1   783     0
   224     1     3     1     6     8     2     4     0     0     0     0     0     2     0     1   632     0
   225     1     1     2     2     4     6     8     0     0     1     1     1     2     0     0   740     0
   226     2     6     2     3     5     7     1     0     0     0     0     1     3     0     0   519     1
   227     1     4     1     8     2     4     6     0     1     0     0     1     3     0     1   686     0
   228     2     5     0     1     3     5     7     0     1     0     1     0     3     0     0   608     0
   229     1     3     1     6     8     2     4     1     0     0     1     1     3     1     1  1081     0
   230     2     6     2     3     5     7     1     0     1     0     1     1     3     1     1   599     0
   231     1     3     1     6     8     2     4     0     1     1     0     1     3     0     0   703     0
   232     1     3     1     6     8     2     4     1     0     1     0     0     1     1     1   614     0
   233     2     8     1     7     1     3     5     1     1     0     1     1     3     0     1   739     0
   234     2     8     1     7     1     3     5     1     1     0     1     0     1     0     0   599     0
   235     2     7     0     5     7     1     3     1     0     0     0     0     2     0     1   599     0
   236     2     5     0     1     3     5     7     0     1     1     1     1     2     1     1   644     0
   237     2     7     0     5     7     1     3     1     0     1     0     1     2     1     1   561     0
   238     2     7     0     5     7     1     3     0     0     0     0     0     1     1     0   500     0
   239     2     8     1     7     1     3     5     0     0     1     1     1     2     0     0   570     0
   240     1     1     2     2     4     6     8     1     1     0     1     1     3     1     1   563     0
   241     2     8     1     7     1     3     5     1     0     1     1     0     3     0     1   547     0
   242     2     5     0     1     3     5     7     0     0     0     0     1     2     1     0   727     0
   243     2     7     0     5     7     1     3     0     1     0     1     0     2     0     1   794     0
   244     2     7     0     5     7     1     3     0     0     0     0     0     1     0     1  1195     0
   245     2     5     0     1     3     5     7     1     0     1     0     0     2     1     0   554     0
   246     2     8     1     7     1     3     5     0     0     1     0     0     2     1     0   558     0
   247     2     7     0     5     7     1     3     1     1     1     0     1     2     1     1   554     0
   248     2     7     0     5     7     1     3     0     1     0     1     1     1     1     0   670     0
   249     2     6     2     3     5     7     1     0     1     1     1     1     2     0     0   616     0
   250     2     6     2     3     5     7     1     0     0     1     1     1     1     0     1   545     0
   251     2     5     0     1     3     5     7     0     0     0     0     0     2     0     0   535     0
   252     2     6     2     3     5     7     1     1     1     1     0     1     2     1     1   799     0
   253     1     2     2     4     6     8     2     0     0     0     1     0     3     1     1   767     0
   254     1     3     1     6     8     2     4     1     0     1     0     1     2     1     0   607     0
   255     2     5     0     1     3     5     7     1     0     0     1     0     3     0     0   520     0
   256     2     8     1     7     1     3     5     0     1     0     0     1     2     1     1   662     0
   257     1     2     2     4     6     8     2     0     0     1     0     0     3     0     1   592     0
   258     1     2     2     4     6     8     2     1     0     1     0     0     1     1     0   597     0
   259     1     1     2     2     4     6     8     0     1     0     1     0     2     1     1   937     0
   260     1     1     2     2     4     6     8     1     0     1     1     0     1     1     1   610     0
   261     2     8     1     7     1     3     5     0     1     0     0     0     3     1     1   724     0
   262     2     6     2     3     5     7     1     1     1     0     0     0     2     1     0   587     1
   263     1     1     2     2     4     6     8     1     0     1     0     1     3     0     1   518     0
   264     1     1     2     2     4     6     8     0     1     1     0     1     1     1     1   653     0
   265     1     3     1     6     8     2     4     0     0     1     0     1     2     0     1   643     0
   266     2     6     2     3     5     7     1     1     0     1     1     0     3     1     0   671     0
   267     1     2     2     4     6     8     2     0     1     1     1     1     3     1     1   494     0
   268     1     3     1     6     8     2     4     1     0     0     0     1     2     1     1   637     0
   269     1     1     2     2     4     6     8     1     1     0     1     0     2     0     1   566     0
   270     2     6     2     3     5     7     1     1     1     1     1     0     3     0     0   550     0
   271     1     3     1     6     8     2     4     0     1     1     0     0     3     1     0   926     0
   272     1     3     1     6     8     2     4     1     1     0     0     0     1     1     0   769     0
   273     2     6     2     3     5     7     1     1     0     1     1     1     3     0     1   597     0
   274     2     8     1     7     1     3     5     0     1     1     0     1     2     1     1   714     0
   275     1     2     2     4     6     8     2     0     0     0     1     0     3     0     1   657     0
   276     1     2     2     4     6     8     2     0     1     1     1     1     1     0     1   731     0
   277     2     8     1     7     1     3     5     1     1     1     1     1     3     1     0   682     0
   278     2     5     0     1     3     5     7     0     0     0     1     1     2     1     1  1048     0
   279     2     5     0     1     3     5     7     1     1     0     0     0     1     1     1   733     0
   280     1     4     1     8     2     4     6     1     1     0     1     0     3     0     0   668     0
   281     2     8     1     7     1     3     5     0     1     1     1     1     3     1     0   581     0
   282     2     8     1     7     1     3     5     0     0     1     0     1     1     0     1   528     0
   283     2     7     0     5     7     1     3     0     0     0     1     0     2     0     0   603     0
   284     1     2     2     4     6     8     2     0     1     1     1     1     3     0     1   849     0
   285     2     7     0     5     7     1     3     1     1     0     0     0     3     1     0   794     0
   286     2     7     0     5     7     1     3     0     1     1     0     0     1     1     0   559     0
   287     1     2     2     4     6     8     2     0     1     1     0     1     3     0     0   534     0
   288     1     2     2     4     6     8     2     0     0     1     0     1     1     0     1   537     0
   289     2     5     0     1     3     5     7     1     0     0     1     0     3     1     0   976     0
   290     2     7     0     5     7     1     3     0     0     0     1     0     2     1     0   643     0
   291     1     2     2     4     6     8     2     0     0     1     0     0     3     0     0   724     0
   292     1     2     2     4     6     8     2     1     0     1     1     1     1     1     0   579     0
   293     2     7     0     5     7     1     3     0     1     0     0     0     3     1     1   568     0
   294     2     7     0     5     7     1     3     1     0     1     1     1     1     1     1   560     0
   295     1     1     2     2     4     6     8     1     0     1     1     0     3     0     0   703     0
   296     2     8     1     7     1     3     5     0     0     1     1     1     3     1     0   553     0
   297     1     4     1     8     2     4     6     0     1     0     1     1     3     0     1   593     0
   298     1     1     2     2     4     6     8     1     0     1     0     0     2     1     1   757     0
   299     1     4     1     8     2     4     6     1     1     0     1     1     2     0     1   541     0
   300     1     4     1     8     2     4     6     1     1     1     1     1     1     0     0   520     0
   301     2     6     2     3     5     7     1     0     0     0     1     0     3     1     1   640     0
   302     1     3     1     6     8     2     4     0     1     0     0     1     3     0     1   725     0
   303     1     1     2     2     4     6     8     1     0     0     1     0     2     1     1   643     0
   304     1     1     2     2     4     6     8     1     1     1     0     0     1     0     1   760     0
   305     2     6     2     3     5     7     1     1     0     1     0     0     3     0     1   500     0
   306     2     5     0     1     3     5     7     1     1     1     1     0     2     0     1   491     0
   307     1     2     2     4     6     8     2     0     1     1     1     0     3     1     0   630     1
   308     1     2     2     4     6     8     2     0     0     0     1     1     1     0     1   590     0
   309     2     7     0     5     7     1     3     0     0     0     1     0     3     0     0   642     0
   310     2     7     0     5     7     1     3     1     1     1     0     1     1     1     1   508     0
   311     2     8     1     7     1     3     5     1     0     0     1     0     2     0     1   604     0
   312     2     8     1     7     1     3     5     0     0     0     1     1     1     1     0   564     0
   313     1     4     1     8     2     4     6     0     1     0     1     0     3     0     1   496     0
   314     1     4     1     8     2     4     6     1     0     1     0     0     1     1     1   603     0
   315     2     8     1     7     1     3     5     1     1     0     0     0     3     0     1   600     0
   316     2     8     1     7     1     3     5     0     0     1     0     1     1     1     1   860     0
   317     2     8     1     7     1     3     5     0     1     1     1     1     1     0     1   649     0
   318     2     8     1     7     1     3     5     1     0     1     0     0     1     1     1   644     0
   319     1     1     2     2     4     6     8     1     1     0     0     1     3     0     1   649     0
   320     1     1     2     2     4     6     8     1     0     0     1     1     1     0     1   567     0
   321     1     2     2     4     6     8     2     0     0     1     1     0     2     1     0   731     0
   322     1     2     2     4     6     8     2     0     0     0     0     1     1     0     0   545     0
   323     1     2     2     4     6     8     2     0     1     0     1     1     1     0     1   615     0
   324     1     2     2     4     6     8     2     0     0     0     1     0     1     0     1   545     0
   325     2     6     2     3     5     7     1     0     0     1     1     1     3     0     0   444     0
   326     2     6     2     3     5     7     1     0     0     1     1     1     1     0     0   582     0
   327     2     7     0     5     7     1     3     0     0     0     0     0     2     0     0   559     0
   328     2     8     1     7     1     3     5     1     0     1     0     1     2     1     0   762     0
   329     1     4     1     8     2     4     6     0     0     0     0     1     3     1     0   518     0
   330     1     4     1     8     2     4     6     0     1     0     1     0     1     0     1   534     0
   331     2     6     2     3     5     7     1     1     1     0     1     1     3     1     0   688     0
   332     2     6     2     3     5     7     1     0     1     0     0     0     1     1     0   618     0
   333     2     8     1     7     1     3     5     1     1     0     1     0     2     1     0   635     0
   334     2     5     0     1     3     5     7     1     0     0     0     0     2     0     1   488     0
   335     2     8     1     7     1     3     5     1     0     0     1     1     2     0     0   563     0
   336     2     8     1     7     1     3     5     0     1     1     0     1     1     1     1   538     0
   337     2     5     0     1     3     5     7     0     1     1     1     1     2     0     0  1055     0
   338     2     5     0     1     3     5     7     1     0     0     0     0     1     1     1   496     0
   339     1     1     2     2     4     6     8     0     1     0     0     0     3     1     1   482     0
   340     1     1     2     2     4     6     8     0     1     0     0     0     1     0     0   485     0
   341     1     3     1     6     8     2     4     1     0     0     0     1     2     1     1   703     0
   342     1     3     1     6     8     2     4     1     1     1     0     1     1     0     1   558     0
   343     2     8     1     7     1     3     5     1     1     0     0     1     3     0     0   502     0
   344     2     8     1     7     1     3     5     0     1     0     0     1     1     1     0   620     0
   345     1     4     1     8     2     4     6     1     0     1     0     0     3     1     1   474     0
   346     1     4     1     8     2     4     6     1     0     1     1     1     1     0     0   628     0
   347     1     3     1     6     8     2     4     1     1     1     1     0     2     0     1   457     0
   348     1     1     2     2     4     6     8     0     1     0     1     0     2     1     0   595     0
   349     2     8     1     7     1     3     5     0     0     0     0     0     3     0     1   744     0
   350     2     8     1     7     1     3     5     0     0     0     1     1     1     0     0   474     0
   351     2     5     0     1     3     5     7     0     1     0     1     0     2     0     1   616     0
   352     1     2     2     4     6     8     2     1     1     0     1     1     3     1     0   853     0
   353     1     3     1     6     8     2     4     1     1     0     0     1     2     0     0   563     0
   354     1     1     2     2     4     6     8     1     0     0     0     0     2     0     1   743     0
   355     2     8     1     7     1     3     5     0     0     1     1     0     3     1     0   879     0
   356     2     6     2     3     5     7     1     1     0     0     0     0     2     1     0   616     0
   357     1     3     1     6     8     2     4     0     1     0     1     0     3     1     1   741     0
   358     1     3     1     6     8     2     4     0     0     0     1     0     1     0     1   712     0
   359     2     6     2     3     5     7     1     0     0     1     1     0     3     0     0   566     0
   360     2     6     2     3     5     7     1     1     0     1     1     1     1     1     0   486     0
   361     2     7     0     5     7     1     3     1     1     1     1     0     2     0     1   653     0
   362     1     4     1     8     2     4     6     0     1     1     1     0     3     1     0   871     0
   363     1     1     2     2     4     6     8     0     0     0     0     1     2     0     1   500     0
   364     1     1     2     2     4     6     8     0     0     0     1     1     1     0     0   607     0
   365     1     2     2     4     6     8     2     1     0     0     1     0     2     1     0   765     0
   366     1     2     2     4     6     8     2     0     0     0     0     0     1     1     0   576     0
   367     2     8     1     7     1     3     5     0     0     0     1     1     3     0     0   736     0
   368     2     7     0     5     7     1     3     0     1     0     0     1     2     0     1   499     0
   369     2     5     0     1     3     5     7     1     1     0     1     1     2     1     0   617     0
   370     2     6     2     3     5     7     1     1     0     1     0     0     2     0     1   630     0
   371     2     7     0     5     7     1     3     0     1     1     0     0     2     1     1   612     0
   372     1     4     1     8     2     4     6     0     1     0     1     0     3     0     0   616     0
   373     2     8     1     7     1     3     5     1     1     1     1     0     3     1     0   554     0
   374     2     8     1     7     1     3     5     0     1     0     1     0     1     1     0   507     0
   375     2     6     2     3     5     7     1     1     0     0     1     0     2     1     1   850     0
   376     2     6     2     3     5     7     1     1     1     1     0     1     1     0     1   543     0
   377     2     6     2     3     5     7     1     0     0     0     1     0     1     1     1   547     0
   378     2     6     2     3     5     7     1     1     0     1     0     1     1     1     0   543     0
   379     1     2     2     4     6     8     2     1     1     0     0     1     3     0     1   523     0
   380     1     4     1     8     2     4     6     0     0     0     0     0     2     1     1  1118     0
   381     2     8     1     7     1     3     5     0     0     1     1     0     3     0     0   545     0
   382     1     3     1     6     8     2     4     0     0     0     0     1     3     0     0   657     0
   383     2     7     0     5     7     1     3     0     1     0     0     0     3     0     1   694     0
   384     2     7     0     5     7     1     3     1     0     1     1     1     1     1     1   740     0
   385     2     7     0     5     7     1     3     1     0     1     1     0     1     0     0   519     0
   386     2     7     0     5     7     1     3     1     0     0     0     1     1     0     0   538     0
   387     1     4     1     8     2     4     6     0     0     1     1     1     3     1     0   789     0
   388     1     4     1     8     2     4     6     1     0     0     0     1     1     1     0   861     0
   389     1     4     1     8     2     4     6     1     1     1     0     0     1     0     1   450     0
   390     1     4     1     8     2     4     6     1     1     1     0     1     1     0     0   529     0
   391     1     3     1     6     8     2     4     1     0     1     0     0     2     0     1   631     0
   392     1     4     1     8     2     4     6     1     1     0     1     1     2     0     1   516     0
   393     1     2     2     4     6     8     2     1     1     0     1     0     2     0     0   702     0
   394     1     2     2     4     6     8     2     1     0     1     0     0     1     0     1   697     0
   395     1     1     2     2     4     6     8     1     0     0     1     0     2     0     0   768     0
   396     1     1     2     2     4     6     8     1     1     0     0     0     1     0     1   524     0
   397     2     6     2     3     5     7     1     0     0     1     0     0     3     1     1   683     0
   398     2     6     2     3     5     7     1     0     1     1     0     1     1     0     1   514     0
   399     2     6     2     3     5     7     1     0     1     1     1     0     1     0     0   532     0
   400     2     6     2     3     5     7     1     1     1     1     1     0     1     1     0   464     0
   401     2     7     0     5     7     1     3     1     0     1     1     1     2     0     1   689     0
   402     2     8     1     7     1     3     5     1     1     1     1     0     2     0     1   622     0
   403     1     4     1     8     2     4     6     0     0     1     1     1     3     1     1   572     0
   404     1     4     1     8     2     4     6     1     1     0     1     0     1     1     1   489     0
   405     1     2     2     4     6     8     2     1     0     1     1     1     2     0     1   595     0
   406     1     2     2     4     6     8     2     0     0     0     1     0     1     1     0   684     0
   407     2     6     2     3     5     7     1     0     0     1     0     1     3     0     0   554     0
   408     2     8     1     7     1     3     5     1     0     1     1     0     2     1     0   597     0
   409     1     1     2     2     4     6     8     0     1     0     1     1     3     1     1   517     0
   410     1     1     2     2     4     6     8     0     0     0     0     1     1     0     1   736     0
   411     2     7     0     5     7     1     3     1     0     0     0     0     3     1     0   559     0
   412     2     7     0     5     7     1     3     0     1     1     1     1     1     1     1   623     0
   413     1     3     1     6     8     2     4     0     0     0     1     1     3     0     1   589     0
   414     1     2     2     4     6     8     2     1     1     1     0     1     2     1     1   525     0
   415     1     1     2     2     4     6     8     0     0     0     1     1     2     1     1  1000     0
   416     1     1     2     2     4     6     8     0     1     1     1     0     1     0     1   511     0
   417     1     1     2     2     4     6     8     0     0     0     1     1     1     0     1   567     0
   418     1     1     2     2     4     6     8     0     0     0     0     0     1     0     0   428     0
   419     1     3     1     6     8     2     4     0     0     1     0     1     2     0     0   394     1
   420     1     4     1     8     2     4     6     1     1     0     1     1     2     1     1   893     1
   421     1     3     1     6     8     2     4     0     0     0     0     1     2     1     1   531     0
   422     1     4     1     8     2     4     6     0     1     1     1     0     2     0     1   702     0
   423     1     4     1     8     2     4     6     1     1     1     1     0     1     1     0   644     0
   424     1     4     1     8     2     4     6     0     0     1     1     1     1     1     1   466     0
   425     1     4     1     8     2     4     6     1     1     1     1     1     1     1     1   607     0
   426     1     4     1     8     2     4     6     1     0     1     1     1     1     0     1   472     0
   427     1     3     1     6     8     2     4     0     1     1     1     0     2     1     1   814     0
   428     1     3     1     6     8     2     4     1     1     0     1     1     1     1     0   804     0
   429     2     6     2     3     5     7     1     0     1     1     1     1     3     1     0   620     0
   430     2     6     2     3     5     7     1     0     0     1     1     1     1     0     1   632     0
   431     2     5     0     1     3     5     7     1     1     1     1     0     2     1     1   737     0
   432     2     5     0     1     3     5     7     1     0     1     1     0     1     0     1   507     0
   433     2     8     1     7     1     3     5     0     1     1     1     0     2     1     1   539     0
   434     2     6     2     3     5     7     1     1     1     0     0     1     2     1     0   551     0
   435     2     6     2     3     5     7     1     0     0     0     0     1     1     1     1   475     0
   436     2     6     2     3     5     7     1     0     0     0     0     1     1     0     0   656     0
   437     2     6     2     3     5     7     1     0     1     0     0     1     1     0     1   471     0
   438     2     6     2     3     5     7     1     1     0     0     1     1     1     1     1   565     0
   439     2     8     1     7     1     3     5     1     0     1     1     0     2     0     0   517     1
   440     2     8     1     7     1     3     5     1     1     0     1     1     1     0     1   615     0
   441     2     7     0     5     7     1     3     0     1     1     0     1     2     1     0   600     0
   442     2     7     0     5     7     1     3     0     0     1     1     0     1     0     1   618     0
   443     1     3     1     6     8     2     4     0     0     1     1     1     3     0     0   794     0
   444     2     6     2     3     5     7     1     1     1     0     1     0     3     1     1   563     0
   445     2     6     2     3     5     7     1     1     0     1     1     0     1     0     1   527     0
   446     2     6     2     3     5     7     1     1     1     0     0     0     1     0     1   494     0
   447     2     5     0     1     3     5     7     0     0     1     0     1     2     1     1   761     0
   448     2     5     0     1     3     5     7     0     1     0     1     1     1     0     1   473     0
   449     2     6     2     3     5     7     1     0     0     1     0     1     2     0     1   569     0
   450     2     6     2     3     5     7     1     0     1     1     0     1     1     0     1   552     0
   451     2     8     1     7     1     3     5     0     0     1     0     1     2     0     1   536     0
   452     2     8     1     7     1     3     5     1     0     1     1     1     1     1     0   632     0
   453     2     8     1     7     1     3     5     0     0     1     1     1     1     1     0   425     0
   454     2     8     1     7     1     3     5     0     0     0     0     1     1     0     0   398     0
   455     1     1     2     2     4     6     8     1     0     0     1     0     3     1     0   583     0
   456     1     4     1     8     2     4     6     0     0     1     1     0     2     1     0   535     0
   457     1     3     1     6     8     2     4     0     0     1     0     0     2     0     0   549     0
   458     1     3     1     6     8     2     4     1     0     1     1     0     1     1     0   617     0
   459     1     2     2     4     6     8     2     0     0     1     1     0     2     1     0   433     0
   460     2     5     0     1     3     5     7     0     1     0     1     0     3     0     1   910     0
   461     1     2     2     4     6     8     2     1     1     0     0     0     3     1     0   440     1
   462     1     1     2     2     4     6     8     0     0     0     0     0     2     1     1   640     0
   463     1     4     1     8     2     4     6     0     0     0     1     0     2     0     0   457     0
   464     2     7     0     5     7     1     3     1     0     0     0     0     3     1     0   599     0
   465     1     2     2     4     6     8     2     1     0     1     1     1     3     0     0   668     0
   466     1     3     1     6     8     2     4     0     0     1     1     1     2     1     0   586     0
   467     1     1     2     2     4     6     8     0     1     1     0     0     2     0     1   786     0
   468     1     1     2     2     4     6     8     1     0     1     0     0     1     1     1   490     0
   469     1     2     2     4     6     8     2     1     0     0     1     0     2     0     0   552     0
   470     1     2     2     4     6     8     2     1     1     1     0     0     1     0     1   643     0
   471     1     2     2     4     6     8     2     0     1     1     1     1     1     1     0   705     0
   472     2     5     0     1     3     5     7     0     0     1     0     0     3     0     1   400     0
   473     1     1     2     2     4     6     8     1     0     0     1     0     3     1     0   532     0
   474     1     1     2     2     4     6     8     1     1     0     0     1     1     0     1   651     0
   475     2     7     0     5     7     1     3     0     0     1     1     1     3     1     1   684     0
   476     2     7     0     5     7     1     3     0     1     1     0     0     1     0     1   563     0
   477     1     2     2     4     6     8     2     0     0     0     1     0     3     0     1   363     0
   478     1     3     1     6     8     2     4     1     1     0     0     0     2     1     1   956     0
   479     1     4     1     8     2     4     6     1     0     1     1     1     2     0     1   751     0
   480     1     1     2     2     4     6     8     0     1     1     1     1     2     1     1   910     0
   481     2     8     1     7     1     3     5     0     1     0     1     0     3     0     0   709     0
   482     2     8     1     7     1     3     5     0     0     1     0     1     1     0     1   447     0
   483     1     2     2     4     6     8     2     0     1     1     1     1     3     0     1   685     0
   484     1     4     1     8     2     4     6     1     1     1     0     0     2     1     0   799     0
   485     2     6     2     3     5     7     1     0     1     0     0     1     3     1     0   660     0
   486     2     6     2     3     5     7     1     0     0     1     0     1     1     0     1   570     0
   487     2     7     0     5     7     1     3     1     0     0     1     0     2     1     0   654     0
   488     2     6     2     3     5     7     1     0     0     0     1     0     2     1     0   704     0
   489     1     4     1     8     2     4     6     1     0     0     0     1     3     1     0   838     0
   490     1     4     1     8     2     4     6     1     0     0     1     1     1     0     0   584     0
   491     2     6     2     3     5     7     1     1     1     1     0     0     3     0     1   749     0
   492     2     6     2     3     5     7     1     0     0     0     0     0     1     1     1   540     0
   493     2     7     0     5     7     1     3     1     0     1     0     1     2     1     0   567     0
   494     2     6     2     3     5     7     1     0     1     1     0     1     2     1     1   738     0
   495     2     5     0     1     3     5     7     1     0     1     0     0     2     1     1   649     0
   496     2     5     0     1     3     5     7     1     0     0     0     1     1     0     0   406     0
   497     1     4     1     8     2     4     6     0     0     1     0     1     3     1     0   731     0
   498     1     4     1     8     2     4     6     1     0     0     1     0     1     1     0   450     0
   499     2     5     0     1     3     5     7     0     0     0     0     0     3     1     0   531     0
   500     2     6     2     3     5     7     1     0     0     1     0     0     2     0     0   571     0
   501     1     1     2     2     4     6     8     0     0     1     0     0     3     0     0   515     0
   502     1     1     2     2     4     6     8     0     1     1     0     1     1     0     1   510     0
   503     2     8     1     7     1     3     5     0     1     0     1     0     3     0     0   794     0
   504     2     5     0     1     3     5     7     0     1     0     0     1     2     0     0   546     0
   505     2     5     0     1     3     5     7     0     0     1     1     1     1     0     1   482     0
   506     1     4     1     8     2     4     6     1     0     0     1     0     3     1     0   664     0
   507     2     6     2     3     5     7     1     0     0     0     0     0     3     1     0   618     0
   508     2     6     2     3     5     7     1     0     1     1     1     1     1     0     1   535     0
   509     1     1     2     2     4     6     8     0     1     0     0     0     3     0     0   551     0
   510     1     1     2     2     4     6     8     1     1     0     1     1     1     1     0   639     0
   511     1     1     2     2     4     6     8     1     1     0     1     1     1     0     0   485     0
   512     1     1     2     2     4     6     8     1     0     0     1     0     1     0     1   523     0
   513     1     2     2     4     6     8     2     1     0     0     1     0     2     0     0   570     0
   514     1     2     2     4     6     8     2     1     1     0     0     1     1     0     1   762     0
   515     2     8     1     7     1     3     5     0     0     0     0     1     3     1     1   782     0
   516     2     8     1     7     1     3     5     0     0     0     0     1     1     0     0   634     0
   517     1     2     2     4     6     8     2     1     0     0     0     1     3     1     0   771     0
   518     1     2     2     4     6     8     2     0     1     1     0     0     1     1     1   967     0
   519     2     8     1     7     1     3     5     0     0     0     1     0     3     0     1   495     0
   520     2     5     0     1     3     5     7     1     0     0     0     1     2     1     0   614     0
   521     1     3     1     6     8     2     4     0     1     0     1     0     3     1     1   692     0
   522     1     4     1     8     2     4     6     1     1     0     0     0     2     1     0   690     0
   523     1     3     1     6     8     2     4     1     0     1     0     0     2     0     1   864     0
   524     1     3     1     6     8     2     4     1     1     1     1     1     1     0     1   817     0
   525     1     3     1     6     8     2     4     1     1     0     0     0     1     0     0   547     0
   526     1     2     2     4     6     8     2     0     0     1     0     1     2     1     1   638     0
   527     1     1     2     2     4     6     8     0     1     0     0     1     2     0     1   575     0
   528     1     1     2     2     4     6     8     1     1     1     1     0     1     1     0   565     0
   529     2     7     0     5     7     1     3     0     1     1     1     1     3     1     0   541     0
   530     2     7     0     5     7     1     3     0     0     0     0     1     1     0     1   537     0
   531     2     5     0     1     3     5     7     1     0     0     0     1     2     1     0   949     0
   532     1     4     1     8     2     4     6     0     1     0     1     1     3     1     1   573     0
   533     2     5     0     1     3     5     7     0     1     1     0     1     3     0     0   485     0
   534     2     5     0     1     3     5     7     1     0     1     1     0     1     1     1   550     0
   535     2     5     0     1     3     5     7     1     0     0     1     1     1     0     0   534     0
   536     2     7     0     5     7     1     3     0     1     1     1     1     2     1     1   702     0
   537     1     2     2     4     6     8     2     0     1     0     0     0     3     0     0   689     0
   538     1     4     1     8     2     4     6     0     1     0     1     1     2     0     0   623     0
   539     2     8     1     7     1     3     5     1     1     0     1     0     3     1     0   732     0
   540     2     8     1     7     1     3     5     1     0     0     1     0     1     0     1   664     0
   541     2     8     1     7     1     3     5     0     1     0     1     0     1     1     1   565     0
   542     2     8     1     7     1     3     5     0     1     0     1     1     1     0     0   458     0
   543     2     5     0     1     3     5     7     0     1     1     1     1     2     0     0   592     0
   544     2     5     0     1     3     5     7     1     1     1     1     0     1     1     0   489     0
   545     2     6     2     3     5     7     1     0     0     1     0     0     2     1     1   749     0
   546     2     6     2     3     5     7     1     1     1     0     1     1     1     1     1   759     0
   547     1     4     1     8     2     4     6     0     1     0     1     1     3     1     0   723     0
   548     1     4     1     8     2     4     6     1     0     1     1     1     1     1     1   535     0
   549     1     3     1     6     8     2     4     0     0     0     0     0     2     1     0   905     0
   550     1     3     1     6     8     2     4     0     1     0     1     1     1     0     1   555     0
   551     2     6     2     3     5     7     1     1     0     1     1     0     3     1     1   526     0
   552     2     7     0     5     7     1     3     1     1     0     1     1     2     0     1   661     0
   553     1     4     1     8     2     4     6     1     1     1     0     1     3     0     0   658     0
   554     1     2     2     4     6     8     2     0     0     0     1     1     2     1     1   640     0
   555     1     4     1     8     2     4     6     0     1     0     1     0     2     0     1   804     0
   556     1     4     1     8     2     4     6     1     1     1     1     1     1     1     0   556     0
   557     1     3     1     6     8     2     4     1     1     0     0     0     2     0     0   701     0
   558     1     1     2     2     4     6     8     1     1     0     1     1     2     0     0   527     0
   559     2     6     2     3     5     7     1     1     1     0     1     1     3     0     0   586     0
   560     2     6     2     3     5     7     1     1     1     0     0     1     1     0     0   454     0
   561     1     2     2     4     6     8     2     1     1     0     1     1     3     0     0   729     0
   562     1     3     1     6     8     2     4     1     0     0     1     0     2     0     1   601     1
   563     1     3     1     6     8     2     4     1     0     0     0     1     1     0     0   661     0
   564     1     4     1     8     2     4     6     1     0     1     1     1     2     0     0   930     0
   565     1     1     2     2     4     6     8     0     0     0     0     1     2     1     0   989     0
   566     2     8     1     7     1     3     5     1     1     0     0     0     3     1     1   568     0
   567     1     1     2     2     4     6     8     1     1     0     1     0     3     0     0   599     0
   568     2     6     2     3     5     7     1     1     1     1     1     1     3     0     0   624     0
   569     2     7     0     5     7     1     3     1     1     1     0     0     2     0     0   710     0
   570     2     7     0     5     7     1     3     1     1     0     0     1     1     0     0   521     0
   571     1     3     1     6     8     2     4     1     0     0     1     1     3     0     1   504     0
   572     1     3     1     6     8     2     4     0     0     0     0     0     1     1     0   723     0
   573     2     6     2     3     5     7     1     1     1     0     0     0     3     1     1   733     0
   574     2     6     2     3     5     7     1     0     1     0     0     1     1     1     0   651     0
   575     2     6     2     3     5     7     1     0     1     1     1     1     1     0     0   449     0
   576     2     6     2     3     5     7     1     1     0     1     1     1     1     1     1   543     0
   577     1     4     1     8     2     4     6     0     0     0     1     1     3     1     0   555     0
   578     1     1     2     2     4     6     8     0     0     0     0     1     2     0     0   452     0
   579     2     8     1     7     1     3     5     1     0     0     0     1     3     1     0   622     0
   580     1     3     1     6     8     2     4     0     1     0     0     0     3     1     1   627     0
   581     2     7     0     5     7     1     3     0     1     0     0     1     3     0     0   495     0
   582     2     7     0     5     7     1     3     1     0     1     0     0     1     1     1   725     0
   583     2     5     0     1     3     5     7     1     0     0     1     0     2     0     0   649     0
   584     2     5     0     1     3     5     7     1     1     1     0     1     1     0     1   710     0
   585     1     1     2     2     4     6     8     0     0     0     0     1     3     1     1   532     0
   586     1     2     2     4     6     8     2     0     1     1     1     1     2     0     1   800     0
   587     2     6     2     3     5     7     1     0     1     1     1     0     3     0     0   679     0
   588     2     7     0     5     7     1     3     1     1     0     0     1     2     1     0   566     0
   589     1     1     2     2     4     6     8     0     0     0     0     1     3     1     1   518     0
   590     1     1     2     2     4     6     8     0     0     1     0     1     1     0     0   541     0
   591     2     7     0     5     7     1     3     0     1     0     0     1     3     0     1   521     0
   592     2     7     0     5     7     1     3     0     0     1     1     1     1     0     1   681     0
   593     1     3     1     6     8     2     4     0     1     0     0     0     3     0     1   735     0
   594     1     3     1     6     8     2     4     0     0     0     1     1     1     0     1   542     0
   595     1     3     1     6     8     2     4     1     0     0     0     0     1     1     0   532     0
   596     1     3     1     6     8     2     4     1     0     0     1     1     1     0     0   503     0
   597     1     3     1     6     8     2     4     1     1     1     0     1     1     0     1   518     0
   598     2     8     1     7     1     3     5     0     1     0     1     1     3     1     0   617     0
   599     2     6     2     3     5     7     1     0     1     0     1     1     2     0     0   770     0
   600     2     6     2     3     5     7     1     1     0     1     1     1     1     1     1   462     0
   601     2     7     0     5     7     1     3     0     0     1     0     0     2     1     0   740     0
   602     1     2     2     4     6     8     2     1     0     1     1     0     3     1     0   628     0
   603     1     4     1     8     2     4     6     0     1     0     0     0     2     1     1   656     0
   604     2     5     0     1     3     5     7     0     1     0     0     1     3     0     0   681     0
   605     2     8     1     7     1     3     5     0     1     1     0     0     2     0     0   599     0
   606     2     8     1     7     1     3     5     1     1     0     1     1     1     1     0   876     0
   607     1     3     1     6     8     2     4     1     1     0     1     1     3     0     0   614     0
   608     1     3     1     6     8     2     4     1     0     1     0     1     1     0     1   631     0
   609     2     6     2     3     5     7     1     1     0     0     0     1     3     0     0   507     0
   610     2     6     2     3     5     7     1     1     0     0     1     0     1     0     0   406     0
   611     1     4     1     8     2     4     6     1     1     1     0     0     3     0     1   734     0
   612     1     4     1     8     2     4     6     0     0     1     1     0     1     1     1   690     0
   613     2     6     2     3     5     7     1     0     1     1     0     1     3     0     1   517     0
   614     2     7     0     5     7     1     3     1     1     1     0     1     2     1     0   624     0
   615     2     5     0     1     3     5     7     1     1     0     1     0     2     0     0   805     0
   616     2     6     2     3     5     7     1     0     0     0     0     0     2     1     1   529     0
   617     1     1     2     2     4     6     8     1     1     1     0     0     3     1     1   584     0
   618     1     1     2     2     4     6     8     0     0     1     1     0     1     1     1   451     0
   619     2     7     0     5     7     1     3     1     0     1     1     1     3     1     0   709     0
   620     2     7     0     5     7     1     3     0     1     1     0     0     1     1     1   597     0
   621     1     4     1     8     2     4     6     0     0     0     1     0     3     0     1   534     0
   622     2     5     0     1     3     5     7     1     1     1     1     1     3     1     1   546     0
   623     1     2     2     4     6     8     2     1     0     0     0     1     3     0     1   625     0
   624     1     2     2     4     6     8     2     1     1     0     1     0     1     0     1   559     0
   625     1     2     2     4     6     8     2     0     1     1     1     0     1     1     0   894     0
   626     1     2     2     4     6     8     2     1     0     0     0     1     1     1     1   720     0
   627     2     8     1     7     1     3     5     0     0     1     0     0     3     1     0   747     0
   628     2     8     1     7     1     3     5     0     1     1     1     0     1     0     1   526     0
   629     1     4     1     8     2     4     6     0     0     0     1     1     3     0     1   742     0
   630     2     7     0     5     7     1     3     0     0     0     1     1     3     0     0   673     0
   631     2     7     0     5     7     1     3     0     1     1     0     0     1     0     1   620     0
   632     2     7     0     5     7     1     3     1     1     1     1     0     1     1     0   489     0
   633     2     5     0     1     3     5     7     0     0     0     1     1     2     1     1   560     0
   634     2     5     0     1     3     5     7     0     0     0     1     0     1     0     0   416     0
   635     1     4     1     8     2     4     6     1     1     1     0     1     3     1     1   689     0
   636     2     7     0     5     7     1     3     1     1     0     0     0     3     0     0   578     0
   637     1     4     1     8     2     4     6     0     1     1     0     0     3     1     0   735     0
   638     1     3     1     6     8     2     4     0     1     0     1     1     2     0     0   791     0
   639     2     5     0     1     3     5     7     1     0     1     1     1     3     1     1   552     0
   640     2     5     0     1     3     5     7     0     1     1     0     0     1     1     1   744     0
   641     1     3     1     6     8     2     4     0     0     1     0     0     3     0     1   676     0
   642     2     8     1     7     1     3     5     0     1     1     1     0     3     0     1   641     0
   643     1     4     1     8     2     4     6     0     0     0     1     1     3     0     1   935     0
   644     1     4     1     8     2     4     6     0     0     0     0     0     1     0     0   617     0
   645     1     2     2     4     6     8     2     0     0     1     1     1     2     0     0   787     0
   646     1     4     1     8     2     4     6     0     0     0     0     1     2     0     0   654     0
   647     2     6     2     3     5     7     1     1     0     0     0     1     3     1     0   517     0
   648     1     3     1     6     8     2     4     0     1     1     1     1     3     1     1   532     0
   649     2     7     0     5     7     1     3     1     0     0     1     1     3     1     1   718     0
   650     2     7     0     5     7     1     3     1     1     1     0     0     1     0     1   673     0
   651     1     1     2     2     4     6     8     1     1     1     1     1     3     0     0   682     0
   652     1     1     2     2     4     6     8     1     0     0     0     0     1     0     1   592     0
   653     2     5     0     1     3     5     7     1     1     1     0     1     3     0     1   617     0
   654     2     5     0     1     3     5     7     0     0     0     1     1     1     1     1   606     0
   655     2     5     0     1     3     5     7     0     1     0     1     1     1     0     1   502     0
   656     2     5     0     1     3     5     7     1     1     0     1     1     1     1     0   513     0
   657     2     7     0     5     7     1     3     0     0     1     0     1     2     1     1   487     0
   658     2     8     1     7     1     3     5     0     0     1     1     0     2     0     0   537     0
   659     1     3     1     6     8     2     4     0     0     1     0     0     3     0     0   724     0
   660     1     3     1     6     8     2     4     1     0     1     1     0     1     1     0   614     0
   661     2     6     2     3     5     7     1     0     0     1     0     0     3     1     0   451     0
   662     2     7     0     5     7     1     3     0     1     0     1     1     2     0     1   869     0
   663     2     6     2     3     5     7     1     0     1     1     1     0     2     0     0   551     0
   664     2     7     0     5     7     1     3     1     0     1     0     1     2     1     1   538     0
   665     1     2     2     4     6     8     2     0     0     1     1     0     3     1     0   505     0
   666     1     2     2     4     6     8     2     0     1     1     1     0     1     0     1   524     0
   667     2     8     1     7     1     3     5     0     0     1     1     1     3     0     1   540     0
   668     1     1     2     2     4     6     8     0     0     1     1     0     3     0     0   527     0
   669     2     6     2     3     5     7     1     0     0     0     0     1     3     0     0   390     0
   670     2     6     2     3     5     7     1     1     1     0     1     0     1     1     1   603     0
   671     2     8     1     7     1     3     5     0     1     0     0     1     2     1     0   823     0
   672     1     3     1     6     8     2     4     1     1     1     1     0     3     1     0   667     0
   673     1     2     2     4     6     8     2     0     1     1     0     1     2     1     0   755     0
   674     1     2     2     4     6     8     2     1     1     0     0     1     1     1     0   554     0
   675     1     1     2     2     4     6     8     0     1     0     0     0     2     1     0   606     0
   676     1     3     1     6     8     2     4     0     0     0     1     1     2     0     1   511     0
   677     2     8     1     7     1     3     5     1     0     0     0     0     3     1     0   495     0
   678     2     8     1     7     1     3     5     1     1     0     1     0     1     0     1   401     0
   679     2     6     2     3     5     7     1     0     1     1     1     1     2     1     0   490     0
   680     1     1     2     2     4     6     8     0     1     0     1     0     3     0     0   508     0
   681     2     5     0     1     3     5     7     1     1     0     1     0     3     1     0   667     0
   682     2     6     2     3     5     7     1     0     0     1     0     0     2     1     1   546     0
   683     1     2     2     4     6     8     2     1     1     1     1     1     3     1     1   718     0
   684     1     2     2     4     6     8     2     0     0     0     0     1     1     1     1   529     0
   685     2     6     2     3     5     7     1     0     0     0     0     0     3     0     0   452     0
   686     1     3     1     6     8     2     4     1     0     1     0     1     3     1     0   697     0
   687     1     3     1     6     8     2     4     0     0     0     1     0     1     1     0   439     0
   688     2     8     1     7     1     3     5     0     0     0     1     1     3     0     0   784     0
   689     2     5     0     1     3     5     7     1     0     0     0     0     2     1     0   544     0
   690     2     5     0     1     3     5     7     1     0     1     0     0     1     0     0   396     0
   691     2     7     0     5     7     1     3     1     0     1     0     0     2     0     0   552     0
   692     2     7     0     5     7     1     3     1     1     1     1     0     1     0     1   828     0
   693     2     5     0     1     3     5     7     0     1     0     1     1     2     1     0   681     0
   694     2     8     1     7     1     3     5     0     0     1     0     1     2     0     1   594     0
   695     2     5     0     1     3     5     7     0     0     1     0     1     2     0     0   522     0
   696     2     5     0     1     3     5     7     0     0     1     1     0     1     0     0   390     0
   697     2     5     0     1     3     5     7     1     1     1     1     0     1     1     1   519     0
   698     2     5     0     1     3     5     7     0     0     1     0     0     1     1     1   447     0
   699     1     2     2     4     6     8     2     0     1     0     0     1     3     0     1   621     0
   700     1     1     2     2     4     6     8     1     1     1     1     1     2     1     0   515     0
   701     2     7     0     5     7     1     3     0     0     0     1     1     3     1     1   642     0
   702     2     7     0     5     7     1     3     1     1     0     0     0     1     1     1   527     0
   703     2     6     2     3     5     7     1     1     0     0     0     1     2     0     1   626     0
   704     2     6     2     3     5     7     1     0     1     0     1     1     1     1     1   480     0
   705     2     7     0     5     7     1     3     0     1     1     0     0     2     0     0   558     1
   706     2     5     0     1     3     5     7     1     0     0     0     0     2     1     1   582     0
   707     1     4     1     8     2     4     6     1     0     0     1     0     3     0     0   943     0
   708     1     4     1     8     2     4     6     1     1     0     0     1     1     0     1   522     0
   709     2     5     0     1     3     5     7     0     0     0     1     1     3     1     1   550     0
   710     2     5     0     1     3     5     7     0     0     0     0     0     1     0     0   382     0
   711     1     4     1     8     2     4     6     1     1     1     0     0     3     1     1   873     0
   712     1     4     1     8     2     4     6     0     1     1     0     1     1     1     0   583     0
   713     2     5     0     1     3     5     7     1     0     1     0     0     3     1     1   432     0
   714     2     5     0     1     3     5     7     1     0     0     0     0     1     0     0   401     0
   715     2     8     1     7     1     3     5     1     1     0     1     1     2     0     1   673     0
   716     2     8     1     7     1     3     5     1     1     1     1     0     1     0     0   467     0
   717     1     3     1     6     8     2     4     0     0     0     1     1     3     1     1   990     0
   718     1     4     1     8     2     4     6     0     1     1     1     0     2     0     1   518     0
   719     2     6     2     3     5     7     1     1     1     0     0     0     3     1     0   672     0
   720     2     8     1     7     1     3     5     0     0     0     1     0     2     1     1   582     0
   721     2     6     2     3     5     7     1     1     1     1     0     0     2     1     1   543     0
   722     2     6     2     3     5     7     1     0     0     0     0     0     1     1     1   462     0
   723     1     1     2     2     4     6     8     1     0     1     0     1     3     1     0   723     0
   724     2     8     1     7     1     3     5     0     0     1     1     1     3     1     0   646     0
   725     2     6     2     3     5     7     1     1     1     1     1     0     2     1     1   515     0
   726     2     6     2     3     5     7     1     0     1     0     1     1     1     1     0   654     0
   727     1     4     1     8     2     4     6     1     0     0     1     1     3     1     1   432     0
   728     1     3     1     6     8     2     4     1     0     1     0     0     2     0     0   664     0
   729     1     3     1     6     8     2     4     0     1     0     0     0     1     1     1   446     0
   730     1     3     1     6     8     2     4     0     1     0     0     0     1     0     0   603     0
   731     1     4     1     8     2     4     6     1     1     0     1     1     2     1     0   780     0
   732     1     4     1     8     2     4     6     0     0     0     1     0     1     1     1   724     0
   733     1     3     1     6     8     2     4     1     1     1     0     1     2     1     1   686     0
   734     1     3     1     6     8     2     4     0     0     0     0     0     1     1     1   704     0
   735     1     4     1     8     2     4     6     0     0     1     1     1     2     0     0   678     0
   736     1     2     2     4     6     8     2     0     0     0     0     1     2     0     0   643     0
   737     1     4     1     8     2     4     6     1     0     0     1     0     2     1     0   705     0
   738     1     1     2     2     4     6     8     0     1     1     1     1     2     1     1   673     0
   739     2     8     1     7     1     3     5     0     1     1     0     1     3     0     0   722     0
   740     2     5     0     1     3     5     7     0     0     0     1     1     2     0     1   785     0
   741     2     5     0     1     3     5     7     0     1     1     1     1     1     0     1   552     0
   742     2     6     2     3     5     7     1     1     1     1     1     0     2     1     0   696     0
   743     1     3     1     6     8     2     4     0     1     1     1     0     3     1     0   758     0
   744     1     3     1     6     8     2     4     1     0     0     0     1     1     1     1   959     1
   745     1     1     2     2     4     6     8     0     0     1     1     0     2     1     0   461     0
   746     2     6     2     3     5     7     1     0     0     1     1     1     3     0     0   567     0
   747     2     6     2     3     5     7     1     1     1     0     1     0     1     1     1   507     0
   748     2     6     2     3     5     7     1     1     0     1     1     1     1     0     1   602     0
   749     2     8     1     7     1     3     5     1     1     0     1     0     2     0     1   822     0
   750     2     8     1     7     1     3     5     0     0     0     0     0     1     1     1   867     0
   751     1     2     2     4     6     8     2     0     1     1     0     0     3     0     1   512     0
   752     1     2     2     4     6     8     2     0     0     0     1     1     1     0     1   631     0
   753     1     4     1     8     2     4     6     1     0     1     0     1     2     1     0   797     1
   754     1     1     2     2     4     6     8     1     1     0     1     1     2     0     1   516     0
   755     1     1     2     2     4     6     8     0     0     0     0     0     1     1     1   491     0
   756     1     1     2     2     4     6     8     1     0     1     1     1     1     1     0   561     0
   757     1     1     2     2     4     6     8     1     1     1     0     1     1     0     1   509     0
   758     1     1     2     2     4     6     8     1     0     1     1     0     1     0     1   437     0
   759     1     3     1     6     8     2     4     0     1     0     0     0     2     1     1   871     0
   760     1     3     1     6     8     2     4     0     1     1     1     0     1     0     0   658     0
   761     1     4     1     8     2     4     6     0     0     0     1     0     2     0     1   419     0
   762     1     3     1     6     8     2     4     0     1     1     0     1     2     0     1   604     0
   763     2     5     0     1     3     5     7     0     1     1     0     0     3     0     0   621     0
   764     1     4     1     8     2     4     6     0     0     1     1     0     3     0     1   485     0
   765     2     8     1     7     1     3     5     0     0     0     1     1     3     0     0   524     0
   766     2     7     0     5     7     1     3     0     0     0     1     0     2     0     0   650     0
   767     2     7     0     5     7     1     3     0     0     0     1     0     1     0     0   513     0
   768     1     4     1     8     2     4     6     1     0     1     0     1     3     1     0   796     0
   769     2     6     2     3     5     7     1     0     1     0     1     1     3     1     1   589     0
   770     1     1     2     2     4     6     8     0     0     1     0     0     3     0     1   422     0
   771     1     1     2     2     4     6     8     0     0     0     0     1     1     0     0   403     0
   772     1     1     2     2     4     6     8     1     0     0     0     0     1     1     0   547     0
   773     2     6     2     3     5     7     1     0     1     0     1     0     3     1     1   475     0
   774     2     5     0     1     3     5     7     1     0     0     1     0     2     1     1   637     0
   775     1     4     1     8     2     4     6     0     1     1     1     1     3     1     1   565     0
   776     1     1     2     2     4     6     8     0     0     1     1     1     2     0     1   426     0
   777     1     2     2     4     6     8     2     0     0     0     1     1     2     0     0   447     1
   778     1     3     1     6     8     2     4     1     0     0     0     1     2     1     0   696     0
   779     1     1     2     2     4     6     8     1     1     0     0     0     2     0     1   622     0
   780     1     2     2     4     6     8     2     1     0     1     1     0     2     0     1   619     0
   781     1     3     1     6     8     2     4     1     1     0     0     0     2     0     1   800     0
   782     1     3     1     6     8     2     4     0     0     1     0     1     1     1     1   512     0
   783     1     2     2     4     6     8     2     1     1     1     1     1     2     1     1   508     0
   784     1     2     2     4     6     8     2     1     0     0     1     0     1     0     1   507     0
   785     2     8     1     7     1     3     5     1     1     0     1     1     3     0     1   628     0
   786     2     8     1     7     1     3     5     0     1     0     0     1     1     1     0   488     0
   787     2     5     0     1     3     5     7     1     0     1     0     1     2     1     1   419     0
   788     2     5     0     1     3     5     7     1     0     1     1     1     1     0     0   451     0
   789     2     5     0     1     3     5     7     1     1     1     1     0     1     0     1   440     0
   790     2     5     0     1     3     5     7     1     1     1     1     1     1     0     0   417     0
   791     1     1     2     2     4     6     8     1     1     1     0     0     3     0     0   431     0
   792     1     1     2     2     4     6     8     0     0     1     1     0     1     1     1   472     0
   793     2     6     2     3     5     7     1     1     1     1     0     1     3     1     1   522     0
   794     2     6     2     3     5     7     1     1     0     1     0     0     1     0     1   429     0
   795     2     5     0     1     3     5     7     1     1     0     0     1     2     0     1   663     0
   796     2     5     0     1     3     5     7     1     0     0     1     1     1     0     1   516     0
   797     2     5     0     1     3     5     7     0     0     1     0     1     1     1     0   635     0
   798     2     5     0     1     3     5     7     0     0     1     0     0     1     0     0   452     0
   799     2     7     0     5     7     1     3     0     0     0     0     0     2     0     0   858     0
   800     2     7     0     5     7     1     3     0     1     1     1     0     1     0     1   660     0
   801     1     4     1     8     2     4     6     0     0     0     1     1     3     0     1   462     0
   802     1     1     2     2     4     6     8     0     0     0     1     0     2     0     0   404     0
   803     2     8     1     7     1     3     5     1     1     1     1     0     3     1     1   741     0
   804     2     8     1     7     1     3     5     1     1     0     1     0     1     0     0   704     0
   805     1     1     2     2     4     6     8     1     0     1     0     1     3     0     1   490     0
   806     1     1     2     2     4     6     8     1     1     0     1     0     1     0     1   584     0
   807     1     3     1     6     8     2     4     1     0     1     0     1     2     0     1   576     1
   808     2     6     2     3     5     7     1     1     1     0     1     1     3     0     1   683     0
   809     2     7     0     5     7     1     3     1     0     0     0     0     2     0     1   506     0
   810     2     8     1     7     1     3     5     0     1     0     0     0     2     1     1   668     0
   811     2     5     0     1     3     5     7     1     1     0     1     1     2     1     0   585     0
   812     2     7     0     5     7     1     3     0     1     1     1     1     2     1     0   653     0
   813     2     7     0     5     7     1     3     1     0     1     0     0     1     1     1   547     0
   814     2     7     0     5     7     1     3     0     1     1     0     1     1     1     1   658     0
   815     1     4     1     8     2     4     6     1     0     1     1     1     3     1     1   629     0
   816     1     2     2     4     6     8     2     1     1     0     1     0     2     0     1   741     0
   817     1     1     2     2     4     6     8     1     0     1     1     1     2     0     1   481     0
   818     1     3     1     6     8     2     4     0     0     1     0     0     2     1     0   648     0
   819     1     4     1     8     2     4     6     0     0     1     0     0     2     0     0   502     0
   820     1     4     1     8     2     4     6     0     1     1     0     0     1     0     1   504     0
   821     1     1     2     2     4     6     8     1     1     1     1     1     2     1     0  1175     0
   822     1     2     2     4     6     8     2     0     1     0     0     0     2     1     0   670     0
   823     1     4     1     8     2     4     6     0     1     0     1     0     2     0     0   539     0
   824     1     4     1     8     2     4     6     0     0     0     1     0     1     0     1   506     0
   825     2     8     1     7     1     3     5     0     0     1     1     0     3     0     0   561     0
   826     2     5     0     1     3     5     7     1     1     0     1     1     2     1     1   709     0
   827     1     1     2     2     4     6     8     0     1     0     0     1     3     1     0   567     0
   828     1     1     2     2     4     6     8     1     0     1     1     1     1     1     1   447     0
   829     2     7     0     5     7     1     3     0     1     1     0     0     3     1     1   673     0
   830     2     6     2     3     5     7     1     0     1     0     1     1     2     0     0   511     1
   831     1     4     1     8     2     4     6     1     1     1     1     0     3     1     0   769     0
   832     1     1     2     2     4     6     8     0     0     1     1     1     2     1     1   470     0
   833     2     5     0     1     3     5     7     0     1     0     0     1     3     0     1   903     0
   834     2     6     2     3     5     7     1     1     0     0     1     0     2     1     1   501     0
   835     1     1     2     2     4     6     8     0     0     1     0     0     3     1     0   436     0
   836     1     1     2     2     4     6     8     1     0     1     1     0     1     1     0   414     0
   837     2     5     0     1     3     5     7     0     1     1     0     1     3     1     1   840     0
   838     2     5     0     1     3     5     7     1     1     1     0     1     1     1     0   486     0
   839     1     3     1     6     8     2     4     1     1     0     0     0     3     0     0   712     0
   840     1     3     1     6     8     2     4     1     1     0     0     0     1     0     0   615     0
   841     1     1     2     2     4     6     8     1     0     1     1     1     2     0     1   492     0
   842     1     1     2     2     4     6     8     1     1     0     1     1     1     0     1   538     0
   843     1     2     2     4     6     8     2     1     1     1     1     0     2     0     0   529     1
   844     1     3     1     6     8     2     4     0     0     0     1     1     2     1     1   748     0
   845     1     4     1     8     2     4     6     1     0     1     1     0     2     1     0   563     0
   846     1     4     1     8     2     4     6     0     1     0     0     1     1     1     1   674     0
   847     2     6     2     3     5     7     1     0     1     1     0     1     3     0     0   593     0
   848     2     7     0     5     7     1     3     1     0     0     1     0     2     1     1   633     0
   849     2     7     0     5     7     1     3     0     1     0     1     1     1     1     1   533     0
   850     1     2     2     4     6     8     2     0     0     1     0     0     3     0     1   529     0
   851     1     1     2     2     4     6     8     1     1     1     0     0     2     1     1   632     0
   852     1     3     1     6     8     2     4     1     0     0     0     0     2     0     1   554     0
   853     1     1     2     2     4     6     8     1     0     0     0     1     2     0     0   517     0
   854     1     2     2     4     6     8     2     1     0     1     0     1     2     0     0   505     0
   855     2     6     2     3     5     7     1     1     1     1     1     1     3     0     1   536     0
   856     2     7     0     5     7     1     3     0     0     1     1     1     2     1     1   687     0
   857     2     5     0     1     3     5     7     1     1     0     1     0     2     1     1   526     0
   858     2     5     0     1     3     5     7     1     0     1     1     0     1     0     1   449     0
   859     2     7     0     5     7     1     3     0     0     0     0     1     2     1     0   728     0
   860     2     7     0     5     7     1     3     0     0     0     1     1     1     0     0   523     0
   861     2     5     0     1     3     5     7     1     1     1     0     1     2     1     1   593     0
   862     2     5     0     1     3     5     7     1     1     0     1     1     1     0     0   802     0
   863     1     4     1     8     2     4     6     0     0     0     1     1     3     1     1   535     0
   864     1     4     1     8     2     4     6     1     0     0     1     0     1     1     0   735     0
   865     2     8     1     7     1     3     5     1     1     0     1     0     3     0     1   674     0
   866     2     7     0     5     7     1     3     1     0     1     0     1     2     0     1   648     0
   867     1     2     2     4     6     8     2     1     1     1     1     1     3     0     1   518     0
   868     1     2     2     4     6     8     2     1     0     0     0     1     1     0     1   465     0
   869     2     8     1     7     1     3     5     1     0     1     1     1     3     0     0   703     0
   870     2     8     1     7     1     3     5     1     0     1     1     0     1     0     0   534     0
   871     1     3     1     6     8     2     4     0     0     1     0     1     3     1     0   612     0
   872     1     2     2     4     6     8     2     0     1     0     1     1     2     0     1   636     0
   873     2     5     0     1     3     5     7     1     0     1     1     1     3     1     1   722     0
   874     2     5     0     1     3     5     7     0     0     0     0     0     1     1     0   432     0
   875     2     8     1     7     1     3     5     1     1     0     0     1     2     1     1   865     0
   876     2     8     1     7     1     3     5     1     1     0     1     1     1     0     0   631     0
   877     2     7     0     5     7     1     3     0     0     0     1     1     2     1     1   583     0
   878     2     7     0     5     7     1     3     1     0     0     1     0     1     1     0   448     0
   879     2     5     0     1     3     5     7     1     0     0     0     0     2     0     0   549     0
   880     2     6     2     3     5     7     1     0     0     0     0     0     2     1     0   633     0
   881     1     2     2     4     6     8     2     1     1     1     0     0     3     1     1   541     0
   882     2     5     0     1     3     5     7     0     1     0     1     1     3     1     0  1145     1
   883     2     5     0     1     3     5     7     0     0     1     1     0     1     0     1   350     0
   884     2     5     0     1     3     5     7     0     1     1     0     0     1     0     1   410     1
   885     1     3     1     6     8     2     4     0     0     0     1     0     3     0     1   542     0
   886     1     3     1     6     8     2     4     0     1     1     0     1     1     0     1   438     0
   887     2     5     0     1     3     5     7     0     1     1     1     1     3     0     0   547     0
   888     2     8     1     7     1     3     5     0     1     1     0     0     2     0     0   488     0
   889     2     8     1     7     1     3     5     1     0     0     1     0     1     1     1   633     0
   890     2     8     1     7     1     3     5     1     1     0     1     1     1     0     1   515     0
   891     2     7     0     5     7     1     3     1     1     0     0     1     2     0     0   630     0
   892     2     8     1     7     1     3     5     1     0     0     1     0     2     0     1   426     0
   893     2     6     2     3     5     7     1     0     0     1     1     0     2     1     0   692     0
   894     2     5     0     1     3     5     7     1     0     1     1     1     2     1     0   722     0
   895     1     4     1     8     2     4     6     1     1     1     1     1     3     0     1   712     0
   896     1     4     1     8     2     4     6     0     1     0     1     1     1     1     0   618     0
