     1     2     7     0     5     7     1     3     1     0     1     1     1     0     0     1   959     0
     2     2     8     1     7     1     3     5     1     1     0     1     1     2     0     1   566     0
     3     1     3     1     6     8     2     4     0     1     1     0     0     3     1     0   897     0
     4     1     3     1     6     8     2     4     0     0     1     0     0     1     0     1   720     0
     5     2     7     0     5     7     1     3     1     0     0     0     0     3     1     0   647     0
     6     2     7     0     5     7     1     3     0     1     0     0     1     1     1     1   959     0
     7     2     7     0     5     7     1     3     1     1     0     0     0     1     1     0   714     0
     8     2     7     0     5     7     1     3     1     1     1     0     0     1     0     0   764     0
     9     2     8     1     7     1     3     5     0     1     1     1     0     2     1     0   712     0
    10     1     3     1     6     8     2     4     0     0     0     1     0     3     0     1   766     0
    11     1     1     2     2     4     6     8     0     1     1     0     1     2     0     1   552     0
    12     1     1     2     2     4     6     8     0     0     1     0     0     1     0     1   538     1
    13     2     8     1     7     1     3     5     0     0     1     1     0     3     0     0   718     0
    14     2     8     1     7     1     3     5     0     0     1     0     0     1     0     0   585     0
    15     2     7     0     5     7     1     3     1     1     1     0     1     2     1     1   806     0
    16     2     7     0     5     7     1     3     0     0     0     1     0     1     1     1   711     0
    17     1     1     2     2     4     6     8     0     1     1     1     1     3     0     1   668     0
    18     1     1     2     2     4     6     8     0     1     1     0     1     1     0     0   702     0
    19     1     2     2     4     6     8     2     0     0     0     1     0     2     0     1   720     0
    20     1     2     2     4     6     8     2     0     1     1     1     1     1     0     1   502     0
    21     1     2     2     4     6     8     2     0     0     1     1     1     1     0     1   583     1
    22     2     5     0     1     3     5     7     0     1     0     1     1     3     0     1   943     0
    23     2     5     0     1     3     5     7     1     0     0     1     1     1     1     1   747     0
    24     2     5     0     1     3     5     7     0     0     1     0     1     1     1     0   788     0
    25     2     7     0     5     7     1     3     0     1     1     1     1     2     0     1   678     0
    26     1     2     2     4     6     8     2     0     1     1     0     0     3     0     0   624     0
    27     1     1     2     2     4     6     8     0     1     1     0     1     2     0     0   532     0
    28     2     6     2     3     5     7     1     0     1     1     1     1     3     0     0   521     0
    29     2     8     1     7     1     3     5     1     0     0     0     0     2     1     1   578     0
    30     2     5     0     1     3     5     7     0     0     0     0     0     2     1     0   612     0
    31     1     4     1     8     2     4     6     0     0     1     0     1     3     0     0   606     0
    32     1     4     1     8     2     4     6     0     0     0     1     0     1     0     0   493     0
    33     1     2     2     4     6     8     2     0     1     1     1     1     2     0     1   539     0
    34     2     5     0     1     3     5     7     0     0     0     1     0     3     0     1   477     0
    35     1     3     1     6     8     2     4     1     1     0     0     1     3     1     1   739     0
    36     1     3     1     6     8     2     4     1     1     0     0     1     1     0     0   789     1
    37     1     4     1     8     2     4     6     0     1     1     0     1     2     1     0   666     0
    38     1     1     2     2     4     6     8     1     0     0     0     1     2     1     1   589     0
    39     1     3     1     6     8     2     4     0     1     0     1     0     2     1     1   631     1
    40     1     3     1     6     8     2     4     1     0     1     1     0     1     1     1   754     0
    41     1     4     1     8     2     4     6     1     1     0     0     0     2     0     1   592     0
    42     1     4     1     8     2     4     6     1     0     1     1     0     1     0     1   666     0
    43     2     6     2     3     5     7     1     1     1     1     0     1     3     0     1   497     0
    44     2     6     2     3     5     7     1     0     1     1     1     0     1     1     0   541     0
    45     2     6     2     3     5     7     1     0     1     0     0     0     1     0     0   483     0
    46     2     6     2     3     5     7     1     0     0     0     0     1     1     0     1   608     0
    47     2     5     0     1     3     5     7     0     1     1     1     0     2     0     1   625     0
    48     2     5     0     1     3     5     7     1     1     0     0     1     1     1     0   607     0
    49     2     5     0     1     3     5     7     0     1     0     0     1     1     1     0   630     1
    50     2     5     0     1     3     5     7     0     1     0     0     1     1     0     0   576     0
    51     1     3     1     6     8     2     4     1     0     0     0     1     3     1     1   738     0
    52     2     6     2     3     5     7     1     1     0     1     0     0     3     0     0   702     1
    53     2     6     2     3     5     7     1     1     1     1     1     1     1     0     1   938     1
    54     2     6     2     3     5     7     1     1     1     0     0     0     1     0     0   534     0
    55     1     4     1     8     2     4     6     1     0     1     1     0     3     0     1   784     0
    56     1     4     1     8     2     4     6     1     0     0     0     1     1     0     0   692     0
    57     1     2     2     4     6     8     2     0     1     1     1     0     2     1     1   818     0
    58     1     2     2     4     6     8     2     1     1     0     0     0     1     1     0   611     0
    59     1     1     2     2     4     6     8     0     0     0     0     0     2     1     1  1345     0
    60     1     1     2     2     4     6     8     1     1     0     0     0     1     1     1   744     0
    61     2     8     1     7     1     3     5     0     0     1     0     1     3     1     1  1044     0
    62     1     3     1     6     8     2     4     0     1     0     0     0     3     0     1   663     0
    63     1     4     1     8     2     4     6     0     1     0     0     1     2     0     0  1272     0
    64     2     7     0     5     7     1     3     1     1     0     1     1     3     1     0   826     0
    65     2     5     0     1     3     5     7     1     0     0     0     0     2     0     1   574     0
    66     2     6     2     3     5     7     1     0     0     1     0     1     2     1     0   932     1
    67     2     8     1     7     1     3     5     1     0     0     0     1     2     1     0   986     1
    68     2     5     0     1     3     5     7     0     0     1     1     0     2     1     0  1120     0
    69     1     4     1     8     2     4     6     1     1     1     1     1     3     1     1   699     0
    70     1     4     1     8     2     4     6     1     1     0     0     0     1     0     0   660     0
    71     2     6     2     3     5     7     1     0     1     1     0     0     3     1     0   716     0
    72     2     6     2     3     5     7     1     1     0     1     0     1     1     1     1   676     0
    73     2     7     0     5     7     1     3     1     0     0     0     0     2     0     0   696     0
    74     2     7     0     5     7     1     3     0     1     0     1     0     1     1     1   954     0
    75     2     6     2     3     5     7     1     1     0     1     1     0     2     1     1  1010     0
    76     2     6     2     3     5     7     1     1     1     1     1     0     1     0     1   630     0
    77     1     2     2     4     6     8     2     1     1     1     0     0     3     0     0   621     0
    78     1     2     2     4     6     8     2     1     0     1     0     0     1     0     1   821     0
    79     2     5     0     1     3     5     7     0     1     1     0     0     3     1     1   654     0
    80     2     6     2     3     5     7     1     0     0     0     1     1     2     0     1   605     0
    81     1     2     2     4     6     8     2     1     0     1     0     0     3     1     0   737     0
    82     1     3     1     6     8     2     4     0     1     1     0     1     2     1     1   759     0
    83     1     2     2     4     6     8     2     1     1     1     0     1     2     1     0   701     0
    84     1     1     2     2     4     6     8     1     0     0     0     0     2     0     1   605     0
    85     2     7     0     5     7     1     3     0     1     0     1     0     3     1     1   698     0
    86     2     7     0     5     7     1     3     1     0     0     1     0     1     1     1   640     0
    87     1     3     1     6     8     2     4     0     1     0     0     1     3     1     1   546     0
    88     1     2     2     4     6     8     2     0     0     0     0     0     2     0     1   491     0
    89     1     3     1     6     8     2     4     1     0     0     1     1     2     1     0   395     1
    90     1     3     1     6     8     2     4     0     0     1     0     1     1     1     0   716     1
    91     1     4     1     8     2     4     6     0     0     1     1     0     2     0     0   792     0
    92     1     1     2     2     4     6     8     0     1     0     0     0     2     0     1   596     0
    93     1     3     1     6     8     2     4     0     1     0     1     1     2     0     0   648     0
    94     1     3     1     6     8     2     4     1     0     1     1     1     1     1     1   953     0
    95     2     7     0     5     7     1     3     1     0     1     1     0     3     0     0   627     0
    96     2     8     1     7     1     3     5     0     1     0     0     0     2     1     1   728     0
    97     2     7     0     5     7     1     3     0     1     0     0     0     2     0     0   889     0
    98     1     2     2     4     6     8     2     1     1     0     0     1     3     1     0   709     0
    99     1     4     1     8     2     4     6     0     1     0     1     1     2     1     0   836     0
   100     1     1     2     2     4     6     8     0     0     0     0     0     2     0     1   607     0
   101     2     6     2     3     5     7     1     1     0     1     0     1     3     1     0   822     0
   102     2     6     2     3     5     7     1     1     1     0     0     1     1     0     1   746     0
   103     2     8     1     7     1     3     5     1     0     0     1     0     2     0     1   640     0
   104     2     8     1     7     1     3     5     0     0     0     1     0     1     1     0   709     0
   105     1     3     1     6     8     2     4     0     1     0     0     1     3     0     1   592     0
   106     1     4     1     8     2     4     6     1     0     1     0     0     2     1     1   565     0
   107     1     3     1     6     8     2     4     1     1     0     1     1     2     0     1   595     0
   108     2     8     1     7     1     3     5     1     0     0     1     0     3     0     1   569     0
   109     2     5     0     1     3     5     7     0     0     0     1     0     2     1     0   620     0
   110     2     5     0     1     3     5     7     0     0     1     1     1     1     0     0   722     0
   111     2     7     0     5     7     1     3     0     1     0     1     0     2     0     1   832     0
   112     2     7     0     5     7     1     3     1     1     0     1     1     1     1     0   860     0
   113     2     6     2     3     5     7     1     0     0     0     1     0     2     1     1   728     0
   114     2     6     2     3     5     7     1     1     1     1     0     1     1     1     1   531     0
   115     2     7     0     5     7     1     3     1     0     0     0     0     2     0     1   915     0
   116     2     7     0     5     7     1     3     1     1     0     1     0     1     0     1   660     0
   117     2     7     0     5     7     1     3     1     1     1     1     0     1     0     0   605     0
   118     2     7     0     5     7     1     3     1     0     1     0     1     1     0     1   652     0
   119     2     7     0     5     7     1     3     1     0     0     0     0     1     0     0   526     0
   120     2     7     0     5     7     1     3     0     0     1     1     0     1     1     0   717     0
   121     2     6     2     3     5     7     1     1     0     0     1     1     2     1     0   533     0
   122     2     6     2     3     5     7     1     1     1     1     0     1     1     0     1   499     0
   123     2     8     1     7     1     3     5     0     1     0     1     1     2     1     0   757     0
   124     1     1     2     2     4     6     8     0     1     1     0     0     3     0     0   637     0
   125     1     4     1     8     2     4     6     0     1     0     1     1     2     0     0   668     0
   126     2     7     0     5     7     1     3     1     1     0     1     1     3     1     0   731     0
   127     1     4     1     8     2     4     6     1     0     0     1     0     3     0     1   545     0
   128     1     4     1     8     2     4     6     0     1     0     1     1     1     1     1   811     0
   129     2     6     2     3     5     7     1     0     1     1     0     0     3     0     0   599     0
   130     1     3     1     6     8     2     4     0     0     0     1     0     3     0     1   807     0
   131     1     4     1     8     2     4     6     0     0     1     1     0     2     0     0   694     0
   132     1     4     1     8     2     4     6     0     0     1     1     1     1     0     0   584     0
   133     1     1     2     2     4     6     8     1     1     0     1     0     2     1     1   750     0
   134     1     2     2     4     6     8     2     1     1     0     1     0     2     0     0   732     0
   135     2     6     2     3     5     7     1     1     1     1     0     0     3     0     0   595     0
   136     2     6     2     3     5     7     1     1     1     0     0     1     1     0     0   650     0
   137     1     4     1     8     2     4     6     1     0     0     1     1     3     0     1   564     0
   138     2     5     0     1     3     5     7     0     0     1     1     0     3     1     0   695     0
   139     2     8     1     7     1     3     5     0     1     1     1     1     2     0     1  1137     0
   140     2     8     1     7     1     3     5     1     1     1     1     0     1     1     0   643     0
   141     2     6     2     3     5     7     1     0     0     1     1     1     2     1     1   768     0
   142     2     6     2     3     5     7     1     1     0     0     1     0     1     1     0   568     0
   143     1     1     2     2     4     6     8     0     1     0     0     0     3     1     1   606     0
   144     1     1     2     2     4     6     8     1     0     0     0     0     1     1     1   498     0
   145     2     8     1     7     1     3     5     1     1     0     0     0     3     0     1   695     0
   146     2     8     1     7     1     3     5     1     0     0     0     1     1     0     1   597     0
   147     2     6     2     3     5     7     1     1     0     0     1     1     2     0     0   645     0
   148     2     6     2     3     5     7     1     1     1     0     1     0     1     0     1   574     0
   149     1     3     1     6     8     2     4     0     1     0     0     0     3     1     0   666     0
   150     1     3     1     6     8     2     4     1     1     1     0     0     1     1     0   648     0
   151     1     3     1     6     8     2     4     0     1     1     1     0     1     1     0   665     0
   152     1     4     1     8     2     4     6     1     0     0     1     1     2     1     1   815     0
   153     2     7     0     5     7     1     3     0     0     1     1     1     3     1     0   777     0
   154     2     7     0     5     7     1     3     0     1     1     0     0     1     0     1   726     0
   155     2     6     2     3     5     7     1     1     0     0     0     0     2     1     1   535     0
   156     2     7     0     5     7     1     3     1     0     0     0     1     2     0     0   682     0
   157     1     1     2     2     4     6     8     1     0     1     0     1     3     0     0   774     0
   158     1     1     2     2     4     6     8     0     1     0     0     0     1     1     1   671     0
   159     1     3     1     6     8     2     4     0     0     1     0     1     2     0     1   620     0
   160     1     3     1     6     8     2     4     0     1     0     0     1     1     0     1   726     0
   161     2     6     2     3     5     7     1     0     1     1     0     0     3     0     0   626     0
   162     2     6     2     3     5     7     1     0     0     0     1     0     1     0     1   574     0
   163     1     2     2     4     6     8     2     1     0     1     0     0     3     1     0   621     0
   164     1     2     2     4     6     8     2     1     0     0     1     0     1     0     0   640     0
   165     2     6     2     3     5     7     1     0     0     0     1     0     3     1     0   748     0
   166     2     5     0     1     3     5     7     0     0     1     0     0     2     0     0   705     0
   167     2     8     1     7     1     3     5     1     1     0     1     1     2     1     1   901     0
   168     2     5     0     1     3     5     7     1     1     0     1     1     2     0     0   726     0
   169     1     3     1     6     8     2     4     1     0     0     1     0     3     0     1   635     0
   170     1     3     1     6     8     2     4     1     0     0     0     0     1     0     0   605     0
   171     1     1     2     2     4     6     8     0     0     1     0     1     2     1     0   717     0
   172     1     1     2     2     4     6     8     0     0     0     1     1     1     0     0   590     0
   173     1     1     2     2     4     6     8     0     1     0     1     1     1     0     1   624     0
   174     1     1     2     2     4     6     8     1     1     1     0     1     1     1     0   543     0
   175     1     4     1     8     2     4     6     0     0     1     1     0     2     1     1   725     0
   176     1     4     1     8     2     4     6     0     1     0     1     1     1     0     1  1086     0
   177     2     7     0     5     7     1     3     0     0     1     0     0     3     0     1   638     0
   178     1     4     1     8     2     4     6     0     1     1     1     1     3     0     1   669     0
   179     2     6     2     3     5     7     1     0     0     1     1     1     3     0     1   620     0
   180     2     7     0     5     7     1     3     0     1     0     0     0     2     0     1   901     0
   181     1     2     2     4     6     8     2     1     1     1     1     1     3     1     0   634     0
   182     1     2     2     4     6     8     2     0     1     1     1     1     1     1     0   568     0
   183     1     3     1     6     8     2     4     1     1     1     1     0     2     1     0   772     0
   184     1     4     1     8     2     4     6     0     1     1     1     0     2     1     0   665     0
   185     2     8     1     7     1     3     5     1     0     1     0     1     3     1     1   775     0
   186     2     6     2     3     5     7     1     1     0     0     1     0     2     0     0   632     0
   187     1     1     2     2     4     6     8     0     0     0     1     0     3     1     0   655     0
   188     1     3     1     6     8     2     4     0     0     1     1     0     2     0     0   666     0
   189     1     1     2     2     4     6     8     0     0     0     0     1     2     0     0   529     0
   190     1     1     2     2     4     6     8     0     1     0     1     0     1     0     1   651     0
   191     2     7     0     5     7     1     3     1     1     1     0     1     3     1     0   657     0
   192     2     7     0     5     7     1     3     1     0     0     0     0     1     0     1   610     0
   193     2     6     2     3     5     7     1     0     1     0     1     0     2     1     1   573     0
   194     2     6     2     3     5     7     1     1     1     1     1     1     1     1     0   527     0
   195     2     6     2     3     5     7     1     0     1     0     0     0     1     1     0   552     0
   196     2     6     2     3     5     7     1     0     0     0     1     0     1     0     1   549     0
   197     1     3     1     6     8     2     4     1     1     0     0     0     3     1     1   721     0
   198     1     3     1     6     8     2     4     0     0     0     0     1     1     1     1   651     0
   199     1     3     1     6     8     2     4     1     1     0     0     0     1     1     1   682     0
   200     1     1     2     2     4     6     8     1     0     0     1     1     2     0     1   586     0
   201     1     3     1     6     8     2     4     0     1     1     1     1     2     1     1   591     0
   202     1     3     1     6     8     2     4     1     0     1     1     0     1     1     1   636     0
   203     1     1     2     2     4     6     8     0     1     1     0     1     2     1     1  1230     0
   204     1     1     2     2     4     6     8     0     1     0     0     1     1     0     0   551     0
   205     1     4     1     8     2     4     6     1     1     1     1     0     2     1     0   857     0
   206     1     4     1     8     2     4     6     1     0     1     0     0     1     0     1   658     0
   207     1     4     1     8     2     4     6     0     0     0     0     1     1     1     0   927     0
   208     1     4     1     8     2     4     6     1     0     0     0     1     1     1     0   640     0
   209     2     5     0     1     3     5     7     0     1     0     0     0     3     1     1   912     0
   210     2     5     0     1     3     5     7     0     1     1     1     1     1     0     0   572     0
   211     1     4     1     8     2     4     6     1     1     1     0     0     3     1     0   696     0
   212     1     4     1     8     2     4     6     0     0     1     1     1     1     1     1   712     0
   213     1     4     1     8     2     4     6     1     1     0     1     0     1     1     1   850     0
   214     2     5     0     1     3     5     7     1     0     1     1     1     3     0     1   590     0
   215     2     7     0     5     7     1     3     0     0     1     0     0     2     1     0   769     1
   216     2     7     0     5     7     1     3     1     0     1     0     0     1     1     0   844     0
   217     1     2     2     4     6     8     2     0     1     0     1     1     3     1     1   829     0
   218     1     1     2     2     4     6     8     1     0     1     1     1     2     1     1   806     0
   219     2     5     0     1     3     5     7     1     0     0     1     0     3     0     0   566     0
   220     1     2     2     4     6     8     2     1     0     1     0     0     3     0     0   663     0
   221     2     7     0     5     7     1     3     0     0     0     0     0     3     1     0   880     0
   222     2     7     0     5     7     1     3     1     1     1     0     0     1     1     1   616     0
   223     1     3     1     6     8     2     4     0     0     0     0     1     3     1     1   683     0
   224     1     3     1     6     8     2     4     1     0     0     0     0     1     1     0   592     0
   225     2     8     1     7     1     3     5     0     0     0     1     0     3     1     0   864     0
   226     2     5     0     1     3     5     7     1     1     0     0     1     2     1     1   574     0
   227     2     8     1     7     1     3     5     1     0     0     1     1     2     0     1   840     0
   228     2     8     1     7     1     3     5     0     0     1     1     0     1     1     0  1017     0
   229     1     4     1     8     2     4     6     1     0     1     1     0     3     1     0   651     0
   230     1     4     1     8     2     4     6     1     0     1     1     0     1     0     0   670     0
   231     2     5     0     1     3     5     7     1     0     1     1     1     3     0     0   609     0
   232     2     7     0     5     7     1     3     0     1     1     1     0     2     1     1   937     0
   233     2     7     0     5     7     1     3     0     1     0     1     0     1     0     0   737     0
   234     2     7     0     5     7     1     3     0     0     0     0     0     1     0     1   760     0
   235     2     8     1     7     1     3     5     0     0     1     0     0     2     0     0   589     0
   236     2     8     1     7     1     3     5     1     1     1     1     1     1     1     1   705     0
   237     1     2     2     4     6     8     2     0     1     0     1     1     3     1     0   583     0
   238     1     3     1     6     8     2     4     0     0     1     1     1     2     0     1   665     0
   239     1     4     1     8     2     4     6     0     0     0     0     0     2     0     0   767     0
   240     1     4     1     8     2     4     6     1     0     0     1     0     1     1     0   600     0
   241     1     1     2     2     4     6     8     0     0     0     1     1     2     1     0   539     0
   242     1     2     2     4     6     8     2     1     0     1     1     1     2     1     0   667     0
   243     2     8     1     7     1     3     5     0     1     1     0     1     3     1     1   724     0
   244     2     8     1     7     1     3     5     0     0     0     1     1     1     0     1   920     0
   245     1     1     2     2     4     6     8     1     1     1     1     0     3     1     1   582     0
   246     1     1     2     2     4     6     8     0     1     0     1     0     1     1     0   654     0
   247     2     7     0     5     7     1     3     0     0     0     0     0     3     0     1   604     0
   248     2     6     2     3     5     7     1     0     0     0     0     1     2     0     0   585     0
   249     1     1     2     2     4     6     8     1     0     0     1     1     3     1     0   572     0
   250     2     6     2     3     5     7     1     0     0     1     1     1     3     1     0   538     0
   251     2     5     0     1     3     5     7     1     1     0     0     0     2     1     1   666     0
   252     1     2     2     4     6     8     2     1     0     1     1     1     3     0     1   541     0
   253     1     3     1     6     8     2     4     0     0     1     0     0     2     1     0   625     0
   254     1     3     1     6     8     2     4     1     0     1     0     0     1     1     0   565     0
   255     1     4     1     8     2     4     6     0     0     0     0     0     2     1     0   576     0
   256     1     1     2     2     4     6     8     1     1     0     0     0     2     1     1   592     0
   257     2     5     0     1     3     5     7     1     0     1     1     1     3     0     1   528     0
   258     2     5     0     1     3     5     7     1     1     1     0     0     1     0     1   595     0
   259     2     6     2     3     5     7     1     0     0     1     1     1     2     1     1   539     0
   260     2     6     2     3     5     7     1     0     0     1     0     1     1     0     0   621     0
   261     2     5     0     1     3     5     7     1     1     1     0     0     2     1     1   665     0
   262     2     5     0     1     3     5     7     1     1     0     0     1     1     0     0   693     0
   263     2     8     1     7     1     3     5     1     1     1     1     1     2     0     0   619     0
   264     2     8     1     7     1     3     5     0     0     1     0     1     1     1     1   908     0
   265     2     7     0     5     7     1     3     0     0     0     0     0     2     0     0   624     0
   266     2     6     2     3     5     7     1     1     0     0     1     0     2     1     0   565     0
   267     1     3     1     6     8     2     4     1     0     1     0     1     3     0     0   624     0
   268     1     3     1     6     8     2     4     0     0     0     1     0     1     1     0   708     0
   269     2     6     2     3     5     7     1     0     1     1     1     1     3     0     1   616     0
   270     1     1     2     2     4     6     8     1     1     0     0     1     3     1     0   602     0
   271     2     8     1     7     1     3     5     0     1     0     1     0     3     1     0   786     0
   272     2     8     1     7     1     3     5     0     0     0     0     0     1     0     1   577     0
   273     2     7     0     5     7     1     3     0     1     1     1     0     2     0     1   576     0
   274     2     6     2     3     5     7     1     1     0     0     1     1     2     1     1   582     0
   275     2     5     0     1     3     5     7     0     1     1     1     1     2     1     1   616     0
   276     2     5     0     1     3     5     7     0     1     1     0     1     1     0     0   616     0
   277     1     2     2     4     6     8     2     0     1     0     1     0     3     0     0   669     0
   278     1     3     1     6     8     2     4     1     1     0     0     1     2     1     0   788     0
   279     1     4     1     8     2     4     6     0     1     0     0     1     2     1     0   709     0
   280     1     4     1     8     2     4     6     0     0     0     1     0     1     0     1   623     0
   281     1     2     2     4     6     8     2     1     1     1     1     1     2     1     1   583     0
   282     1     2     2     4     6     8     2     1     1     1     1     0     1     0     0   714     0
   283     2     8     1     7     1     3     5     0     1     0     1     0     3     1     0   624     0
   284     2     8     1     7     1     3     5     1     0     1     1     0     1     1     1   645     0
   285     2     5     0     1     3     5     7     1     1     0     1     0     2     0     1   514     0
   286     2     5     0     1     3     5     7     0     1     1     1     0     1     1     0   554     0
   287     2     7     0     5     7     1     3     0     0     1     1     0     2     0     1   624     0
   288     2     5     0     1     3     5     7     0     0     1     1     1     2     0     0   860     0
   289     2     6     2     3     5     7     1     1     1     1     0     0     2     1     1   658     0
   290     2     7     0     5     7     1     3     0     0     1     1     1     2     1     1   618     0
   291     1     1     2     2     4     6     8     0     0     0     0     1     3     0     0   587     0
   292     1     1     2     2     4     6     8     1     0     0     1     1     1     1     0   472     0
   293     1     4     1     8     2     4     6     1     0     1     0     1     2     0     0   593     0
   294     1     3     1     6     8     2     4     0     1     0     0     0     2     1     1   695     0
   295     1     1     2     2     4     6     8     0     0     1     0     1     2     0     1   708     0
   296     1     1     2     2     4     6     8     0     1     0     0     1     1     0     1   685     0
   297     2     5     0     1     3     5     7     0     0     1     0     1     3     0     1   556     0
   298     1     4     1     8     2     4     6     1     0     0     0     1     3     1     0   568     0
   299     1     3     1     6     8     2     4     0     1     0     0     0     2     1     1   810     0
   300     1     1     2     2     4     6     8     1     0     1     1     1     2     1     1   499     0
   301     1     1     2     2     4     6     8     0     1     1     0     0     1     1     1   987     0
   302     1     4     1     8     2     4     6     0     1     1     0     0     2     0     0   753     0
   303     1     1     2     2     4     6     8     1     0     0     0     0     2     1     1   478     0
   304     1     1     2     2     4     6     8     1     0     0     0     0     1     0     0   478     0
   305     1     2     2     4     6     8     2     0     0     0     1     1     2     1     0   622     1
   306     1     2     2     4     6     8     2     0     0     1     1     0     1     0     0   552     0
   307     1     3     1     6     8     2     4     1     1     1     1     0     2     1     1   802     0
   308     1     4     1     8     2     4     6     1     1     1     1     1     2     0     0   603     0
   309     2     6     2     3     5     7     1     1     1     1     0     1     3     0     0   642     0
   310     2     7     0     5     7     1     3     1     1     0     0     1     2     0     0   576     0
   311     1     4     1     8     2     4     6     1     1     1     0     0     3     0     0   590     0
   312     2     7     0     5     7     1     3     0     1     1     0     1     3     1     0   563     0
   313     1     3     1     6     8     2     4     0     0     1     1     0     3     0     1   607     0
   314     1     3     1     6     8     2     4     1     1     1     1     1     1     1     1   599     0
   315     1     3     1     6     8     2     4     1     1     1     0     0     1     0     0   724     0
   316     1     1     2     2     4     6     8     0     1     1     1     1     2     1     0   706     0
   317     1     4     1     8     2     4     6     0     1     1     0     0     2     0     0   754     0
   318     1     2     2     4     6     8     2     0     0     0     1     1     2     0     1   785     1
   319     2     5     0     1     3     5     7     0     0     0     0     1     3     0     0   863     0
   320     2     5     0     1     3     5     7     1     1     1     0     0     1     1     1  1147     0
   321     2     5     0     1     3     5     7     0     1     1     1     1     1     1     0   615     0
   322     2     5     0     1     3     5     7     0     1     1     1     0     1     0     0   595     0
   323     2     7     0     5     7     1     3     0     1     0     1     0     2     0     0   692     0
   324     2     7     0     5     7     1     3     0     0     0     0     1     1     0     1   634     0
   325     1     4     1     8     2     4     6     1     1     0     0     1     3     1     1   880     0
   326     1     3     1     6     8     2     4     1     1     1     1     1     2     0     0   618     0
   327     1     2     2     4     6     8     2     1     0     0     0     1     2     0     1   585     0
   328     1     3     1     6     8     2     4     1     0     0     1     1     2     0     0   656     0
   329     2     7     0     5     7     1     3     0     1     1     0     1     3     1     1   851     0
   330     2     7     0     5     7     1     3     0     0     1     1     1     1     0     1   607     0
   331     2     5     0     1     3     5     7     1     0     0     0     0     2     1     0   636     0
   332     2     5     0     1     3     5     7     1     0     1     1     1     1     0     0   749     0
   333     2     6     2     3     5     7     1     0     1     1     0     0     2     1     1   776     0
   334     2     6     2     3     5     7     1     0     0     1     0     1     1     0     1   665     0
   335     2     7     0     5     7     1     3     0     0     0     1     0     2     0     0   607     0
   336     2     7     0     5     7     1     3     0     0     1     1     0     1     0     0   568     0
   337     2     5     0     1     3     5     7     1     1     1     0     0     2     1     1   832     0
   338     2     5     0     1     3     5     7     1     1     1     0     0     1     0     0   531     0
   339     2     8     1     7     1     3     5     0     1     1     0     1     2     1     0   792     0
   340     2     7     0     5     7     1     3     0     1     1     1     1     2     0     0   650     0
   341     1     2     2     4     6     8     2     1     1     0     1     0     3     1     0   718     0
   342     1     2     2     4     6     8     2     1     1     1     1     0     1     0     0   490     0
   343     1     1     2     2     4     6     8     1     1     1     0     0     2     0     0   695     0
   344     1     2     2     4     6     8     2     0     0     1     0     0     2     1     1   558     0
   345     2     7     0     5     7     1     3     1     0     1     1     1     3     1     0   566     0
   346     2     5     0     1     3     5     7     0     1     0     0     0     2     1     1   654     0
   347     2     7     0     5     7     1     3     1     1     0     1     0     2     1     0   838     0
   348     2     7     0     5     7     1     3     1     1     1     1     1     1     0     0   516     0
   349     2     7     0     5     7     1     3     1     1     1     0     0     1     0     0   462     0
   350     2     6     2     3     5     7     1     1     1     1     1     1     2     0     0   709     0
   351     1     2     2     4     6     8     2     1     1     0     1     0     3     0     0   495     0
   352     1     2     2     4     6     8     2     1     0     1     1     0     1     0     1   727     0
   353     1     2     2     4     6     8     2     0     1     0     1     0     1     1     1   815     0
   354     1     2     2     4     6     8     2     0     0     0     1     0     1     0     1   721     0
   355     1     4     1     8     2     4     6     0     1     1     1     0     2     0     1   810     0
   356     1     4     1     8     2     4     6     1     1     1     0     1     1     1     0   673     0
   357     1     2     2     4     6     8     2     1     0     0     0     0     2     0     1   600     0
   358     1     2     2     4     6     8     2     0     1     0     1     1     1     1     1   906     0
   359     1     3     1     6     8     2     4     0     0     1     1     0     2     0     1   587     0
   360     1     3     1     6     8     2     4     0     0     1     0     1     1     0     0   686     0
   361     2     5     0     1     3     5     7     1     1     0     1     1     3     1     1   780     0
   362     1     2     2     4     6     8     2     0     0     0     0     0     3     1     1   652     0
   363     2     8     1     7     1     3     5     1     0     1     0     1     3     1     0   656     0
   364     2     7     0     5     7     1     3     1     1     1     1     1     2     0     1   634     0
   365     1     3     1     6     8     2     4     0     1     0     0     1     3     1     0   880     0
   366     1     3     1     6     8     2     4     0     0     0     0     1     1     0     1   675     0
   367     1     4     1     8     2     4     6     0     0     0     1     0     2     0     0   598     0
   368     2     5     0     1     3     5     7     0     0     1     1     1     3     0     0   592     0
   369     2     5     0     1     3     5     7     1     0     1     1     1     1     1     0   637     0
   370     2     5     0     1     3     5     7     0     1     0     0     1     1     1     1   745     0
   371     1     2     2     4     6     8     2     0     0     0     1     1     3     0     1   589     0
   372     1     4     1     8     2     4     6     0     1     0     0     1     2     0     1   625     0
   373     2     6     2     3     5     7     1     1     1     1     1     0     3     1     0  1109     0
   374     1     3     1     6     8     2     4     1     0     1     0     1     3     0     1   565     0
   375     1     3     1     6     8     2     4     0     0     0     0     0     1     1     0   592     0
   376     1     4     1     8     2     4     6     0     0     0     0     1     2     0     0   520     0
   377     2     6     2     3     5     7     1     0     0     0     0     0     3     0     0   476     0
   378     2     6     2     3     5     7     1     0     0     1     0     0     1     0     0   484     0
   379     2     6     2     3     5     7     1     0     1     0     0     0     1     0     1   534     0
   380     1     1     2     2     4     6     8     0     0     1     0     0     3     0     1   472     0
   381     1     2     2     4     6     8     2     0     1     1     0     1     2     0     1   525     0
   382     1     2     2     4     6     8     2     0     1     1     1     0     1     0     0   891     0
   383     1     1     2     2     4     6     8     0     0     1     0     0     2     0     1   454     0
   384     1     1     2     2     4     6     8     1     0     0     1     1     1     1     0   737     0
   385     1     3     1     6     8     2     4     0     1     1     0     1     2     1     1   686     0
   386     1     3     1     6     8     2     4     0     1     1     1     0     1     0     0   747     0
   387     1     1     2     2     4     6     8     1     1     1     0     0     2     1     0   724     0
   388     1     1     2     2     4     6     8     1     0     1     0     0     1     0     1   635     0
   389     2     5     0     1     3     5     7     0     1     0     1     0     3     1     1   769     0
   390     2     5     0     1     3     5     7     0     0     1     1     0     1     0     1   716     0
   391     2     8     1     7     1     3     5     1     1     0     1     1     2     1     1   647     0
   392     2     8     1     7     1     3     5     0     0     0     0     0     1     1     1   653     0
   393     2     6     2     3     5     7     1     1     0     0     0     1     2     1     0   581     0
   394     2     7     0     5     7     1     3     0     0     0     1     0     2     1     0   628     0
   395     2     5     0     1     3     5     7     1     1     0     0     0     2     1     1   691     0
   396     2     6     2     3     5     7     1     0     1     1     0     0     2     1     0   693     0
   397     1     1     2     2     4     6     8     0     1     0     0     0     3     0     0   822     0
   398     1     1     2     2     4     6     8     0     1     1     0     0     1     0     0   548     0
   399     2     6     2     3     5     7     1     1     1     0     0     1     3     1     0   645     0
   400     2     8     1     7     1     3     5     1     1     0     1     0     2     0     0   620     0
   401     2     7     0     5     7     1     3     0     0     1     0     0     2     1     1   644     0
   402     2     8     1     7     1     3     5     1     1     1     1     1     2     1     1   656     0
   403     1     4     1     8     2     4     6     1     1     1     0     0     3     0     0   543     0
   404     1     4     1     8     2     4     6     0     1     1     1     1     1     1     0   575     0
   405     1     3     1     6     8     2     4     0     0     1     1     1     2     0     1   631     0
   406     1     2     2     4     6     8     2     0     0     1     1     0     2     0     0   634     0
   407     2     5     0     1     3     5     7     1     1     1     0     0     3     1     1   571     0
   408     1     4     1     8     2     4     6     1     0     0     1     0     3     0     1   636     0
   409     2     5     0     1     3     5     7     1     0     1     0     1     3     0     0   704     0
   410     2     5     0     1     3     5     7     0     0     1     0     0     1     1     0   736     0
   411     2     6     2     3     5     7     1     1     0     0     1     0     2     1     0   679     0
   412     2     8     1     7     1     3     5     0     1     1     1     1     2     1     1   504     0
   413     1     3     1     6     8     2     4     0     1     1     1     1     3     0     0   617     0
   414     2     6     2     3     5     7     1     1     1     1     1     0     3     1     0   590     0
   415     1     3     1     6     8     2     4     0     0     1     1     1     3     1     1   604     0
   416     1     3     1     6     8     2     4     0     1     0     0     1     1     0     1   693     0
   417     1     1     2     2     4     6     8     1     0     0     1     1     2     1     1   504     0
   418     1     4     1     8     2     4     6     0     0     1     1     0     2     1     0   706     0
   419     1     4     1     8     2     4     6     0     1     1     1     1     1     0     1   648     0
   420     1     4     1     8     2     4     6     1     1     0     0     0     1     1     0   827     0
   421     2     8     1     7     1     3     5     1     1     1     1     0     3     0     0   560     0
   422     2     6     2     3     5     7     1     0     1     0     1     1     2     1     0   633     0
   423     2     5     0     1     3     5     7     0     0     1     0     0     2     0     1   557     0
   424     2     8     1     7     1     3     5     0     0     1     0     1     2     0     0   603     0
   425     2     5     0     1     3     5     7     0     1     1     0     1     2     0     1   696     0
   426     2     6     2     3     5     7     1     1     0     0     0     1     2     1     1   580     0
   427     1     2     2     4     6     8     2     1     0     1     0     0     3     0     0   524     0
   428     1     2     2     4     6     8     2     1     0     0     1     0     1     0     0   510     0
   429     2     7     0     5     7     1     3     1     1     1     1     1     3     0     1   748     0
   430     2     8     1     7     1     3     5     1     1     0     0     0     2     0     0   707     0
   431     1     1     2     2     4     6     8     1     0     0     1     0     3     0     1   426     0
   432     1     1     2     2     4     6     8     0     0     0     0     0     1     1     0   517     0
   433     2     7     0     5     7     1     3     0     1     1     1     0     3     0     1   718     0
   434     1     2     2     4     6     8     2     0     0     0     0     0     3     0     1   490     0
   435     1     2     2     4     6     8     2     0     0     0     1     1     1     0     0   646     1
   436     1     4     1     8     2     4     6     0     0     0     0     0     2     0     0   503     0
   437     2     7     0     5     7     1     3     1     0     1     0     1     3     1     0   594     0
   438     2     7     0     5     7     1     3     0     1     1     0     0     1     1     1   634     0
   439     1     1     2     2     4     6     8     1     0     1     0     0     3     1     1   465     0
   440     2     6     2     3     5     7     1     1     0     0     1     0     3     0     0   478     0
   441     2     8     1     7     1     3     5     1     1     0     0     1     2     0     1   671     0
   442     2     8     1     7     1     3     5     0     0     1     0     0     1     1     1   714     0
   443     1     4     1     8     2     4     6     0     0     1     1     0     3     0     0   573     1
   444     1     2     2     4     6     8     2     1     0     1     0     1     2     1     0   585     0
   445     2     6     2     3     5     7     1     0     0     0     0     0     3     1     0   554     0
   446     2     6     2     3     5     7     1     0     0     0     0     1     1     0     0   511     0
   447     2     5     0     1     3     5     7     1     0     0     0     0     2     1     0   636     0
   448     2     6     2     3     5     7     1     0     1     1     1     1     2     1     1   695     0
   449     1     2     2     4     6     8     2     1     0     1     0     1     3     1     1   656     0
   450     1     3     1     6     8     2     4     0     1     1     0     0     2     1     1   784     0
   451     2     5     0     1     3     5     7     1     0     1     0     1     3     1     1   686     0
   452     2     5     0     1     3     5     7     0     0     0     0     0     1     1     0   627     0
   453     2     6     2     3     5     7     1     0     0     1     1     1     2     0     0   604     0
   454     2     6     2     3     5     7     1     0     0     0     1     1     1     0     0   786     0
   455     2     8     1     7     1     3     5     0     1     0     0     1     2     0     1   686     0
   456     2     6     2     3     5     7     1     1     0     1     0     1     2     1     1   555     0
   457     2     6     2     3     5     7     1     1     0     1     1     0     1     0     0   464     0
   458     1     3     1     6     8     2     4     1     0     0     0     1     3     0     0   572     0
   459     2     8     1     7     1     3     5     0     1     1     0     1     3     1     1   793     0
   460     2     8     1     7     1     3     5     1     0     0     0     0     1     1     1   601     0
   461     1     3     1     6     8     2     4     1     1     0     0     0     3     0     1   645     0
   462     1     3     1     6     8     2     4     1     0     1     1     0     1     0     1   623     0
   463     2     5     0     1     3     5     7     1     1     0     0     1     3     0     1   596     0
   464     2     6     2     3     5     7     1     0     1     1     0     0     2     1     0   627     0
   465     1     2     2     4     6     8     2     0     1     0     0     0     3     0     0   685     0
   466     1     2     2     4     6     8     2     1     1     1     0     0     1     1     0   615     0
   467     2     6     2     3     5     7     1     1     1     1     0     1     3     0     0   628     0
   468     2     5     0     1     3     5     7     1     1     0     0     1     2     0     0   613     0
   469     2     7     0     5     7     1     3     0     1     0     1     0     2     1     0   739     0
   470     2     8     1     7     1     3     5     1     1     0     1     1     2     1     0   633     0
   471     2     6     2     3     5     7     1     0     0     0     0     1     2     1     1   554     0
   472     1     1     2     2     4     6     8     1     0     0     0     1     3     1     0   509     0
   473     1     2     2     4     6     8     2     0     1     1     1     0     2     1     1   621     0
   474     1     2     2     4     6     8     2     1     1     0     0     0     1     1     0   552     0
   475     1     1     2     2     4     6     8     0     1     0     0     0     2     1     0   610     0
   476     1     3     1     6     8     2     4     1     1     0     1     0     2     1     0   614     1
   477     2     5     0     1     3     5     7     1     0     0     1     0     3     0     1   538     0
   478     2     5     0     1     3     5     7     1     1     1     1     0     1     0     1   607     0
   479     2     8     1     7     1     3     5     1     1     1     0     0     2     0     0   736     0
   480     2     8     1     7     1     3     5     0     1     1     1     1     1     1     0   666     0
   481     2     5     0     1     3     5     7     0     0     1     0     0     2     0     1   581     0
   482     2     7     0     5     7     1     3     0     0     1     1     0     2     0     0   803     0
   483     1     3     1     6     8     2     4     0     0     1     1     0     3     0     0   592     0
   484     1     2     2     4     6     8     2     1     0     0     1     1     2     1     0   682     0
   485     2     7     0     5     7     1     3     1     0     0     1     1     3     0     0   615     0
   486     2     5     0     1     3     5     7     0     0     0     0     0     2     1     0   514     0
   487     1     2     2     4     6     8     2     1     0     1     1     1     3     1     0   501     0
   488     1     1     2     2     4     6     8     0     0     0     0     1     2     1     0   546     0
   489     1     3     1     6     8     2     4     1     0     0     0     1     2     1     0   579     0
   490     1     3     1     6     8     2     4     1     0     1     0     0     1     0     0   503     0
   491     2     6     2     3     5     7     1     1     1     0     1     1     3     0     1   566     0
   492     2     6     2     3     5     7     1     1     1     0     0     1     1     0     0   505     0
   493     2     8     1     7     1     3     5     0     1     0     0     0     2     1     0   732     0
   494     2     8     1     7     1     3     5     0     0     1     0     1     1     0     1   677     0
   495     2     8     1     7     1     3     5     0     1     1     0     1     1     0     1   694     0
   496     2     8     1     7     1     3     5     0     0     0     0     0     1     0     1   582     0
   497     1     1     2     2     4     6     8     1     1     1     1     0     3     1     1   630     0
   498     1     1     2     2     4     6     8     0     0     1     0     1     1     1     1   570     0
   499     2     7     0     5     7     1     3     1     1     0     1     0     3     1     1   709     0
   500     2     7     0     5     7     1     3     1     0     1     0     0     1     0     1   622     0
   501     1     2     2     4     6     8     2     1     1     0     1     1     3     0     1   596     0
   502     1     2     2     4     6     8     2     1     1     0     1     1     1     0     0   528     0
   503     2     7     0     5     7     1     3     1     0     0     1     0     3     0     1   541     0
   504     2     8     1     7     1     3     5     0     1     0     1     0     2     1     1   642     0
   505     2     8     1     7     1     3     5     0     0     1     0     0     1     0     1   649     0
   506     2     8     1     7     1     3     5     1     1     1     1     1     1     1     1   634     0
   507     2     8     1     7     1     3     5     0     1     0     1     1     1     1     0   588     0
   508     2     7     0     5     7     1     3     1     1     0     1     1     2     1     0   788     0
   509     1     4     1     8     2     4     6     1     0     0     1     0     3     0     1   562     0
   510     1     4     1     8     2     4     6     0     0     1     0     0     1     1     0   853     0
   511     2     7     0     5     7     1     3     1     0     1     0     0     3     1     0   589     0
   512     2     7     0     5     7     1     3     0     0     0     0     0     1     1     0   533     0
   513     2     6     2     3     5     7     1     0     0     1     1     1     2     0     0   630     0
   514     2     6     2     3     5     7     1     0     1     0     0     0     1     0     1   597     0
   515     1     2     2     4     6     8     2     0     0     0     0     1     3     0     1   565     0
   516     2     7     0     5     7     1     3     1     1     0     0     0     3     1     1   716     0
   517     2     5     0     1     3     5     7     0     1     1     0     0     2     1     0   820     0
   518     2     5     0     1     3     5     7     0     1     0     1     0     1     0     0   720     0
   519     1     3     1     6     8     2     4     1     0     0     0     1     3     1     1   588     0
   520     2     6     2     3     5     7     1     0     1     1     0     0     3     1     1   620     0
   521     1     3     1     6     8     2     4     0     0     0     1     0     3     0     1   551     0
   522     1     3     1     6     8     2     4     1     0     0     0     0     1     1     0   587     0
   523     1     4     1     8     2     4     6     0     0     0     1     1     2     1     0   560     0
   524     1     4     1     8     2     4     6     1     0     0     0     0     1     1     0   517     0
   525     1     4     1     8     2     4     6     1     0     0     0     1     1     0     0   532     0
   526     1     4     1     8     2     4     6     0     0     1     1     1     1     1     0   673     0
   527     1     3     1     6     8     2     4     1     1     0     1     1     2     1     1   723     0
   528     1     1     2     2     4     6     8     1     1     0     1     1     2     0     0   618     0
   529     1     1     2     2     4     6     8     0     0     0     1     0     1     1     1   572     0
   530     2     8     1     7     1     3     5     1     1     1     0     1     3     1     1   764     0
   531     1     3     1     6     8     2     4     1     0     0     0     0     3     0     1   573     0
   532     1     2     2     4     6     8     2     1     1     1     0     0     2     0     1   598     0
   533     2     5     0     1     3     5     7     0     0     1     1     1     3     1     1   752     0
   534     2     5     0     1     3     5     7     0     1     0     1     0     1     0     1   747     0
   535     1     4     1     8     2     4     6     1     1     1     1     1     3     1     0   696     0
   536     1     1     2     2     4     6     8     1     1     0     1     0     2     0     0   626     0
   537     1     1     2     2     4     6     8     0     0     1     0     0     1     1     1   519     0
   538     1     3     1     6     8     2     4     1     0     1     1     0     2     1     0   649     0
   539     1     4     1     8     2     4     6     0     1     0     1     0     2     1     1   747     0
   540     1     4     1     8     2     4     6     0     0     1     1     0     1     0     1   597     0
   541     1     1     2     2     4     6     8     0     0     1     0     1     2     0     0   618     0
   542     2     8     1     7     1     3     5     1     1     0     1     1     3     1     1   604     0
   543     1     4     1     8     2     4     6     0     0     0     0     0     3     1     1   615     0
   544     1     4     1     8     2     4     6     0     0     1     1     1     1     0     0   611     0
   545     2     7     0     5     7     1     3     0     0     0     0     1     3     0     0   672     0
   546     2     8     1     7     1     3     5     0     0     0     1     1     2     0     0   505     0
   547     1     2     2     4     6     8     2     0     1     0     1     1     3     0     1   841     1
   548     1     2     2     4     6     8     2     1     1     1     0     0     1     1     0   755     0
   549     2     8     1     7     1     3     5     1     1     1     1     0     3     0     0   684     0
   550     2     8     1     7     1     3     5     0     0     0     0     1     1     1     1   505     0
   551     1     2     2     4     6     8     2     1     1     1     1     0     3     1     1   601     0
   552     1     2     2     4     6     8     2     1     0     0     1     1     1     0     1   647     0
   553     2     6     2     3     5     7     1     0     1     1     1     1     3     1     1   617     0
   554     2     6     2     3     5     7     1     1     1     0     0     1     1     1     0   618     0
   555     2     5     0     1     3     5     7     1     1     0     1     1     2     0     0   662     0
   556     1     4     1     8     2     4     6     0     0     1     0     0     3     1     1   749     0
   557     2     6     2     3     5     7     1     1     0     0     1     0     3     1     0   551     0
   558     2     7     0     5     7     1     3     1     1     1     0     1     2     0     1   735     0
   559     1     2     2     4     6     8     2     0     0     1     0     1     3     1     1   881     0
   560     2     7     0     5     7     1     3     1     1     1     1     1     3     1     1   561     0
   561     1     2     2     4     6     8     2     0     1     0     0     0     3     1     0   712     0
   562     2     5     0     1     3     5     7     0     1     1     0     0     3     0     0   635     0
   563     1     4     1     8     2     4     6     1     1     0     1     0     3     1     0   645     0
   564     1     1     2     2     4     6     8     1     1     0     1     1     2     0     0   507     0
   565     2     8     1     7     1     3     5     0     0     0     1     0     3     1     1   906     0
   566     2     8     1     7     1     3     5     0     1     1     1     0     1     0     1   638     0
   567     2     5     0     1     3     5     7     0     0     0     1     1     2     0     1   586     0
   568     2     7     0     5     7     1     3     1     0     0     0     1     2     1     0   692     0
   569     1     4     1     8     2     4     6     0     1     1     1     0     3     1     1   601     0
   570     1     3     1     6     8     2     4     1     1     1     0     1     2     1     0   774     0
   571     2     8     1     7     1     3     5     1     1     0     0     0     3     0     0   796     0
   572     2     8     1     7     1     3     5     0     1     1     0     0     1     1     0   591     0
   573     2     6     2     3     5     7     1     0     1     0     1     1     2     0     0   582     0
   574     2     6     2     3     5     7     1     0     1     1     0     0     1     0     0   538     0
   575     2     5     0     1     3     5     7     1     0     0     1     0     2     1     1   573     0
   576     2     5     0     1     3     5     7     1     1     0     1     0     1     0     1   722     0
   577     1     1     2     2     4     6     8     1     1     1     0     1     3     0     0   534     0
   578     1     2     2     4     6     8     2     0     1     1     1     1     2     1     0   582     0
   579     2     7     0     5     7     1     3     1     1     1     1     1     3     1     0   512     0
   580     2     8     1     7     1     3     5     1     1     0     0     1     2     0     0   565     0
   581     2     7     0     5     7     1     3     1     1     1     1     0     2     0     0   566     0
   582     2     7     0     5     7     1     3     1     0     1     1     1     1     0     1   488     1
   583     1     3     1     6     8     2     4     0     0     0     1     1     3     1     0   638     0
   584     1     3     1     6     8     2     4     0     0     1     1     0     1     0     0   594     0
   585     1     4     1     8     2     4     6     1     0     1     0     0     2     1     0   845     0
   586     1     4     1     8     2     4     6     1     0     0     1     0     1     0     0   555     0
   587     2     6     2     3     5     7     1     1     1     0     0     1     3     0     1   564     0
   588     2     6     2     3     5     7     1     0     1     0     1     0     1     1     0   711     0
   589     2     8     1     7     1     3     5     0     0     0     0     1     2     0     1   529     0
   590     2     5     0     1     3     5     7     0     0     1     1     1     2     0     0   641     0
   591     1     1     2     2     4     6     8     0     1     0     1     0     3     0     1   780     0
   592     1     1     2     2     4     6     8     1     0     0     0     1     1     1     1   458     0
   593     1     1     2     2     4     6     8     0     1     0     1     1     1     1     1   621     0
   594     1     2     2     4     6     8     2     0     1     1     0     1     2     0     0   736     0
   595     2     7     0     5     7     1     3     0     0     0     1     1     3     0     1   542     0
   596     2     5     0     1     3     5     7     1     0     0     0     1     2     1     0   536     0
   597     2     7     0     5     7     1     3     0     1     0     0     0     2     1     1   674     0
   598     2     7     0     5     7     1     3     0     0     0     1     1     1     0     1   571     0
   599     1     1     2     2     4     6     8     1     1     0     1     1     3     1     1   580     0
   600     2     6     2     3     5     7     1     1     1     0     1     1     3     0     0   565     0
   601     2     5     0     1     3     5     7     0     1     0     0     1     2     1     0   672     0
   602     2     5     0     1     3     5     7     1     1     1     1     1     1     1     0   506     0
   603     1     2     2     4     6     8     2     0     0     0     0     1     3     1     1   594     0
   604     1     2     2     4     6     8     2     1     0     0     0     1     1     1     0   580     0
   605     1     4     1     8     2     4     6     1     1     1     0     0     2     0     1   620     0
   606     2     7     0     5     7     1     3     0     1     1     1     1     3     1     0   589     0
   607     2     7     0     5     7     1     3     0     0     1     1     1     1     0     1   608     0
   608     2     7     0     5     7     1     3     0     1     1     0     1     1     0     1   577     0
   609     2     6     2     3     5     7     1     1     0     0     0     0     2     1     1   517     0
   610     2     8     1     7     1     3     5     1     0     0     0     0     2     0     0   569     0
   611     1     2     2     4     6     8     2     0     1     0     0     0     3     1     1   621     0
   612     1     2     2     4     6     8     2     0     1     0     0     0     1     0     0   718     0
   613     2     7     0     5     7     1     3     1     0     0     1     1     3     1     1   547     0
   614     2     7     0     5     7     1     3     1     1     1     0     0     1     0     1   615     0
   615     1     3     1     6     8     2     4     0     0     1     1     0     3     1     1   545     0
   616     1     3     1     6     8     2     4     0     0     1     0     0     1     0     0   515     0
   617     1     1     2     2     4     6     8     1     1     0     1     1     2     1     1   585     0
   618     1     1     2     2     4     6     8     1     0     1     1     1     1     0     1   504     0
   619     2     8     1     7     1     3     5     1     0     0     0     1     3     0     0   586     0
   620     2     5     0     1     3     5     7     1     1     0     0     1     2     0     1   606     0
   621     1     2     2     4     6     8     2     0     1     0     1     0     3     1     0   960     0
   622     1     2     2     4     6     8     2     1     1     0     1     1     1     1     0   620     0
   623     2     6     2     3     5     7     1     0     1     0     0     1     3     1     0   803     0
   624     1     1     2     2     4     6     8     1     0     1     1     1     3     1     1   519     0
   625     2     5     0     1     3     5     7     1     0     0     0     0     3     0     0   520     0
   626     2     5     0     1     3     5     7     1     0     0     0     0     1     0     0   453     0
   627     1     2     2     4     6     8     2     1     1     0     0     1     3     0     1   517     0
   628     1     4     1     8     2     4     6     1     0     1     1     1     2     0     1   602     0
   629     1     1     2     2     4     6     8     0     0     0     1     1     2     1     0   639     0
   630     1     1     2     2     4     6     8     0     1     0     1     1     1     0     1   864     0
   631     2     8     1     7     1     3     5     1     1     1     0     1     3     1     0   766     0
   632     2     8     1     7     1     3     5     0     0     0     1     0     1     1     1   667     1
   633     1     4     1     8     2     4     6     1     0     1     1     1     3     1     0   826     0
   634     1     4     1     8     2     4     6     1     1     0     0     0     1     0     1   694     0
   635     1     1     2     2     4     6     8     1     0     0     1     0     2     0     1   477     0
   636     1     1     2     2     4     6     8     0     1     0     1     0     1     1     1   828     0
   637     1     4     1     8     2     4     6     1     0     0     1     0     2     1     1   538     0
   638     1     4     1     8     2     4     6     1     1     1     1     0     1     0     1   796     0
   639     2     5     0     1     3     5     7     1     1     0     0     0     3     0     0   610     0
   640     2     5     0     1     3     5     7     1     0     0     0     1     1     0     1   596     0
   641     1     1     2     2     4     6     8     0     1     1     1     1     3     1     1   649     0
   642     1     1     2     2     4     6     8     1     1     0     0     0     1     1     0   553     0
   643     1     1     2     2     4     6     8     1     1     1     1     0     1     0     0   531     0
   644     2     8     1     7     1     3     5     0     1     0     0     1     3     1     0   757     0
   645     2     8     1     7     1     3     5     1     0     0     1     1     1     1     1   563     0
   646     1     1     2     2     4     6     8     1     0     1     1     0     3     0     0   512     0
   647     1     2     2     4     6     8     2     1     0     0     1     1     2     0     0   616     0
   648     1     2     2     4     6     8     2     0     1     0     0     1     1     1     1  1024     0
   649     2     7     0     5     7     1     3     1     1     1     1     1     3     1     0   687     0
   650     2     7     0     5     7     1     3     1     1     0     0     1     1     0     0   579     0
   651     1     4     1     8     2     4     6     0     0     1     1     0     3     1     1   672     1
   652     1     2     2     4     6     8     2     0     0     0     1     1     2     0     0   567     0
   653     2     5     0     1     3     5     7     0     1     0     1     0     3     0     1   644     0
   654     1     2     2     4     6     8     2     1     0     0     1     1     3     1     1   536     0
   655     1     3     1     6     8     2     4     0     1     1     1     0     2     1     1   661     0
   656     2     8     1     7     1     3     5     0     0     0     0     0     3     0     1   549     0
   657     1     2     2     4     6     8     2     0     0     0     1     1     3     0     0   683     0
   658     1     2     2     4     6     8     2     0     0     0     1     1     1     0     0   584     0
   659     2     6     2     3     5     7     1     0     1     0     1     1     3     0     1   658     0
   660     2     5     0     1     3     5     7     0     1     1     0     0     2     0     0   632     0
   661     1     1     2     2     4     6     8     0     1     1     1     0     3     0     0   557     0
   662     1     4     1     8     2     4     6     1     0     1     1     1     2     1     1   657     0
   663     2     7     0     5     7     1     3     0     0     1     1     0     3     1     0   624     0
   664     2     7     0     5     7     1     3     0     0     0     0     0     1     0     0   484     0
   665     1     1     2     2     4     6     8     0     1     1     1     0     3     0     1   513     0
   666     1     1     2     2     4     6     8     0     0     1     1     0     1     0     1   481     0
   667     2     7     0     5     7     1     3     1     0     1     1     1     3     1     0   613     0
   668     1     2     2     4     6     8     2     1     1     1     1     0     3     0     1   634     0
   669     1     4     1     8     2     4     6     0     1     1     0     0     2     1     0   744     0
   670     1     4     1     8     2     4     6     0     0     0     1     1     1     0     1   655     0
   671     2     7     0     5     7     1     3     0     0     1     0     0     3     0     0   491     0
   672     2     7     0     5     7     1     3     0     0     1     0     0     1     0     0   517     0
   673     1     1     2     2     4     6     8     0     1     1     1     0     3     0     1   984     0
   674     1     1     2     2     4     6     8     0     0     0     1     1     1     0     1   530     0
   675     2     7     0     5     7     1     3     0     0     1     1     1     3     0     0   616     0
   676     1     4     1     8     2     4     6     1     0     0     1     0     3     1     0   689     0
   677     1     4     1     8     2     4     6     1     0     1     0     0     1     0     0   563     0
   678     1     2     2     4     6     8     2     1     0     0     1     0     2     0     0   575     0
   679     1     2     2     4     6     8     2     0     1     1     1     1     1     1     1   647     0
   680     1     2     2     4     6     8     2     1     0     1     0     0     1     1     1   586     0
   681     2     6     2     3     5     7     1     0     1     1     0     1     3     1     1   686     0
   682     2     5     0     1     3     5     7     1     1     1     1     1     2     1     0   618     0
   683     2     8     1     7     1     3     5     0     0     0     0     0     2     1     1   537     0
   684     2     8     1     7     1     3     5     0     1     0     0     1     1     0     1   636     0
   685     2     7     0     5     7     1     3     0     0     0     0     1     2     0     1   631     0
   686     1     4     1     8     2     4     6     1     0     0     0     1     3     1     0   623     0
   687     1     1     2     2     4     6     8     1     0     1     0     0     2     0     0   534     0
   688     1     3     1     6     8     2     4     0     1     1     1     1     2     1     1   619     0
   689     2     5     0     1     3     5     7     0     0     1     1     0     3     0     1   596     0
   690     2     5     0     1     3     5     7     0     0     0     1     0     1     0     0   549     0
   691     2     8     1     7     1     3     5     0     1     0     1     0     2     0     1   589     0
   692     2     5     0     1     3     5     7     0     0     0     0     0     2     0     1   462     0
   693     1     3     1     6     8     2     4     0     0     1     1     1     3     0     0   668     0
   694     2     6     2     3     5     7     1     0     0     0     0     1     3     0     0   572     0
   695     2     5     0     1     3     5     7     1     1     0     0     0     2     1     1   612     0
   696     1     4     1     8     2     4     6     0     1     1     1     0     3     1     0   599     0
   697     2     5     0     1     3     5     7     1     0     0     0     1     3     1     1   578     0
   698     2     5     0     1     3     5     7     0     0     1     1     1     1     1     0   589     0
   699     1     3     1     6     8     2     4     1     1     0     1     0     3     1     1   807     0
   700     1     3     1     6     8     2     4     1     0     1     0     0     1     0     1   522     0
   701     2     5     0     1     3     5     7     1     1     0     0     1     3     0     1   652     0
   702     2     5     0     1     3     5     7     1     1     0     1     0     1     0     0   687     0
   703     1     2     2     4     6     8     2     1     0     0     1     1     3     0     1   526     0
   704     1     2     2     4     6     8     2     0     1     0     1     1     1     1     1   579     0
   705     2     6     2     3     5     7     1     1     0     1     1     1     3     1     1   631     0
   706     2     6     2     3     5     7     1     0     0     1     0     1     1     1     0   591     0
   707     2     5     0     1     3     5     7     0     0     0     0     0     2     0     0   507     0
   708     2     7     0     5     7     1     3     0     0     1     0     0     2     0     0   508     0
   709     2     6     2     3     5     7     1     0     0     0     0     0     2     0     0   504     0
   710     2     6     2     3     5     7     1     0     1     1     1     0     1     0     1   547     0
   711     2     8     1     7     1     3     5     1     0     0     0     1     2     1     1   544     0
   712     1     3     1     6     8     2     4     0     0     0     0     1     3     1     0   772     0
   713     1     1     2     2     4     6     8     0     1     0     1     1     2     0     1   652     0
   714     2     8     1     7     1     3     5     0     1     1     0     0     3     0     0   695     0
   715     2     5     0     1     3     5     7     0     0     1     0     0     2     0     1   716     0
   716     2     8     1     7     1     3     5     1     1     1     0     1     2     1     1   789     0
   717     2     8     1     7     1     3     5     0     1     0     0     0     1     1     0   698     0
   718     2     8     1     7     1     3     5     1     0     1     1     1     1     1     1   815     0
   719     1     2     2     4     6     8     2     1     0     1     0     0     3     0     0   716     0
   720     1     2     2     4     6     8     2     1     1     0     0     0     1     0     1   597     0
   721     2     6     2     3     5     7     1     1     0     0     1     1     3     0     1   436     0
   722     2     6     2     3     5     7     1     1     0     1     0     1     1     0     0   533     0
   723     2     6     2     3     5     7     1     0     1     1     0     1     1     1     1  1398     0
   724     1     3     1     6     8     2     4     1     0     0     0     0     3     1     1   570     0
   725     1     2     2     4     6     8     2     1     0     0     0     0     2     0     0   503     0
   726     2     7     0     5     7     1     3     1     0     1     1     1     3     0     0   583     0
   727     2     6     2     3     5     7     1     1     0     1     0     0     2     0     0   457     0
   728     2     6     2     3     5     7     1     1     1     1     0     1     1     0     1   565     0
   729     1     3     1     6     8     2     4     0     0     0     1     0     3     1     1   592     0
   730     1     3     1     6     8     2     4     0     1     1     1     1     1     0     1   581     0
   731     1     4     1     8     2     4     6     1     0     1     0     1     2     1     1   530     0
   732     1     3     1     6     8     2     4     0     1     1     0     1     2     1     1   687     0
   733     1     4     1     8     2     4     6     1     0     1     1     1     2     1     1   625     0
   734     1     1     2     2     4     6     8     1     0     0     1     1     2     0     0   457     0
   735     2     8     1     7     1     3     5     0     0     0     0     1     3     1     0   532     0
   736     2     8     1     7     1     3     5     1     0     1     0     1     1     1     0   521     0
   737     2     8     1     7     1     3     5     0     0     1     0     0     1     1     0   497     0
   738     2     8     1     7     1     3     5     1     0     1     0     0     1     1     0   499     0
   739     1     1     2     2     4     6     8     0     0     0     0     0     3     1     0   473     0
   740     1     1     2     2     4     6     8     0     0     1     1     0     1     0     0   487     0
   741     1     4     1     8     2     4     6     0     0     0     0     1     2     0     0   494     0
   742     1     4     1     8     2     4     6     0     1     1     1     0     1     0     1   635     0
   743     1     2     2     4     6     8     2     0     1     0     1     1     2     0     0   685     0
   744     1     3     1     6     8     2     4     0     0     0     0     0     2     0     1   474     0
   745     1     2     2     4     6     8     2     1     0     1     0     1     2     1     0   568     0
   746     1     3     1     6     8     2     4     0     0     1     1     1     2     1     0   641     0
   747     2     5     0     1     3     5     7     1     1     0     1     1     3     1     1   661     0
   748     2     5     0     1     3     5     7     1     1     1     0     1     1     0     0   595     0
   749     2     7     0     5     7     1     3     0     0     0     0     1     2     1     1   656     0
   750     1     4     1     8     2     4     6     1     1     0     1     1     3     1     1   621     0
   751     2     8     1     7     1     3     5     0     0     1     0     0     3     1     1   730     0
   752     2     8     1     7     1     3     5     1     0     1     0     1     1     1     0   691     0
   753     1     4     1     8     2     4     6     1     1     0     1     0     3     0     1   799     0
   754     1     4     1     8     2     4     6     1     1     0     0     0     1     0     0   625     0
   755     1     2     2     4     6     8     2     0     1     0     0     0     2     1     0   487     1
   756     1     2     2     4     6     8     2     0     1     0     1     0     1     0     0   694     0
   757     2     8     1     7     1     3     5     0     0     1     1     0     3     0     1   657     0
   758     1     3     1     6     8     2     4     0     0     0     0     1     3     0     0   575     0
   759     1     3     1     6     8     2     4     0     0     0     1     1     1     0     0   619     0
   760     1     3     1     6     8     2     4     0     1     0     0     1     1     0     1   518     0
   761     1     3     1     6     8     2     4     1     0     0     1     1     1     1     1   781     0
   762     1     3     1     6     8     2     4     1     0     0     1     0     1     0     0   501     0
   763     1     4     1     8     2     4     6     0     0     0     0     1     2     1     0   905     0
   764     1     4     1     8     2     4     6     0     0     1     1     1     1     0     0   550     0
   765     2     8     1     7     1     3     5     0     1     0     1     0     3     0     1   549     0
   766     1     1     2     2     4     6     8     1     1     0     1     1     3     1     0   466     1
   767     2     8     1     7     1     3     5     1     1     1     1     0     3     0     0   653     0
   768     2     5     0     1     3     5     7     0     0     0     0     1     2     1     1   703     0
   769     1     1     2     2     4     6     8     0     1     1     1     0     3     0     1   709     0
   770     1     2     2     4     6     8     2     1     0     0     0     0     2     1     1   535     0
   771     1     2     2     4     6     8     2     0     1     0     1     1     1     1     1   620     0
   772     1     3     1     6     8     2     4     1     0     1     1     1     2     1     1   644     0
   773     1     1     2     2     4     6     8     1     0     1     0     0     2     0     0   471     0
   774     1     1     2     2     4     6     8     1     0     0     1     0     1     0     0   415     0
   775     2     8     1     7     1     3     5     1     1     0     0     0     3     0     1   751     0
   776     2     8     1     7     1     3     5     1     0     1     0     1     1     0     1   600     0
   777     1     3     1     6     8     2     4     0     0     1     0     1     3     1     0   675     1
   778     1     3     1     6     8     2     4     1     0     0     1     0     1     1     0   486     0
   779     2     8     1     7     1     3     5     1     0     1     0     0     3     0     0   511     0
   780     2     8     1     7     1     3     5     1     0     1     1     0     1     0     0   486     0
   781     2     5     0     1     3     5     7     1     0     0     1     0     2     0     0   453     0
   782     2     5     0     1     3     5     7     1     1     0     1     0     1     0     1   690     0
   783     2     5     0     1     3     5     7     1     0     1     0     0     1     0     1   662     0
   784     2     8     1     7     1     3     5     1     1     0     1     1     2     0     1   528     0
   785     1     2     2     4     6     8     2     1     0     1     1     0     3     0     1   664     0
   786     1     2     2     4     6     8     2     1     0     0     0     1     1     0     0   477     0
   787     1     4     1     8     2     4     6     1     0     1     1     1     2     0     0   599     0
   788     1     4     1     8     2     4     6     1     1     0     0     0     1     0     1   595     0
   789     1     1     2     2     4     6     8     0     1     1     1     0     2     1     0   990     0
   790     1     4     1     8     2     4     6     0     0     0     1     1     2     0     1   518     0
   791     1     1     2     2     4     6     8     0     0     1     0     1     2     0     0   467     0
   792     1     1     2     2     4     6     8     0     1     0     0     1     1     0     1   617     0
   793     2     8     1     7     1     3     5     0     0     1     1     1     3     0     1   550     0
   794     2     8     1     7     1     3     5     1     0     1     1     1     1     1     0   585     0
   795     1     4     1     8     2     4     6     1     1     1     0     0     3     0     1   538     0
   796     1     4     1     8     2     4     6     0     1     1     1     1     1     1     0   538     0
   797     1     2     2     4     6     8     2     0     0     1     0     0     2     0     1   515     0
   798     1     2     2     4     6     8     2     1     1     1     0     0     1     1     1   690     0
   799     2     6     2     3     5     7     1     0     0     0     1     0     3     1     1   519     0
   800     2     6     2     3     5     7     1     1     0     1     1     0     1     1     0   487     0
   801     2     8     1     7     1     3     5     1     1     0     1     0     2     0     1   584     0
   802     2     7     0     5     7     1     3     0     0     0     1     1     2     1     1   742     1
   803     1     3     1     6     8     2     4     1     0     0     1     0     3     1     0   534     0
   804     1     4     1     8     2     4     6     1     0     1     1     0     2     0     0   637     0
   805     1     2     2     4     6     8     2     0     0     0     1     0     2     1     0   502     0
   806     2     5     0     1     3     5     7     0     1     1     1     0     3     0     1   653     0
   807     2     8     1     7     1     3     5     1     0     0     0     1     2     1     1   660     0
   808     1     1     2     2     4     6     8     0     0     1     1     1     3     1     0   771     0
   809     2     7     0     5     7     1     3     1     1     0     1     0     3     1     1   629     0
   810     2     7     0     5     7     1     3     1     0     1     0     0     1     0     1   566     0
   811     1     2     2     4     6     8     2     1     0     0     1     1     3     0     0   451     0
   812     1     2     2     4     6     8     2     1     1     1     0     1     1     0     1   601     0
   813     2     6     2     3     5     7     1     0     1     1     1     0     3     1     0   806     0
   814     2     7     0     5     7     1     3     1     0     0     0     0     2     1     1   590     0
   815     2     7     0     5     7     1     3     0     0     0     1     1     1     1     0   675     0
   816     2     7     0     5     7     1     3     1     0     0     0     0     1     1     0   471     0
   817     1     2     2     4     6     8     2     1     1     1     0     0     3     0     1   516     0
   818     1     2     2     4     6     8     2     1     1     0     0     1     1     0     0   547     0
   819     1     4     1     8     2     4     6     1     0     0     1     1     2     0     1   526     0
   820     1     4     1     8     2     4     6     1     0     0     1     1     1     0     0   573     0
   821     2     7     0     5     7     1     3     0     0     0     1     0     3     1     0   632     0
   822     2     7     0     5     7     1     3     0     1     0     1     1     1     0     1   653     0
   823     2     8     1     7     1     3     5     0     0     1     1     1     2     0     1   936     0
   824     2     6     2     3     5     7     1     0     1     1     0     1     2     0     1   685     0
   825     1     1     2     2     4     6     8     1     0     0     0     0     3     1     1   468     0
   826     1     2     2     4     6     8     2     0     1     0     1     0     2     1     1   647     0
   827     1     1     2     2     4     6     8     0     0     1     0     0     2     0     1   523     0
   828     1     1     2     2     4     6     8     1     1     1     0     1     1     1     1   562     0
   829     2     6     2     3     5     7     1     0     0     0     1     0     3     1     1   500     0
   830     2     8     1     7     1     3     5     0     0     1     1     1     2     0     0   663     0
   831     1     2     2     4     6     8     2     1     1     0     1     1     3     1     1   545     0
   832     1     1     2     2     4     6     8     0     0     1     1     1     2     1     1   458     0
   833     1     3     1     6     8     2     4     1     0     0     1     0     2     1     0   572     0
   834     1     3     1     6     8     2     4     1     0     0     0     1     1     0     0   531     0
   835     1     3     1     6     8     2     4     0     0     0     1     0     1     1     0   568     0
   836     1     4     1     8     2     4     6     1     1     0     1     1     2     1     1   720     0
   837     1     3     1     6     8     2     4     1     0     0     0     1     2     0     1   540     0
   838     1     4     1     8     2     4     6     1     0     0     0     0     2     0     0   448     0
   839     1     4     1     8     2     4     6     1     1     0     1     0     1     0     1   605     0
   840     2     5     0     1     3     5     7     1     0     0     0     0     3     0     1   431     0
   841     1     4     1     8     2     4     6     0     1     1     0     1     3     1     1   746     0
   842     1     1     2     2     4     6     8     0     1     1     1     0     2     0     0   629     0
   843     2     5     0     1     3     5     7     1     0     0     0     0     3     1     1   520     0
   844     2     8     1     7     1     3     5     0     1     1     1     0     2     1     1   724     0
   845     2     7     0     5     7     1     3     1     0     0     0     1     2     1     1   653     0
   846     2     7     0     5     7     1     3     0     0     1     1     0     1     1     0   596     0
   847     1     3     1     6     8     2     4     1     1     1     1     0     3     1     1   714     0
   848     1     3     1     6     8     2     4     1     1     1     0     1     1     0     0   751     0
   849     2     8     1     7     1     3     5     1     0     0     0     0     3     0     1   562     0
   850     2     8     1     7     1     3     5     0     1     1     0     0     1     1     1   852     0
   851     1     3     1     6     8     2     4     0     0     0     1     1     3     0     1   711     0
   852     1     3     1     6     8     2     4     1     1     0     0     0     1     1     1   604     0
   853     2     6     2     3     5     7     1     1     1     1     1     0     3     0     0   641     0
   854     2     7     0     5     7     1     3     0     0     1     1     1     2     1     1   613     0
   855     1     1     2     2     4     6     8     1     1     1     1     0     3     1     1   612     0
   856     1     1     2     2     4     6     8     1     0     1     1     1     1     0     1   460     0
   857     2     8     1     7     1     3     5     0     1     1     0     0     3     1     1   909     0
   858     2     8     1     7     1     3     5     0     0     0     1     0     1     0     1   645     0
   859     1     2     2     4     6     8     2     1     1     1     0     0     3     1     1   843     0
   860     2     7     0     5     7     1     3     1     0     1     0     1     3     0     1   542     0
   861     2     6     2     3     5     7     1     0     1     0     1     0     2     1     1   763     0
   862     2     6     2     3     5     7     1     0     0     1     0     1     1     0     1   527     0
   863     1     1     2     2     4     6     8     1     1     0     1     1     3     1     1   742     0
   864     1     2     2     4     6     8     2     1     1     0     1     1     2     0     0   658     0
   865     1     3     1     6     8     2     4     1     0     1     0     0     2     0     1   504     0
   866     2     8     1     7     1     3     5     0     1     1     0     1     3     1     1   694     0
   867     2     5     0     1     3     5     7     1     1     1     1     1     2     1     0   641     0
   868     2     6     2     3     5     7     1     1     1     0     1     0     2     0     0   592     0
   869     2     8     1     7     1     3     5     1     1     1     1     1     2     0     0   553     0
   870     2     8     1     7     1     3     5     1     1     0     0     0     1     0     0   505     0
   871     2     6     2     3     5     7     1     1     0     1     1     0     2     0     1   510     0
   872     2     6     2     3     5     7     1     0     1     0     1     0     1     1     1   657     0
   873     1     3     1     6     8     2     4     0     1     0     0     0     3     0     0   671     1
   874     1     3     1     6     8     2     4     0     1     1     0     0     1     0     0   602     0
   875     2     5     0     1     3     5     7     0     1     0     1     1     3     0     0   675     0
   876     2     5     0     1     3     5     7     1     1     1     0     1     1     1     0   601     0
   877     1     1     2     2     4     6     8     0     1     0     1     1     3     1     0   652     1
   878     1     1     2     2     4     6     8     0     1     1     0     1     1     0     0   525     0
   879     1     1     2     2     4     6     8     0     0     0     0     0     1     0     1  1089     0
   880     1     1     2     2     4     6     8     0     0     0     0     1     1     0     0   511     0
   881     2     5     0     1     3     5     7     0     0     1     0     0     3     0     0   677     0
   882     2     5     0     1     3     5     7     0     0     1     1     0     1     0     0   471     0
   883     1     2     2     4     6     8     2     0     1     1     1     0     3     0     1   639     0
   884     1     2     2     4     6     8     2     1     1     0     0     0     1     1     0  1000     0
   885     2     5     0     1     3     5     7     0     0     0     0     1     3     1     1   768     0
   886     2     6     2     3     5     7     1     1     0     0     0     1     2     1     0   616     0
   887     1     2     2     4     6     8     2     0     1     1     1     0     3     1     1   697     0
   888     1     4     1     8     2     4     6     1     1     0     0     1     2     1     0   926     0
   889     1     3     1     6     8     2     4     1     0     1     0     0     2     0     1   574     0
   890     2     8     1     7     1     3     5     1     0     0     1     0     3     0     0   876     0
   891     1     4     1     8     2     4     6     1     1     0     0     1     3     0     1   674     0
   892     1     4     1     8     2     4     6     0     0     1     1     0     1     1     1   876     0
   893     2     6     2     3     5     7     1     0     1     0     1     0     3     0     1   672     0
   894     2     6     2     3     5     7     1     1     1     0     1     0     1     1     0   625     0
   895     2     5     0     1     3     5     7     1     1     0     1     0     2     0     0   648     0
   896     2     5     0     1     3     5     7     0     1     1     0     1     1     1     0   706     0
