     1     2     7     0     5     7     1     3     1     1     0     0     0     0     0     0   871     0
     2     2     5     0     1     3     5     7     0     0     1     0     1     2     1     1   630     0
     3     1     1     2     2     4     6     8     0     1     0     0     1     3     0     1   633     0
     4     1     1     2     2     4     6     8     0     0     1     0     0     1     0     1   592     0
     5     2     7     0     5     7     1     3     0     0     1     0     0     3     0     0   623     0
     6     2     7     0     5     7     1     3     0     0     0     0     0     1     0     0   615     0
     7     2     8     1     7     1     3     5     1     1     0     0     0     2     1     1   626     0
     8     2     8     1     7     1     3     5     1     0     0     0     0     1     0     1   532     0
     9     1     3     1     6     8     2     4     0     1     0     1     1     3     1     1   544     0
    10     1     3     1     6     8     2     4     1     0     1     1     0     1     1     1   781     0
    11     2     8     1     7     1     3     5     1     1     0     1     1     3     0     1   552     0
    12     2     8     1     7     1     3     5     0     1     0     0     0     1     1     0   658     0
    13     2     7     0     5     7     1     3     1     0     1     0     1     2     1     1   759     0
    14     2     7     0     5     7     1     3     0     1     1     1     0     1     1     1   425     0
    15     1     4     1     8     2     4     6     1     1     0     0     0     3     1     0  1118     0
    16     2     5     0     1     3     5     7     0     0     1     1     0     3     1     1   607     0
    17     1     4     1     8     2     4     6     0     0     1     0     1     3     0     0   532     1
    18     1     4     1     8     2     4     6     1     1     1     0     1     1     1     1   782     0
    19     1     1     2     2     4     6     8     1     1     0     0     0     2     0     0   647     0
    20     1     1     2     2     4     6     8     0     1     0     0     0     1     1     0   702     0
    21     2     5     0     1     3     5     7     1     1     0     1     0     3     1     0   656     0
    22     1     2     2     4     6     8     2     1     1     1     1     0     3     0     0   728     0
    23     1     3     1     6     8     2     4     1     0     1     0     1     2     0     1   667     0
    24     1     2     2     4     6     8     2     1     0     1     1     1     2     0     0   756     0
    25     1     2     2     4     6     8     2     1     0     0     1     1     1     0     0   614     0
    26     1     2     2     4     6     8     2     0     0     1     0     0     1     1     0   856     0
    27     2     5     0     1     3     5     7     1     1     1     1     0     3     1     1   500     0
    28     1     4     1     8     2     4     6     0     1     0     0     0     3     1     0   641     0
    29     1     3     1     6     8     2     4     0     1     0     1     0     2     0     0   562     0
    30     1     3     1     6     8     2     4     1     0     0     1     0     1     1     1   652     0
    31     2     6     2     3     5     7     1     0     1     0     1     0     3     1     1   710     0
    32     2     8     1     7     1     3     5     1     0     0     1     0     2     1     1   613     0
    33     1     4     1     8     2     4     6     0     1     0     1     0     3     1     1   595     1
    34     1     4     1     8     2     4     6     1     0     0     0     1     1     1     1   621     0
    35     2     7     0     5     7     1     3     0     1     1     1     0     3     1     1   499     0
    36     2     5     0     1     3     5     7     1     1     1     1     0     2     1     0   581     0
    37     1     1     2     2     4     6     8     1     0     1     0     1     3     0     1   539     0
    38     2     6     2     3     5     7     1     1     0     0     1     0     3     0     0   629     0
    39     2     6     2     3     5     7     1     1     0     1     0     0     1     0     0   511     0
    40     1     1     2     2     4     6     8     0     0     0     1     1     3     1     0   779     0
    41     2     5     0     1     3     5     7     1     1     1     0     1     3     1     1   552     0
    42     2     5     0     1     3     5     7     1     1     1     0     1     1     0     0   426     0
    43     1     2     2     4     6     8     2     1     1     0     0     1     3     0     0   601     0
    44     1     2     2     4     6     8     2     0     0     1     1     0     1     1     1   717     0
    45     1     2     2     4     6     8     2     1     1     1     1     0     1     1     1   491     0
    46     1     2     2     4     6     8     2     1     0     0     1     0     1     0     1   811     0
    47     2     5     0     1     3     5     7     0     0     1     1     0     3     1     0   777     0
    48     2     5     0     1     3     5     7     0     0     0     0     1     1     0     0   543     1
    49     2     7     0     5     7     1     3     0     1     0     1     0     2     0     1   550     0
    50     2     7     0     5     7     1     3     1     1     1     1     1     1     1     0   521     0
    51     1     3     1     6     8     2     4     1     1     0     0     0     3     0     0  1290     0
    52     1     4     1     8     2     4     6     1     1     1     1     0     2     0     0   526     0
    53     2     6     2     3     5     7     1     1     0     1     0     0     3     0     1   692     0
    54     2     6     2     3     5     7     1     0     0     0     1     0     1     1     0   567     0
    55     2     7     0     5     7     1     3     0     1     0     0     1     2     0     1   528     0
    56     2     7     0     5     7     1     3     1     1     1     0     1     1     1     0   740     0
    57     2     6     2     3     5     7     1     1     0     1     1     1     2     0     1   546     0
    58     2     7     0     5     7     1     3     1     1     0     1     1     2     0     1   451     0
    59     1     4     1     8     2     4     6     0     0     0     1     1     3     1     1   689     0
    60     1     1     2     2     4     6     8     1     0     0     0     1     2     1     0   536     0
    61     1     3     1     6     8     2     4     1     1     0     0     0     2     0     1   476     0
    62     1     3     1     6     8     2     4     1     1     1     1     0     1     0     0   511     0
    63     2     5     0     1     3     5     7     1     1     0     0     1     3     0     0   568     0
    64     2     6     2     3     5     7     1     0     1     1     0     1     2     1     0   602     0
    65     1     4     1     8     2     4     6     1     1     1     0     0     3     1     0   598     0
    66     1     4     1     8     2     4     6     1     1     1     0     1     1     0     0   556     0
    67     1     3     1     6     8     2     4     1     0     0     0     1     2     0     1   531     0
    68     1     2     2     4     6     8     2     0     1     1     1     0     2     1     1   498     0
    69     2     8     1     7     1     3     5     1     1     0     0     0     3     1     0   555     0
    70     2     8     1     7     1     3     5     0     1     0     0     1     1     1     0   443     1
    71     2     5     0     1     3     5     7     0     1     1     1     0     2     0     0   556     0
    72     2     5     0     1     3     5     7     1     1     0     0     0     1     1     0   556     0
    73     2     7     0     5     7     1     3     0     1     1     0     0     2     1     0   552     0
    74     2     7     0     5     7     1     3     0     1     0     1     0     1     0     0   474     0
    75     2     7     0     5     7     1     3     0     0     1     1     0     1     0     1   562     0
    76     1     2     2     4     6     8     2     0     1     1     0     1     3     0     1   445     0
    77     1     4     1     8     2     4     6     0     1     0     0     0     2     0     0   541     0
    78     1     1     2     2     4     6     8     0     1     0     0     1     2     0     0   509     0
    79     1     3     1     6     8     2     4     1     1     0     0     1     2     1     0   742     0
    80     1     4     1     8     2     4     6     0     1     0     0     0     2     1     0   597     0
    81     1     2     2     4     6     8     2     0     0     1     1     1     2     0     1   568     0
    82     1     2     2     4     6     8     2     1     1     1     1     1     1     1     1   455     0
    83     2     6     2     3     5     7     1     1     1     1     0     1     3     0     0   605     0
    84     1     3     1     6     8     2     4     0     1     1     1     0     3     1     0   429     0
    85     2     6     2     3     5     7     1     1     1     0     0     0     3     1     0   538     0
    86     2     6     2     3     5     7     1     0     1     1     1     0     1     1     0   392     0
    87     1     2     2     4     6     8     2     1     0     0     1     1     3     1     1   530     1
    88     1     2     2     4     6     8     2     0     0     0     1     1     1     1     0   475     1
    89     1     4     1     8     2     4     6     0     1     0     0     1     2     0     1   555     0
    90     1     3     1     6     8     2     4     0     0     1     1     1     2     0     1   677     0
    91     2     7     0     5     7     1     3     0     1     0     1     0     3     0     1   496     0
    92     2     7     0     5     7     1     3     1     0     1     0     0     1     1     1   748     0
    93     1     4     1     8     2     4     6     1     0     0     1     1     3     0     0   472     1
    94     1     4     1     8     2     4     6     1     0     1     0     0     1     0     0   849     0
    95     2     5     0     1     3     5     7     1     0     0     0     1     3     0     0   875     0
    96     1     4     1     8     2     4     6     0     1     0     0     0     3     1     1   736     0
    97     1     1     2     2     4     6     8     1     1     0     1     1     2     1     0   800     0
    98     1     1     2     2     4     6     8     1     1     1     1     1     1     0     0   485     0
    99     1     1     2     2     4     6     8     0     1     0     0     0     1     1     0   732     0
   100     2     8     1     7     1     3     5     1     0     0     1     1     3     1     1   631     0
   101     1     2     2     4     6     8     2     0     1     0     1     1     3     1     1   550     0
   102     1     3     1     6     8     2     4     0     1     0     1     1     2     0     0   514     0
   103     2     5     0     1     3     5     7     0     0     1     1     1     3     0     1   472     0
   104     2     5     0     1     3     5     7     0     0     1     0     1     1     0     0   421     0
   105     2     5     0     1     3     5     7     1     0     0     0     0     1     1     0   488     0
   106     2     6     2     3     5     7     1     0     0     0     1     1     2     1     0   661     0
   107     1     2     2     4     6     8     2     1     0     1     0     0     3     1     0   627     0
   108     1     1     2     2     4     6     8     1     0     1     1     1     2     0     0   745     0
   109     2     5     0     1     3     5     7     0     1     0     0     0     3     1     1   596     0
   110     2     5     0     1     3     5     7     1     0     0     1     1     1     1     1   778     0
   111     2     7     0     5     7     1     3     1     1     1     1     1     2     0     1   560     0
   112     2     8     1     7     1     3     5     1     0     0     1     1     2     0     1   580     0
   113     1     3     1     6     8     2     4     1     1     1     0     1     3     0     1   776     0
   114     1     4     1     8     2     4     6     0     1     0     1     1     2     1     0   659     0
   115     1     2     2     4     6     8     2     1     1     0     1     1     2     1     0   451     0
   116     1     2     2     4     6     8     2     0     0     0     1     0     1     1     1   605     0
   117     1     1     2     2     4     6     8     0     0     1     1     1     2     0     0   733     0
   118     1     1     2     2     4     6     8     1     1     1     0     1     1     1     1   788     0
   119     1     4     1     8     2     4     6     0     0     1     1     1     2     1     1   670     0
   120     1     1     2     2     4     6     8     0     1     1     0     0     2     0     1   469     0
   121     2     6     2     3     5     7     1     1     0     0     0     0     3     1     1   565     0
   122     2     6     2     3     5     7     1     0     0     0     1     1     1     1     0   619     0
   123     1     3     1     6     8     2     4     1     1     0     0     1     3     1     1   637     0
   124     1     3     1     6     8     2     4     1     0     1     0     1     1     0     1  1117     0
   125     2     5     0     1     3     5     7     0     0     1     1     1     3     1     0   731     1
   126     2     5     0     1     3     5     7     1     1     0     1     0     1     1     1   539     0
   127     2     8     1     7     1     3     5     1     0     1     0     0     2     0     1   657     0
   128     2     8     1     7     1     3     5     1     0     0     0     0     1     0     0   419     0
   129     2     8     1     7     1     3     5     1     0     0     0     1     1     0     0   407     0
   130     2     8     1     7     1     3     5     1     0     1     0     1     1     0     0   471     0
   131     1     3     1     6     8     2     4     1     1     0     0     1     3     0     1   534     0
   132     1     3     1     6     8     2     4     1     1     1     1     0     1     0     0   616     0
   133     1     3     1     6     8     2     4     0     0     1     0     1     1     1     1   543     0
   134     1     3     1     6     8     2     4     1     1     0     0     1     1     1     1   588     0
   135     1     1     2     2     4     6     8     0     0     0     0     1     2     1     1   779     0
   136     1     2     2     4     6     8     2     0     0     1     1     1     2     0     0   650     1
   137     2     5     0     1     3     5     7     1     1     0     1     0     3     1     1   676     0
   138     2     5     0     1     3     5     7     1     0     1     1     0     1     0     1   543     1
   139     2     8     1     7     1     3     5     1     1     0     1     1     2     0     1   562     0
   140     2     8     1     7     1     3     5     0     1     1     1     1     1     1     0   819     0
   141     1     2     2     4     6     8     2     1     0     1     1     0     3     1     1   535     0
   142     1     4     1     8     2     4     6     0     1     1     0     1     2     1     1   544     0
   143     1     4     1     8     2     4     6     0     1     1     0     0     1     0     0   606     0
   144     2     7     0     5     7     1     3     1     1     0     1     1     3     1     0   858     0
   145     1     3     1     6     8     2     4     1     1     0     1     0     3     0     0   823     0
   146     2     8     1     7     1     3     5     0     0     1     0     0     3     1     1   629     0
   147     1     3     1     6     8     2     4     0     0     1     0     0     3     0     0   581     0
   148     1     3     1     6     8     2     4     1     1     0     1     1     1     1     1   478     0
   149     2     6     2     3     5     7     1     1     1     0     1     1     3     0     0   675     0
   150     1     3     1     6     8     2     4     1     0     0     1     1     3     0     1   608     0
   151     2     5     0     1     3     5     7     0     1     0     1     0     3     1     1   730     0
   152     2     5     0     1     3     5     7     0     1     1     1     1     1     0     0   391     0
   153     2     5     0     1     3     5     7     1     0     1     0     1     1     1     1   593     0
   154     2     5     0     1     3     5     7     0     0     0     1     1     1     1     0   462     1
   155     2     6     2     3     5     7     1     0     0     1     1     0     2     0     0   815     0
   156     2     6     2     3     5     7     1     1     1     1     1     0     1     1     1   490     0
   157     1     4     1     8     2     4     6     1     1     0     1     1     3     0     0   670     0
   158     1     4     1     8     2     4     6     0     0     1     0     1     1     1     1   495     0
   159     2     5     0     1     3     5     7     1     0     0     1     0     3     1     0   556     0
   160     2     6     2     3     5     7     1     0     0     1     1     0     2     1     0   478     1
   161     1     3     1     6     8     2     4     1     1     1     1     0     3     1     1   530     0
   162     1     3     1     6     8     2     4     1     1     1     0     0     1     0     0   526     0
   163     2     8     1     7     1     3     5     0     1     0     1     0     3     1     0   581     0
   164     2     7     0     5     7     1     3     1     0     0     1     0     2     1     1   520     0
   165     2     6     2     3     5     7     1     0     1     1     1     0     2     1     1   644     0
   166     2     6     2     3     5     7     1     1     0     0     0     1     1     1     1   561     0
   167     1     3     1     6     8     2     4     0     0     1     1     1     3     1     0   845     0
   168     2     6     2     3     5     7     1     1     0     0     1     0     3     1     0   574     0
   169     2     6     2     3     5     7     1     1     0     0     0     0     1     0     0   499     0
   170     2     7     0     5     7     1     3     1     0     1     0     1     2     0     0  1093     0
   171     2     5     0     1     3     5     7     0     0     1     1     1     2     1     0   521     1
   172     2     6     2     3     5     7     1     1     1     1     0     0     2     1     1   562     0
   173     1     1     2     2     4     6     8     1     0     1     1     0     3     0     1   696     0
   174     1     3     1     6     8     2     4     0     0     0     0     1     2     1     0   663     0
   175     2     8     1     7     1     3     5     0     1     0     1     0     3     0     1   532     0
   176     2     8     1     7     1     3     5     0     1     0     0     1     1     0     0   566     0
   177     1     3     1     6     8     2     4     1     1     0     1     0     3     1     0   542     1
   178     2     8     1     7     1     3     5     0     0     0     1     0     3     1     1   829     0
   179     2     6     2     3     5     7     1     0     0     1     1     0     2     0     0   532     0
   180     2     7     0     5     7     1     3     1     1     0     1     0     2     1     1   605     1
   181     1     4     1     8     2     4     6     0     1     0     0     1     3     1     0   706     0
   182     1     4     1     8     2     4     6     1     1     1     1     0     1     1     0   560     0
   183     2     8     1     7     1     3     5     1     1     1     0     0     3     0     0   596     0
   184     2     8     1     7     1     3     5     1     1     1     0     0     1     0     0   513     0
   185     1     1     2     2     4     6     8     0     0     0     1     0     3     1     1   655     0
   186     2     8     1     7     1     3     5     1     0     0     1     0     3     1     0   464     0
   187     1     1     2     2     4     6     8     1     0     0     0     1     3     0     0   535     0
   188     1     1     2     2     4     6     8     1     0     0     1     1     1     0     0   426     0
   189     2     5     0     1     3     5     7     0     0     1     1     0     3     1     0   449     1
   190     2     5     0     1     3     5     7     0     1     1     0     0     1     0     1   555     1
   191     2     7     0     5     7     1     3     1     1     0     0     0     2     1     0   969     0
   192     2     7     0     5     7     1     3     0     0     0     0     0     1     1     1   786     0
   193     1     3     1     6     8     2     4     1     1     1     0     0     3     1     1   581     0
   194     1     3     1     6     8     2     4     0     0     1     1     0     1     1     1   775     0
   195     2     7     0     5     7     1     3     1     1     0     1     1     3     1     1   552     0
   196     2     7     0     5     7     1     3     1     0     1     1     1     1     0     1   621     0
   197     1     1     2     2     4     6     8     1     0     0     1     1     3     0     0   689     0
   198     1     1     2     2     4     6     8     1     0     1     1     1     1     0     0   563     0
   199     2     8     1     7     1     3     5     0     0     1     1     0     3     1     0   754     0
   200     2     8     1     7     1     3     5     0     0     0     1     0     1     0     0   626     1
   201     2     5     0     1     3     5     7     1     1     0     1     1     2     1     1   903     0
   202     2     5     0     1     3     5     7     1     0     0     0     1     1     0     1   708     0
   203     2     7     0     5     7     1     3     1     1     0     0     0     2     0     1   542     0
   204     2     7     0     5     7     1     3     1     0     1     1     0     1     0     1   623     0
   205     1     1     2     2     4     6     8     0     1     1     0     0     3     1     1   793     0
   206     1     1     2     2     4     6     8     0     1     0     0     1     1     0     0   482     0
   207     2     5     0     1     3     5     7     1     0     1     1     1     3     1     1   575     0
   208     2     5     0     1     3     5     7     1     0     1     1     1     1     0     0   680     0
   209     1     2     2     4     6     8     2     0     0     1     0     1     3     1     0   600     0
   210     1     2     2     4     6     8     2     0     1     0     1     1     1     0     1   540     0
   211     2     8     1     7     1     3     5     1     1     1     0     1     3     1     0   576     0
   212     2     8     1     7     1     3     5     0     1     0     1     1     1     1     0   480     0
   213     1     3     1     6     8     2     4     0     1     0     0     1     3     0     0   898     0
   214     1     3     1     6     8     2     4     1     1     1     1     0     1     1     0   598     0
   215     1     2     2     4     6     8     2     1     0     1     0     1     2     0     1   585     0
   216     1     2     2     4     6     8     2     1     0     1     1     0     1     0     0   437     0
   217     2     5     0     1     3     5     7     1     1     1     1     0     3     0     1   797     0
   218     2     8     1     7     1     3     5     1     1     1     0     1     2     0     0   454     0
   219     2     8     1     7     1     3     5     1     0     0     1     0     1     0     1   622     0
   220     2     8     1     7     1     3     5     0     0     0     1     0     1     1     0   423     0
   221     1     3     1     6     8     2     4     0     0     1     1     0     3     0     0   512     0
   222     1     3     1     6     8     2     4     1     0     1     1     1     1     1     0   432     0
   223     1     3     1     6     8     2     4     1     1     1     0     1     1     0     1   443     0
   224     2     6     2     3     5     7     1     0     1     1     1     0     3     1     0   576     0
   225     1     3     1     6     8     2     4     0     1     0     1     0     3     0     0   552     0
   226     1     1     2     2     4     6     8     0     0     0     0     1     2     0     1   454     1
   227     2     7     0     5     7     1     3     0     1     1     0     0     3     0     1   456     0
   228     2     8     1     7     1     3     5     1     1     0     1     0     2     1     0   817     0
   229     1     1     2     2     4     6     8     0     1     1     0     1     3     1     0   571     1
   230     1     2     2     4     6     8     2     1     1     0     0     0     2     1     0   749     0
   231     2     7     0     5     7     1     3     0     1     1     0     0     3     1     0   769     0
   232     2     7     0     5     7     1     3     0     1     0     1     1     1     0     0   626     0
   233     1     1     2     2     4     6     8     1     0     0     0     0     3     1     1   553     0
   234     1     1     2     2     4     6     8     0     1     0     0     0     1     1     1   680     0
   235     2     5     0     1     3     5     7     0     0     0     0     0     3     0     1   661     0
   236     2     5     0     1     3     5     7     1     1     0     0     0     1     1     1   665     0
   237     2     7     0     5     7     1     3     1     0     1     0     1     2     0     1   607     0
   238     2     7     0     5     7     1     3     0     0     1     1     0     1     1     0   553     0
   239     1     1     2     2     4     6     8     1     1     1     1     0     3     1     1   487     0
   240     1     1     2     2     4     6     8     1     1     1     0     0     1     0     0   512     0
   241     1     1     2     2     4     6     8     1     1     1     1     1     1     0     0   427     0
   242     1     4     1     8     2     4     6     0     1     0     1     0     2     1     0   803     1
   243     1     4     1     8     2     4     6     1     0     0     0     1     1     1     1   996     0
   244     1     4     1     8     2     4     6     0     0     1     1     1     1     1     0   670     0
   245     2     8     1     7     1     3     5     1     1     0     1     0     3     1     1   726     0
   246     2     8     1     7     1     3     5     1     0     0     0     0     1     0     1   558     0
   247     1     4     1     8     2     4     6     0     1     0     1     1     3     1     1   636     0
   248     1     2     2     4     6     8     2     1     1     1     1     0     2     1     0   745     0
   249     2     5     0     1     3     5     7     1     0     0     1     1     3     0     1   579     0
   250     2     5     0     1     3     5     7     1     1     1     1     1     1     0     1   538     0
   251     2     6     2     3     5     7     1     0     0     0     1     1     2     1     1   602     0
   252     2     6     2     3     5     7     1     1     0     1     1     0     1     1     0   725     0
   253     2     6     2     3     5     7     1     0     1     0     0     0     1     1     1   481     0
   254     2     8     1     7     1     3     5     0     0     1     0     0     2     0     1   661     0
   255     1     4     1     8     2     4     6     1     1     0     0     1     3     1     1   632     0
   256     1     4     1     8     2     4     6     0     1     0     1     1     1     1     0   504     0
   257     2     5     0     1     3     5     7     0     0     0     0     0     3     0     1   576     0
   258     2     5     0     1     3     5     7     1     0     1     0     1     1     1     0   683     0
   259     2     8     1     7     1     3     5     1     1     1     1     1     2     0     1   491     0
   260     2     5     0     1     3     5     7     0     0     1     1     1     2     1     1   533     0
   261     2     8     1     7     1     3     5     0     1     0     1     1     2     0     1   513     0
   262     2     8     1     7     1     3     5     1     1     0     0     0     1     1     0   493     0
   263     2     6     2     3     5     7     1     0     0     0     0     1     2     1     1   547     0
   264     2     6     2     3     5     7     1     1     1     1     0     0     1     1     1   492     0
   265     1     3     1     6     8     2     4     0     0     0     1     0     3     1     1   856     0
   266     2     6     2     3     5     7     1     1     0     1     0     0     3     1     0   653     0
   267     2     6     2     3     5     7     1     0     1     1     0     1     1     1     1   384     0
   268     1     1     2     2     4     6     8     1     0     1     0     1     3     1     1   620     1
   269     1     3     1     6     8     2     4     1     1     0     1     0     2     0     1   864     0
   270     1     4     1     8     2     4     6     0     0     1     0     0     2     1     1   522     0
   271     2     6     2     3     5     7     1     0     0     1     1     0     3     0     0   594     0
   272     2     6     2     3     5     7     1     1     0     1     0     1     1     1     0   473     1
   273     2     6     2     3     5     7     1     1     1     1     1     1     1     0     1   712     0
   274     2     6     2     3     5     7     1     1     0     0     0     1     1     0     1   726     0
   275     1     3     1     6     8     2     4     1     1     1     1     1     3     0     1   544     0
   276     1     3     1     6     8     2     4     0     0     1     1     1     1     1     1   872     0
   277     2     7     0     5     7     1     3     1     1     1     1     0     3     1     1   845     0
   278     2     5     0     1     3     5     7     1     0     0     1     1     2     0     1   900     0
   279     2     6     2     3     5     7     1     0     0     1     1     0     2     1     0   597     1
   280     2     5     0     1     3     5     7     0     1     1     0     0     2     0     1   639     0
   281     1     1     2     2     4     6     8     1     0     1     0     0     3     1     1   559     0
   282     1     3     1     6     8     2     4     1     0     1     0     0     2     0     0   506     0
   283     2     7     0     5     7     1     3     1     0     1     0     0     3     0     0   488     0
   284     2     8     1     7     1     3     5     0     1     0     0     0     2     1     1  1069     1
   285     1     1     2     2     4     6     8     1     1     0     1     0     3     1     0   858     0
   286     1     2     2     4     6     8     2     1     1     1     1     1     2     0     0   554     0
   287     1     3     1     6     8     2     4     1     1     1     0     1     2     0     0   584     0
   288     2     8     1     7     1     3     5     1     0     0     0     0     3     0     1   588     0
   289     1     2     2     4     6     8     2     0     1     0     1     0     3     1     1   498     0
   290     1     2     2     4     6     8     2     0     1     1     0     0     1     0     0   466     0
   291     1     2     2     4     6     8     2     0     1     1     1     1     1     0     0   411     0
   292     2     5     0     1     3     5     7     1     0     1     1     0     3     1     1   808     0
   293     2     8     1     7     1     3     5     1     1     1     1     0     2     0     1   689     0
   294     2     7     0     5     7     1     3     0     0     1     0     0     2     1     1   663     0
   295     1     4     1     8     2     4     6     0     1     0     0     1     3     0     1   700     0
   296     1     1     2     2     4     6     8     0     1     1     1     0     2     0     0   541     0
   297     2     7     0     5     7     1     3     0     0     0     0     0     3     0     1   460     0
   298     2     7     0     5     7     1     3     1     1     0     1     0     1     1     1   712     0
   299     2     7     0     5     7     1     3     1     1     1     1     1     1     0     0   498     0
   300     2     7     0     5     7     1     3     1     1     1     1     1     1     0     0   514     0
   301     1     4     1     8     2     4     6     0     0     1     1     0     3     1     1   468     0
   302     1     3     1     6     8     2     4     0     1     1     0     0     2     0     1   409     0
   303     1     2     2     4     6     8     2     0     0     0     1     1     2     0     1   510     1
   304     1     3     1     6     8     2     4     1     0     1     0     0     2     1     0   501     0
   305     1     4     1     8     2     4     6     0     1     1     0     1     2     1     1   566     0
   306     1     4     1     8     2     4     6     1     0     1     0     1     1     1     1   481     0
   307     1     3     1     6     8     2     4     1     1     1     1     1     2     0     1   450     0
   308     1     3     1     6     8     2     4     1     0     0     1     1     1     0     1   467     1
   309     2     8     1     7     1     3     5     1     0     1     0     0     3     0     0   538     0
   310     2     8     1     7     1     3     5     0     0     0     0     1     1     1     0   656     1
   311     2     5     0     1     3     5     7     1     1     1     0     0     2     1     1  1358     0
   312     1     2     2     4     6     8     2     0     1     1     0     1     3     1     0   875     1
   313     2     7     0     5     7     1     3     0     0     0     0     1     3     0     1   591     0
   314     2     7     0     5     7     1     3     1     0     0     1     1     1     1     0   695     0
   315     2     6     2     3     5     7     1     0     0     0     0     0     2     1     0   636     0
   316     2     6     2     3     5     7     1     0     1     1     0     1     1     0     1   562     0
   317     1     2     2     4     6     8     2     0     1     1     1     1     3     0     0   554     0
   318     1     3     1     6     8     2     4     1     0     1     1     0     2     1     1   809     0
   319     1     2     2     4     6     8     2     1     0     1     0     1     2     0     0   952     1
   320     1     2     2     4     6     8     2     0     1     1     1     0     1     1     1  1043     0
   321     2     7     0     5     7     1     3     1     1     0     0     0     3     1     0   887     0
   322     1     2     2     4     6     8     2     0     0     0     1     1     3     1     1   546     0
   323     2     5     0     1     3     5     7     0     1     0     1     0     3     0     1   645     0
   324     2     6     2     3     5     7     1     1     1     1     1     1     2     1     0   730     0
   325     1     3     1     6     8     2     4     1     1     0     0     0     3     0     0   785     0
   326     1     4     1     8     2     4     6     1     0     1     1     0     2     0     1   682     0
   327     2     6     2     3     5     7     1     0     1     0     0     0     3     1     1   673     0
   328     2     6     2     3     5     7     1     0     1     0     0     1     1     0     0   440     0
   329     2     7     0     5     7     1     3     0     1     0     1     0     2     0     0   619     0
   330     2     6     2     3     5     7     1     1     0     0     1     1     2     1     1   504     0
   331     1     4     1     8     2     4     6     0     1     0     1     1     3     1     1   524     0
   332     1     4     1     8     2     4     6     0     1     1     1     0     1     0     0   396     0
   333     2     7     0     5     7     1     3     1     0     0     0     0     3     1     1   480     0
   334     2     6     2     3     5     7     1     0     0     0     0     0     2     1     0   506     0
   335     2     7     0     5     7     1     3     1     1     0     1     0     2     1     1   447     0
   336     2     7     0     5     7     1     3     1     0     1     0     0     1     0     1   432     0
   337     2     7     0     5     7     1     3     1     0     0     1     0     1     0     0   872     0
   338     2     7     0     5     7     1     3     1     1     0     0     0     1     0     1   523     0
   339     2     6     2     3     5     7     1     1     1     1     0     0     2     0     0   472     0
   340     2     6     2     3     5     7     1     1     1     1     0     0     1     0     0   442     0
   341     2     6     2     3     5     7     1     0     0     0     0     1     1     1     1   511     0
   342     2     6     2     3     5     7     1     1     1     1     0     0     1     1     1   426     0
   343     2     5     0     1     3     5     7     0     1     1     1     1     2     1     0   544     0
   344     2     5     0     1     3     5     7     0     0     1     1     0     1     0     1   782     0
   345     1     2     2     4     6     8     2     0     0     1     0     1     3     0     0   398     1
   346     1     2     2     4     6     8     2     0     1     0     1     1     1     0     1   414     0
   347     2     7     0     5     7     1     3     1     1     1     0     1     3     1     0   629     0
   348     2     8     1     7     1     3     5     0     1     0     1     1     2     1     0   516     0
   349     2     7     0     5     7     1     3     0     1     1     0     1     2     0     0   486     0
   350     1     2     2     4     6     8     2     0     0     1     1     1     3     0     1   437     0
   351     1     4     1     8     2     4     6     0     1     0     1     1     2     0     1   455     0
   352     1     4     1     8     2     4     6     1     0     1     0     0     1     1     1   783     0
   353     2     8     1     7     1     3     5     0     1     0     0     1     3     1     1   480     0
   354     1     3     1     6     8     2     4     1     1     0     0     1     3     1     0   626     0
   355     2     7     0     5     7     1     3     1     0     1     1     1     3     0     1   563     0
   356     2     7     0     5     7     1     3     1     0     1     1     1     1     0     0   538     0
   357     2     8     1     7     1     3     5     1     1     1     1     0     2     0     1   497     0
   358     2     8     1     7     1     3     5     0     1     1     0     0     1     1     0   658     0
   359     2     6     2     3     5     7     1     1     0     0     0     0     2     1     1   515     0
   360     2     5     0     1     3     5     7     1     0     0     0     0     2     0     0   567     0
   361     2     8     1     7     1     3     5     0     0     0     0     1     2     1     0   484     1
   362     2     8     1     7     1     3     5     0     0     0     1     1     1     0     0   565     0
   363     1     1     2     2     4     6     8     0     0     0     0     1     3     0     0   584     0
   364     1     1     2     2     4     6     8     1     1     0     0     1     1     1     1   458     0
   365     1     1     2     2     4     6     8     0     1     1     0     0     1     1     0   393     0
   366     1     2     2     4     6     8     2     1     0     0     0     0     2     1     1   485     0
   367     2     8     1     7     1     3     5     0     0     0     0     1     3     1     0   574     0
   368     2     5     0     1     3     5     7     1     1     0     0     0     2     1     1   680     0
   369     1     3     1     6     8     2     4     0     1     0     0     1     3     1     0   621     0
   370     1     1     2     2     4     6     8     1     1     1     1     0     2     1     0   625     0
   371     2     6     2     3     5     7     1     0     1     1     1     1     3     1     0   358     0
   372     2     6     2     3     5     7     1     0     0     0     0     1     1     0     1   522     0
   373     2     6     2     3     5     7     1     1     1     0     0     0     1     1     1   646     0
   374     2     5     0     1     3     5     7     0     1     0     0     0     2     1     0   413     1
   375     2     5     0     1     3     5     7     1     1     0     1     0     1     1     0   424     0
   376     2     7     0     5     7     1     3     1     1     1     1     1     2     0     0   568     0
   377     2     7     0     5     7     1     3     0     0     0     1     1     1     1     1   596     0
   378     2     7     0     5     7     1     3     0     0     0     0     0     1     0     0   460     0
   379     2     8     1     7     1     3     5     0     0     1     1     1     2     0     0   686     0
   380     2     8     1     7     1     3     5     0     0     1     1     0     1     0     0   553     0
   381     1     4     1     8     2     4     6     0     1     0     0     1     3     0     1   510     0
   382     1     4     1     8     2     4     6     0     1     1     0     0     1     0     0   419     0
   383     2     7     0     5     7     1     3     0     0     1     1     1     3     0     1   479     0
   384     2     7     0     5     7     1     3     1     0     1     0     0     1     1     0   673     0
   385     1     4     1     8     2     4     6     0     1     0     0     1     3     1     1   638     0
   386     1     1     2     2     4     6     8     1     1     1     0     1     2     1     0   636     0
   387     1     2     2     4     6     8     2     0     1     1     1     0     2     1     0   477     0
   388     2     7     0     5     7     1     3     1     1     1     0     0     3     1     0   492     0
   389     1     1     2     2     4     6     8     1     0     0     0     1     3     0     1   593     0
   390     2     8     1     7     1     3     5     1     0     0     0     1     3     0     0   564     0
   391     1     4     1     8     2     4     6     1     1     0     0     1     3     0     1   488     0
   392     1     4     1     8     2     4     6     0     1     0     0     0     1     1     0   462     0
   393     1     2     2     4     6     8     2     0     0     0     1     0     2     0     1   342     1
   394     1     4     1     8     2     4     6     1     0     0     0     0     2     1     0   389     0
   395     2     8     1     7     1     3     5     1     0     0     0     1     3     0     0   403     0
   396     1     1     2     2     4     6     8     1     1     1     0     1     3     0     1   470     0
   397     2     8     1     7     1     3     5     1     0     1     0     0     3     0     1   607     0
   398     2     5     0     1     3     5     7     0     1     0     1     1     2     1     1   429     0
   399     2     6     2     3     5     7     1     1     0     0     1     0     2     1     1   558     0
   400     1     3     1     6     8     2     4     1     0     0     0     0     3     0     0   485     1
   401     2     8     1     7     1     3     5     0     0     0     0     1     3     1     0   325     0
   402     2     5     0     1     3     5     7     1     0     0     0     0     2     1     0   553     0
   403     2     8     1     7     1     3     5     0     0     0     1     0     2     1     0   512     1
   404     2     7     0     5     7     1     3     1     0     1     0     0     2     1     0   680     0
   405     1     4     1     8     2     4     6     1     1     0     1     0     3     0     1   560     0
   406     1     3     1     6     8     2     4     1     1     1     1     0     2     0     0   763     1
   407     2     6     2     3     5     7     1     1     1     0     0     0     3     0     0   524     0
   408     1     3     1     6     8     2     4     1     0     0     0     1     3     0     1   596     0
   409     2     6     2     3     5     7     1     0     0     1     1     1     3     1     0   761     0
   410     2     6     2     3     5     7     1     1     1     0     1     0     1     1     1   513     0
   411     1     3     1     6     8     2     4     0     1     1     0     0     3     1     0   656     0
   412     1     4     1     8     2     4     6     1     1     1     0     1     2     1     0   610     0
   413     1     3     1     6     8     2     4     0     0     0     1     0     2     1     1   562     0
   414     1     3     1     6     8     2     4     0     1     1     1     1     1     0     1   495     0
   415     1     3     1     6     8     2     4     1     0     1     0     1     1     1     1  1013     0
   416     1     3     1     6     8     2     4     0     0     0     0     0     1     1     0   798     0
   417     1     3     1     6     8     2     4     0     1     0     1     1     1     0     1   529     0
   418     1     3     1     6     8     2     4     0     1     1     1     1     1     0     0   451     0
   419     1     4     1     8     2     4     6     0     1     1     1     0     2     0     0   505     0
   420     1     1     2     2     4     6     8     1     1     1     0     0     2     1     0   580     0
   421     1     2     2     4     6     8     2     0     0     1     0     0     2     1     1   585     0
   422     2     7     0     5     7     1     3     0     1     0     1     1     3     0     1   777     0
   423     1     1     2     2     4     6     8     0     1     1     1     0     3     0     0   510     0
   424     1     1     2     2     4     6     8     0     1     0     1     1     1     0     0   468     0
   425     2     5     0     1     3     5     7     0     0     0     0     0     3     0     1   489     0
   426     2     5     0     1     3     5     7     1     0     1     0     1     1     1     0   821     0
   427     2     5     0     1     3     5     7     0     1     1     1     1     1     1     1   445     0
   428     2     5     0     1     3     5     7     1     1     1     1     1     1     1     0   511     0
   429     1     4     1     8     2     4     6     0     1     1     1     1     3     1     0   565     1
   430     1     4     1     8     2     4     6     1     1     1     0     1     1     1     0   732     0
   431     2     8     1     7     1     3     5     1     1     0     1     1     3     0     0   579     0
   432     2     8     1     7     1     3     5     1     1     1     0     1     1     0     0   478     0
   433     1     1     2     2     4     6     8     1     1     0     0     1     3     0     0   550     0
   434     1     1     2     2     4     6     8     0     1     0     0     0     1     1     0   419     0
   435     2     5     0     1     3     5     7     1     1     1     0     1     3     1     0   487     0
   436     1     2     2     4     6     8     2     1     0     1     1     0     3     0     1   616     0
   437     2     6     2     3     5     7     1     0     1     0     0     1     3     1     1   787     0
   438     2     8     1     7     1     3     5     0     1     0     0     0     2     0     0   523     0
   439     2     6     2     3     5     7     1     1     0     0     0     1     2     1     1   394     1
   440     2     7     0     5     7     1     3     1     0     1     0     1     2     0     0   695     0
   441     1     2     2     4     6     8     2     1     1     0     1     0     3     0     1   592     0
   442     2     7     0     5     7     1     3     1     1     1     0     0     3     0     0   515     0
   443     2     5     0     1     3     5     7     1     0     0     1     0     2     0     1   622     0
   444     2     5     0     1     3     5     7     0     1     1     1     1     1     1     1   530     0
   445     1     4     1     8     2     4     6     1     0     1     1     1     3     1     1   635     0
   446     1     4     1     8     2     4     6     0     1     1     1     0     1     1     1   833     0
   447     2     5     0     1     3     5     7     1     0     0     1     1     3     1     1   525     0
   448     2     5     0     1     3     5     7     1     1     0     0     1     1     0     1   568     0
   449     1     1     2     2     4     6     8     1     1     0     1     1     3     0     0   768     0
   450     2     6     2     3     5     7     1     1     1     0     0     1     3     0     0   464     0
   451     1     3     1     6     8     2     4     1     0     0     1     1     3     0     1   679     0
   452     1     3     1     6     8     2     4     0     0     0     1     0     1     1     0   532     1
   453     1     1     2     2     4     6     8     1     1     1     0     1     2     1     1   484     0
   454     1     1     2     2     4     6     8     1     0     0     0     0     1     0     1   691     0
   455     1     1     2     2     4     6     8     0     0     0     0     1     1     1     0   623     0
   456     1     1     2     2     4     6     8     1     1     0     0     0     1     1     1   532     0
   457     1     1     2     2     4     6     8     0     1     1     0     0     1     1     0   473     0
   458     2     8     1     7     1     3     5     0     1     1     0     0     3     0     0   549     0
   459     1     4     1     8     2     4     6     1     0     0     0     1     3     1     1   818     0
   460     1     3     1     6     8     2     4     1     0     1     1     0     2     0     0   826     0
   461     1     2     2     4     6     8     2     1     0     1     0     1     2     0     0   991     0
   462     2     5     0     1     3     5     7     0     1     1     0     1     3     1     1   511     0
   463     1     1     2     2     4     6     8     1     0     1     1     0     3     1     1   565     0
   464     1     1     2     2     4     6     8     1     1     0     0     0     1     0     1   645     0
   465     1     3     1     6     8     2     4     0     1     0     0     0     2     1     0   718     0
   466     1     3     1     6     8     2     4     0     0     0     0     0     1     0     1   544     0
   467     1     4     1     8     2     4     6     1     1     1     0     0     2     1     1   573     0
   468     1     4     1     8     2     4     6     0     1     0     1     1     1     1     0   806     0
   469     1     3     1     6     8     2     4     0     0     1     1     0     2     0     1   572     0
   470     1     3     1     6     8     2     4     0     1     1     0     0     1     0     1   538     0
   471     1     3     1     6     8     2     4     1     1     0     0     0     1     1     0   611     1
   472     1     4     1     8     2     4     6     0     0     0     1     1     2     1     1   757     0
   473     1     2     2     4     6     8     2     1     0     0     0     0     2     1     0   670     0
   474     1     2     2     4     6     8     2     1     1     0     1     0     1     0     1   481     0
   475     1     4     1     8     2     4     6     0     1     1     0     1     2     1     0   595     0
   476     1     4     1     8     2     4     6     1     1     1     0     1     1     1     0   535     0
   477     2     5     0     1     3     5     7     0     1     0     0     1     3     1     0   531     0
   478     2     6     2     3     5     7     1     0     0     1     1     1     2     0     1   648     0
   479     1     4     1     8     2     4     6     0     0     1     0     1     3     0     0   489     1
   480     1     4     1     8     2     4     6     1     0     1     1     0     1     1     0   698     0
   481     2     8     1     7     1     3     5     1     0     0     0     0     3     0     0   534     0
   482     2     8     1     7     1     3     5     0     0     0     1     1     1     1     0   604     0
   483     2     8     1     7     1     3     5     1     0     1     1     0     1     1     0   641     0
   484     2     8     1     7     1     3     5     1     1     1     1     1     1     0     1   596     0
   485     2     5     0     1     3     5     7     1     1     0     0     0     2     0     0   831     0
   486     1     4     1     8     2     4     6     1     1     1     1     1     3     0     0   603     0
   487     1     2     2     4     6     8     2     1     1     1     1     0     2     0     0   686     0
   488     1     2     2     4     6     8     2     0     1     1     1     1     1     1     0   418     0
   489     2     5     0     1     3     5     7     1     0     1     0     1     3     1     1   604     0
   490     1     4     1     8     2     4     6     0     1     0     0     1     3     1     1   767     0
   491     1     4     1     8     2     4     6     1     0     1     0     1     1     1     1   599     0
   492     2     7     0     5     7     1     3     1     0     1     1     0     3     0     0   634     0
   493     2     6     2     3     5     7     1     1     0     0     1     1     2     0     0   565     0
   494     2     7     0     5     7     1     3     0     1     1     0     1     2     1     1   646     1
   495     1     4     1     8     2     4     6     1     1     1     0     0     3     1     0   695     0
   496     2     7     0     5     7     1     3     1     0     1     0     1     3     0     1   623     0
   497     2     5     0     1     3     5     7     0     1     1     1     1     2     1     1   655     0
   498     1     2     2     4     6     8     2     1     1     1     1     1     3     1     0   651     0
   499     1     2     2     4     6     8     2     0     0     1     1     1     1     1     1   558     0
   500     1     3     1     6     8     2     4     1     1     0     0     0     2     1     1   511     0
   501     2     8     1     7     1     3     5     0     0     1     0     1     3     1     1   677     0
   502     2     6     2     3     5     7     1     0     1     0     0     1     2     0     1   394     0
   503     1     3     1     6     8     2     4     1     0     1     0     1     3     1     1   654     0
   504     1     3     1     6     8     2     4     0     1     1     1     1     1     1     1   506     0
   505     1     3     1     6     8     2     4     1     1     1     0     0     1     1     0   593     0
   506     1     3     1     6     8     2     4     0     1     1     1     0     1     1     0   507     0
   507     2     5     0     1     3     5     7     0     1     0     1     1     3     0     0   573     0
   508     2     5     0     1     3     5     7     0     0     1     0     1     1     0     1   692     0
   509     2     5     0     1     3     5     7     0     0     1     0     0     1     0     0   411     0
   510     2     6     2     3     5     7     1     1     0     1     1     1     2     1     0   630     0
   511     2     8     1     7     1     3     5     0     1     0     0     1     2     1     1   550     0
   512     1     1     2     2     4     6     8     0     0     1     1     1     3     0     1   454     0
   513     2     6     2     3     5     7     1     1     0     0     1     1     3     1     0   663     0
   514     2     6     2     3     5     7     1     1     0     1     0     0     1     0     0   437     0
   515     1     4     1     8     2     4     6     1     0     0     1     1     3     0     0   742     0
   516     1     2     2     4     6     8     2     0     1     0     0     1     2     1     1   412     0
   517     1     2     2     4     6     8     2     1     1     0     1     1     1     1     0   405     0
   518     1     2     2     4     6     8     2     1     0     0     0     1     1     0     1   577     0
   519     2     7     0     5     7     1     3     1     0     0     0     1     3     0     0   524     0
   520     2     7     0     5     7     1     3     0     0     0     1     1     1     1     0   508     0
   521     2     7     0     5     7     1     3     0     1     0     1     0     1     0     1   591     0
   522     2     6     2     3     5     7     1     1     0     0     1     0     2     1     1   467     1
   523     1     1     2     2     4     6     8     0     1     1     1     1     3     1     1   728     0
   524     1     1     2     2     4     6     8     0     0     1     1     1     1     0     1   517     0
   525     1     2     2     4     6     8     2     0     1     0     0     0     2     0     1   901     0
   526     1     2     2     4     6     8     2     1     0     0     1     1     1     1     1   585     0
   527     1     1     2     2     4     6     8     1     1     0     1     1     2     0     1   907     0
   528     1     1     2     2     4     6     8     1     0     0     1     0     1     0     1   506     0
   529     1     3     1     6     8     2     4     1     0     1     1     0     2     0     0   644     0
   530     1     3     1     6     8     2     4     1     0     0     0     0     1     0     0   460     0
   531     2     8     1     7     1     3     5     1     0     0     0     1     3     0     0   389     0
   532     2     8     1     7     1     3     5     1     1     0     0     0     1     0     1   598     0
   533     2     6     2     3     5     7     1     0     1     1     0     1     2     1     0   544     0
   534     2     6     2     3     5     7     1     1     1     1     0     0     1     1     0   539     0
   535     2     8     1     7     1     3     5     1     1     1     0     0     2     0     0   529     0
   536     2     8     1     7     1     3     5     1     0     1     1     0     1     0     1   442     0
   537     2     5     0     1     3     5     7     0     0     1     1     0     2     1     0   519     0
   538     2     8     1     7     1     3     5     0     1     1     1     1     2     0     1   673     0
   539     1     3     1     6     8     2     4     1     0     1     0     0     3     1     1   811     0
   540     1     3     1     6     8     2     4     0     1     1     1     1     1     1     1   453     0
   541     1     1     2     2     4     6     8     0     0     1     1     1     2     0     1   658     0
   542     1     1     2     2     4     6     8     0     0     1     0     1     1     0     0   396     0
   543     2     5     0     1     3     5     7     1     0     0     1     0     3     1     0   663     0
   544     2     6     2     3     5     7     1     0     0     0     1     1     2     1     0   675     0
   545     2     7     0     5     7     1     3     0     1     0     1     1     2     0     1   489     0
   546     2     6     2     3     5     7     1     1     1     1     0     1     2     1     0   521     0
   547     2     5     0     1     3     5     7     0     1     0     0     1     2     1     0   537     0
   548     2     7     0     5     7     1     3     0     1     1     1     1     2     0     0   411     0
   549     2     6     2     3     5     7     1     1     0     0     0     0     2     1     1   484     0
   550     2     6     2     3     5     7     1     1     1     1     0     1     1     0     1   537     0
   551     2     5     0     1     3     5     7     0     0     0     1     0     2     1     1   585     1
   552     2     5     0     1     3     5     7     1     0     1     0     1     1     1     0   366     0
   553     2     8     1     7     1     3     5     1     0     0     1     0     2     0     0   617     0
   554     1     1     2     2     4     6     8     0     0     0     1     0     3     1     0   491     0
   555     2     8     1     7     1     3     5     0     0     1     1     0     3     0     0   630     0
   556     1     3     1     6     8     2     4     1     1     0     1     0     3     1     1   428     1
   557     2     7     0     5     7     1     3     1     1     1     0     1     3     0     0   550     0
   558     2     7     0     5     7     1     3     1     0     0     0     0     1     0     1   503     0
   559     2     6     2     3     5     7     1     0     1     0     1     0     2     1     1   593     0
   560     2     6     2     3     5     7     1     0     0     0     1     0     1     0     1   410     1
   561     1     1     2     2     4     6     8     0     0     1     1     0     3     0     0   536     0
   562     1     1     2     2     4     6     8     1     1     1     0     1     1     1     1   787     0
   563     1     4     1     8     2     4     6     1     0     1     0     1     2     0     1   597     0
   564     1     2     2     4     6     8     2     1     1     1     1     1     2     0     1   691     0
   565     2     5     0     1     3     5     7     1     1     1     0     0     3     0     0   522     1
   566     2     7     0     5     7     1     3     0     1     0     1     1     2     1     0   573     0
   567     1     3     1     6     8     2     4     1     1     1     1     1     3     1     0   594     0
   568     2     6     2     3     5     7     1     0     0     0     1     1     3     1     1   804     0
   569     1     1     2     2     4     6     8     1     1     0     0     1     3     1     1   457     0
   570     1     1     2     2     4     6     8     1     1     0     1     0     1     0     0   382     0
   571     2     6     2     3     5     7     1     1     0     1     1     1     3     0     1   580     0
   572     2     6     2     3     5     7     1     0     1     0     0     1     1     1     1   544     0
   573     1     1     2     2     4     6     8     1     1     1     1     0     3     1     0   565     0
   574     1     1     2     2     4     6     8     1     0     1     1     1     1     0     1   507     1
   575     2     8     1     7     1     3     5     1     1     1     1     0     3     0     1   500     0
   576     1     1     2     2     4     6     8     0     0     1     1     1     3     1     1   530     0
   577     1     1     2     2     4     6     8     1     0     1     1     1     1     1     0   558     0
   578     1     3     1     6     8     2     4     0     1     1     0     0     2     1     1   774     0
   579     2     7     0     5     7     1     3     0     0     0     1     0     3     0     1   528     0
   580     2     7     0     5     7     1     3     0     0     0     1     0     1     0     0   405     0
   581     2     8     1     7     1     3     5     0     1     1     1     0     2     0     1   574     0
   582     2     6     2     3     5     7     1     1     0     0     0     1     2     1     1   560     0
   583     1     3     1     6     8     2     4     0     0     1     1     1     3     1     0   630     0
   584     1     3     1     6     8     2     4     1     0     0     0     1     1     1     0   834     0
   585     2     6     2     3     5     7     1     1     1     1     0     0     3     0     1   589     0
   586     2     5     0     1     3     5     7     0     1     0     1     0     2     1     0   835     1
   587     1     1     2     2     4     6     8     1     0     0     0     0     3     1     1   643     0
   588     1     1     2     2     4     6     8     0     0     0     1     0     1     1     0   527     0
   589     1     4     1     8     2     4     6     1     1     1     0     1     2     1     1   545     0
   590     1     2     2     4     6     8     2     1     0     1     0     0     2     0     1   641     0
   591     2     6     2     3     5     7     1     1     1     0     1     0     3     0     1   525     0
   592     2     6     2     3     5     7     1     1     1     1     0     0     1     0     0   513     0
   593     1     3     1     6     8     2     4     1     1     1     0     1     3     0     0   541     0
   594     1     3     1     6     8     2     4     0     0     0     1     0     1     1     1   752     0
   595     1     3     1     6     8     2     4     0     1     1     1     1     1     0     1   534     1
   596     1     3     1     6     8     2     4     1     1     1     0     0     1     1     0   527     0
   597     2     7     0     5     7     1     3     0     1     1     1     1     3     1     0   450     0
   598     2     7     0     5     7     1     3     0     1     1     1     0     1     0     0   379     0
   599     1     1     2     2     4     6     8     0     1     0     1     0     3     0     0   595     1
   600     1     1     2     2     4     6     8     0     0     0     0     1     1     0     1   548     0
   601     1     3     1     6     8     2     4     1     0     0     0     0     2     1     0   600     0
   602     1     4     1     8     2     4     6     1     1     1     1     1     2     0     1   530     0
   603     2     8     1     7     1     3     5     0     0     0     0     0     3     1     1   489     0
   604     2     7     0     5     7     1     3     1     0     1     1     0     2     1     0   668     0
   605     1     2     2     4     6     8     2     0     1     0     0     0     3     1     1   436     0
   606     1     2     2     4     6     8     2     0     0     0     1     1     1     0     1   637     0
   607     2     5     0     1     3     5     7     0     0     0     1     0     3     0     0   665     0
   608     2     8     1     7     1     3     5     0     1     1     0     1     2     0     1   457     0
   609     1     3     1     6     8     2     4     1     0     1     1     0     3     1     1   477     0
   610     1     3     1     6     8     2     4     1     0     0     0     1     1     0     0   721     0
   611     1     2     2     4     6     8     2     0     1     1     0     1     2     1     1   429     0
   612     2     7     0     5     7     1     3     0     0     0     0     0     3     0     1   590     0
   613     2     8     1     7     1     3     5     0     1     0     1     1     2     0     1   459     0
   614     2     8     1     7     1     3     5     1     1     0     0     1     1     1     0   743     0
   615     1     2     2     4     6     8     2     1     0     0     1     0     3     0     1   497     0
   616     1     3     1     6     8     2     4     1     0     0     1     0     2     0     0   387     0
   617     1     3     1     6     8     2     4     0     1     1     1     0     1     1     1   555     0
   618     1     2     2     4     6     8     2     1     1     0     0     0     2     1     0   520     0
   619     2     8     1     7     1     3     5     1     1     1     1     0     3     0     0   562     0
   620     2     8     1     7     1     3     5     0     0     1     1     1     1     1     1   455     0
   621     2     6     2     3     5     7     1     0     1     0     0     0     2     0     1   456     0
   622     2     6     2     3     5     7     1     1     0     0     0     1     1     1     1   627     0
   623     2     8     1     7     1     3     5     0     0     0     1     1     2     1     0   707     0
   624     2     8     1     7     1     3     5     1     1     0     0     1     1     1     1   583     0
   625     1     3     1     6     8     2     4     1     1     0     1     0     3     0     0   649     0
   626     1     1     2     2     4     6     8     0     1     0     0     1     2     1     0   501     1
   627     1     1     2     2     4     6     8     1     0     1     1     0     1     1     1   604     0
   628     1     1     2     2     4     6     8     1     0     0     1     0     1     0     0   522     0
   629     1     4     1     8     2     4     6     1     0     0     0     1     2     0     0   479     0
   630     1     4     1     8     2     4     6     0     1     0     0     0     1     1     1   840     0
   631     1     2     2     4     6     8     2     0     0     0     0     0     2     0     1   510     0
   632     1     2     2     4     6     8     2     0     0     0     1     1     1     0     0   459     0
   633     1     1     2     2     4     6     8     0     0     0     0     0     2     0     0   514     0
   634     1     1     2     2     4     6     8     1     0     1     0     0     1     1     0   494     1
   635     2     5     0     1     3     5     7     0     1     1     1     0     3     1     1   452     0
   636     2     5     0     1     3     5     7     0     1     1     0     0     1     0     0   452     0
   637     1     4     1     8     2     4     6     1     0     1     0     1     3     1     1   754     0
   638     1     4     1     8     2     4     6     1     0     1     1     0     1     0     0   684     0
   639     2     8     1     7     1     3     5     1     0     0     1     1     3     0     0   530     0
   640     2     8     1     7     1     3     5     0     1     0     1     0     1     1     1   515     0
   641     2     8     1     7     1     3     5     1     1     1     1     1     1     1     0   490     0
   642     2     5     0     1     3     5     7     0     1     1     0     0     2     1     0   681     0
   643     2     8     1     7     1     3     5     0     1     0     1     0     2     0     0   555     0
   644     2     8     1     7     1     3     5     1     0     1     1     1     1     1     1   525     1
   645     1     3     1     6     8     2     4     0     1     0     1     0     3     1     1   482     0
   646     1     3     1     6     8     2     4     0     1     0     0     1     1     0     0   504     0
   647     1     4     1     8     2     4     6     0     1     1     1     0     2     0     0   568     0
   648     1     4     1     8     2     4     6     0     0     1     1     1     1     0     1   550     0
   649     1     4     1     8     2     4     6     0     1     0     1     1     1     0     1   519     0
   650     1     4     1     8     2     4     6     1     1     1     1     0     1     1     0   659     0
   651     2     6     2     3     5     7     1     0     0     0     1     0     3     1     1   569     0
   652     2     7     0     5     7     1     3     0     0     0     1     0     2     0     0   582     0
   653     1     1     2     2     4     6     8     0     1     0     1     1     3     0     1   500     0
   654     1     1     2     2     4     6     8     0     0     0     0     0     1     0     1   480     0
   655     1     4     1     8     2     4     6     0     1     1     1     1     2     0     1   789     0
   656     1     4     1     8     2     4     6     0     0     1     1     1     1     0     1   525     0
   657     1     1     2     2     4     6     8     0     0     0     0     1     2     0     0   395     0
   658     1     4     1     8     2     4     6     1     1     0     0     0     2     1     1   464     1
   659     2     6     2     3     5     7     1     0     1     1     0     0     3     1     0   545     0
   660     1     1     2     2     4     6     8     0     1     0     0     1     3     0     0   553     0
   661     1     1     2     2     4     6     8     0     0     1     1     1     1     0     1   501     0
   662     2     6     2     3     5     7     1     1     0     1     1     1     3     1     0   585     0
   663     2     7     0     5     7     1     3     1     1     0     1     1     2     0     1   520     0
   664     1     4     1     8     2     4     6     1     1     0     1     1     3     0     0   572     0
   665     1     4     1     8     2     4     6     1     0     1     1     0     1     0     1   554     1
   666     1     4     1     8     2     4     6     0     0     0     0     1     1     1     0   496     0
   667     1     2     2     4     6     8     2     1     1     1     0     0     2     1     1   597     1
   668     1     2     2     4     6     8     2     1     1     1     0     1     1     0     0   593     0
   669     1     3     1     6     8     2     4     1     0     0     1     0     2     0     1   728     0
   670     1     3     1     6     8     2     4     0     0     1     0     0     1     1     0   703     0
   671     2     6     2     3     5     7     1     0     0     1     1     1     3     0     0   395     1
   672     2     6     2     3     5     7     1     0     0     0     1     1     1     0     0   380     0
   673     1     4     1     8     2     4     6     0     1     0     1     0     3     0     1   632     0
   674     1     4     1     8     2     4     6     1     0     0     1     0     1     1     1   602     0
   675     1     2     2     4     6     8     2     0     1     0     1     1     2     1     1   408     0
   676     1     2     2     4     6     8     2     0     0     1     0     0     1     0     1   561     0
   677     1     2     2     4     6     8     2     0     0     1     1     1     1     0     0   539     0
   678     1     1     2     2     4     6     8     1     0     1     1     1     2     1     0   575     1
   679     2     6     2     3     5     7     1     1     0     0     1     1     3     0     0   622     0
   680     2     6     2     3     5     7     1     0     0     1     0     0     1     1     0   602     0
   681     1     3     1     6     8     2     4     0     1     1     1     0     3     0     1   558     1
   682     1     3     1     6     8     2     4     0     1     0     1     0     1     0     0   449     0
   683     2     8     1     7     1     3     5     0     0     0     0     1     3     0     1   569     0
   684     1     3     1     6     8     2     4     0     1     1     1     0     3     0     1   485     0
   685     2     7     0     5     7     1     3     1     0     1     0     0     3     1     1   671     0
   686     2     7     0     5     7     1     3     0     0     0     1     1     1     1     0   551     0
   687     2     8     1     7     1     3     5     1     0     1     1     0     2     1     0   630     0
   688     2     5     0     1     3     5     7     1     1     0     1     0     2     0     1   667     0
   689     1     2     2     4     6     8     2     1     0     1     1     0     3     0     1   516     0
   690     1     2     2     4     6     8     2     1     0     0     0     0     1     0     0   565     0
   691     2     7     0     5     7     1     3     1     0     0     1     1     3     0     0   605     0
   692     2     7     0     5     7     1     3     1     0     1     1     1     1     0     0   486     0
   693     1     2     2     4     6     8     2     0     1     0     0     0     3     1     1   461     0
   694     1     1     2     2     4     6     8     0     0     0     1     1     2     0     1   499     0
   695     1     1     2     2     4     6     8     1     0     0     0     0     1     1     0   444     1
   696     1     1     2     2     4     6     8     1     1     0     1     1     1     0     1   574     0
   697     2     7     0     5     7     1     3     0     0     1     1     0     3     1     1   458     0
   698     2     7     0     5     7     1     3     0     0     1     0     0     1     0     0   317     0
   699     2     5     0     1     3     5     7     1     0     1     1     0     2     1     0   783     0
   700     2     5     0     1     3     5     7     0     1     0     1     1     1     1     1   514     0
   701     1     2     2     4     6     8     2     0     0     0     0     0     3     0     1   485     0
   702     1     2     2     4     6     8     2     0     0     0     1     1     1     0     0   551     0
   703     1     3     1     6     8     2     4     0     1     1     0     0     2     0     1   414     0
   704     1     1     2     2     4     6     8     1     1     1     1     0     2     1     0   659     0
   705     2     6     2     3     5     7     1     0     1     0     1     0     3     1     0   399     0
   706     2     7     0     5     7     1     3     1     0     1     1     0     2     1     1   567     0
   707     1     1     2     2     4     6     8     0     1     0     0     0     3     1     1   499     0
   708     1     1     2     2     4     6     8     1     1     1     1     1     1     1     0   380     0
   709     2     8     1     7     1     3     5     1     1     1     1     0     3     0     0   416     0
   710     2     8     1     7     1     3     5     0     1     1     1     0     1     1     0   459     0
   711     1     1     2     2     4     6     8     0     1     0     1     0     3     0     0   352     0
   712     1     1     2     2     4     6     8     0     1     0     0     1     1     0     0   364     0
   713     1     2     2     4     6     8     2     1     1     0     0     0     2     1     0   572     1
   714     1     2     2     4     6     8     2     1     0     1     0     0     1     0     1  1062     0
   715     2     8     1     7     1     3     5     0     1     1     0     0     3     1     1   412     0
   716     2     8     1     7     1     3     5     1     1     1     1     1     1     1     0   445     0
   717     2     7     0     5     7     1     3     1     1     0     0     0     2     0     0   682     0
   718     2     8     1     7     1     3     5     1     1     1     0     0     2     0     0   423     1
   719     2     7     0     5     7     1     3     1     0     1     0     0     2     0     1   675     0
   720     2     8     1     7     1     3     5     0     0     0     0     0     2     1     0   509     0
   721     2     8     1     7     1     3     5     1     1     0     0     1     1     1     1   580     0
   722     2     8     1     7     1     3     5     1     1     1     1     0     1     0     0   413     0
   723     1     2     2     4     6     8     2     0     1     1     0     1     3     1     0   534     0
   724     2     5     0     1     3     5     7     1     1     1     0     1     3     1     0   682     0
   725     2     8     1     7     1     3     5     1     1     0     0     0     2     0     0   511     0
   726     2     6     2     3     5     7     1     1     1     1     1     0     2     0     0   423     0
   727     2     5     0     1     3     5     7     0     1     1     0     0     2     1     0   600     0
   728     2     5     0     1     3     5     7     0     0     1     1     0     1     0     1   341     1
   729     2     7     0     5     7     1     3     1     0     1     0     1     2     1     0  1071     0
   730     1     4     1     8     2     4     6     1     0     1     1     0     3     0     0   637     0
   731     2     5     0     1     3     5     7     1     1     0     0     0     3     0     1   522     1
   732     2     8     1     7     1     3     5     0     0     1     0     1     2     1     1   726     0
   733     2     8     1     7     1     3     5     1     1     0     0     1     1     1     1   481     0
   734     2     8     1     7     1     3     5     0     0     0     0     0     1     1     1   498     0
   735     2     5     0     1     3     5     7     0     1     1     1     1     2     0     1   492     0
   736     2     5     0     1     3     5     7     1     1     0     1     1     1     1     0   601     0
   737     1     1     2     2     4     6     8     0     1     1     1     1     3     1     0   552     0
   738     1     2     2     4     6     8     2     0     0     1     1     1     2     0     1   579     0
   739     2     7     0     5     7     1     3     0     0     1     0     1     3     0     0   513     0
   740     2     8     1     7     1     3     5     1     1     0     0     0     2     1     1   519     0
   741     1     4     1     8     2     4     6     0     1     1     0     0     3     1     0   390     0
   742     1     1     2     2     4     6     8     1     1     1     1     0     2     1     0   715     0
   743     2     6     2     3     5     7     1     1     1     0     1     0     3     0     0   429     0
   744     2     7     0     5     7     1     3     1     1     1     1     1     2     0     0   442     0
   745     1     4     1     8     2     4     6     1     1     1     0     0     3     0     0   560     0
   746     1     4     1     8     2     4     6     0     1     1     1     1     1     1     0   521     0
   747     1     2     2     4     6     8     2     0     0     0     1     1     2     0     1   501     0
   748     1     2     2     4     6     8     2     1     1     0     0     0     1     1     1   451     0
   749     2     6     2     3     5     7     1     1     0     1     1     1     3     0     1   320     1
   750     2     6     2     3     5     7     1     0     1     1     0     0     1     1     1   428     0
   751     1     3     1     6     8     2     4     0     0     0     1     0     3     0     1   506     0
   752     1     3     1     6     8     2     4     1     0     1     0     1     1     1     0   763     0
   753     2     8     1     7     1     3     5     1     0     0     1     1     3     0     0   535     1
   754     2     5     0     1     3     5     7     0     0     0     1     0     2     1     0   560     0
   755     1     2     2     4     6     8     2     1     0     1     1     0     3     1     0   727     1
   756     1     2     2     4     6     8     2     0     1     0     1     0     1     1     1   550     0
   757     2     6     2     3     5     7     1     0     0     1     0     0     3     0     1   409     0
   758     1     1     2     2     4     6     8     0     1     1     0     1     3     0     1   527     0
   759     2     5     0     1     3     5     7     0     1     1     1     1     3     0     0   515     0
   760     2     5     0     1     3     5     7     1     1     1     0     1     1     1     0   526     0
   761     1     2     2     4     6     8     2     1     1     1     1     1     3     0     0   637     0
   762     1     4     1     8     2     4     6     1     1     0     0     0     2     0     0   661     0
   763     2     8     1     7     1     3     5     1     0     1     1     1     3     0     1   642     0
   764     2     6     2     3     5     7     1     0     1     1     1     1     2     1     1   454     0
   765     1     1     2     2     4     6     8     0     1     0     1     0     3     0     0   413     0
   766     1     1     2     2     4     6     8     0     1     0     0     1     1     0     0   490     0
   767     1     2     2     4     6     8     2     1     1     1     0     1     2     1     0   405     0
   768     1     3     1     6     8     2     4     1     0     0     0     1     2     0     1   487     0
   769     1     1     2     2     4     6     8     0     1     0     1     1     2     1     1   510     0
   770     2     6     2     3     5     7     1     1     0     1     0     0     3     1     1   600     0
   771     2     5     0     1     3     5     7     0     0     1     0     1     2     1     0   692     0
   772     2     5     0     1     3     5     7     1     0     0     1     1     1     1     0   524     0
   773     1     1     2     2     4     6     8     1     0     1     1     0     3     0     0   703     0
   774     1     3     1     6     8     2     4     0     0     1     0     1     2     1     0   727     0
   775     1     2     2     4     6     8     2     0     1     0     0     1     2     0     1   439     0
   776     1     4     1     8     2     4     6     0     0     1     1     1     2     0     1   552     0
   777     2     5     0     1     3     5     7     1     0     1     1     1     3     1     0   627     1
   778     2     5     0     1     3     5     7     1     0     1     0     0     1     0     0   613     0
   779     2     6     2     3     5     7     1     0     0     1     0     1     2     1     0   567     0
   780     2     6     2     3     5     7     1     1     0     0     0     1     1     1     0   510     0
   781     1     3     1     6     8     2     4     0     1     1     1     0     3     1     1   557     1
   782     2     8     1     7     1     3     5     1     1     0     0     0     3     1     0   553     0
   783     1     4     1     8     2     4     6     0     0     1     0     1     3     1     1   503     0
   784     1     4     1     8     2     4     6     0     1     0     0     1     1     0     1   824     0
   785     2     7     0     5     7     1     3     0     0     1     0     0     3     0     1   576     0
   786     1     2     2     4     6     8     2     0     0     1     1     0     3     0     0   797     0
   787     2     8     1     7     1     3     5     0     1     1     1     1     3     0     1   456     0
   788     2     5     0     1     3     5     7     0     0     1     0     1     2     0     1   594     0
   789     1     4     1     8     2     4     6     0     1     1     0     1     3     0     1   494     0
   790     1     4     1     8     2     4     6     1     0     1     0     1     1     1     1   654     0
   791     1     3     1     6     8     2     4     1     1     1     1     1     2     0     1   531     0
   792     1     2     2     4     6     8     2     1     1     1     0     0     2     0     0   609     0
   793     2     6     2     3     5     7     1     1     1     1     1     1     3     0     0   470     0
   794     2     6     2     3     5     7     1     0     1     0     0     0     1     1     0   545     1
   795     1     3     1     6     8     2     4     1     1     0     1     0     3     1     0   617     0
   796     1     3     1     6     8     2     4     0     1     1     1     1     1     1     0   467     0
   797     1     4     1     8     2     4     6     1     0     1     0     1     2     1     1   796     0
   798     1     4     1     8     2     4     6     0     1     1     0     0     1     1     1   722     1
   799     2     7     0     5     7     1     3     0     0     0     1     0     3     0     1   525     0
   800     2     7     0     5     7     1     3     0     0     0     0     1     1     0     0   423     0
   801     1     2     2     4     6     8     2     0     1     1     1     1     3     0     1   456     0
   802     1     1     2     2     4     6     8     0     0     0     1     0     2     0     1   494     0
   803     1     2     2     4     6     8     2     0     1     1     0     1     2     0     1   390     0
   804     1     2     2     4     6     8     2     1     0     1     0     1     1     1     1   877     0
   805     2     7     0     5     7     1     3     0     0     0     1     0     3     1     0   534     0
   806     1     4     1     8     2     4     6     1     0     0     1     1     3     1     0   853     0
   807     2     6     2     3     5     7     1     1     1     0     1     1     3     0     1   804     0
   808     2     6     2     3     5     7     1     1     1     0     1     0     1     0     0   475     0
   809     1     1     2     2     4     6     8     1     1     1     0     0     3     0     0   557     0
   810     1     2     2     4     6     8     2     1     1     1     1     1     2     0     0   447     0
   811     2     6     2     3     5     7     1     0     1     1     1     0     3     1     0   548     0
   812     2     6     2     3     5     7     1     0     1     0     1     1     1     0     0   386     0
   813     1     1     2     2     4     6     8     0     0     1     1     0     3     0     1   478     0
   814     1     4     1     8     2     4     6     0     0     1     1     0     2     0     0   598     0
   815     1     1     2     2     4     6     8     1     1     1     1     1     2     1     1   595     0
   816     1     2     2     4     6     8     2     0     1     1     0     0     2     1     0   623     0
   817     1     2     2     4     6     8     2     0     1     0     1     0     1     0     0   524     0
   818     1     3     1     6     8     2     4     1     0     0     1     0     2     1     1   619     0
   819     2     7     0     5     7     1     3     0     0     0     0     0     3     1     0   494     0
   820     2     7     0     5     7     1     3     1     1     1     1     1     1     1     1   445     0
   821     1     4     1     8     2     4     6     0     1     0     0     0     3     1     0   664     0
   822     1     1     2     2     4     6     8     1     0     1     1     1     2     1     1   885     0
   823     1     2     2     4     6     8     2     1     1     0     1     0     2     0     1   536     1
   824     1     2     2     4     6     8     2     0     0     1     0     0     1     1     1   540     0
   825     2     7     0     5     7     1     3     0     0     1     0     1     3     0     0   596     0
   826     1     4     1     8     2     4     6     1     0     1     1     0     3     1     0   607     1
   827     1     2     2     4     6     8     2     1     0     0     1     1     2     0     0   585     0
   828     1     3     1     6     8     2     4     1     0     1     0     1     2     0     0   786     0
   829     1     2     2     4     6     8     2     0     1     1     0     1     2     1     1   396     0
   830     1     2     2     4     6     8     2     0     0     1     1     0     1     0     1   775     0
   831     1     1     2     2     4     6     8     1     0     1     0     1     2     1     0   633     0
   832     1     2     2     4     6     8     2     1     0     1     0     0     2     0     0   794     0
   833     1     1     2     2     4     6     8     1     0     1     1     0     2     0     0   525     1
   834     1     1     2     2     4     6     8     1     0     0     1     0     1     0     0   426     0
   835     1     4     1     8     2     4     6     1     0     1     0     1     2     0     0   584     0
   836     2     5     0     1     3     5     7     1     0     0     1     0     3     0     0   512     0
   837     2     7     0     5     7     1     3     0     0     1     0     0     2     1     0   508     0
   838     2     7     0     5     7     1     3     1     0     1     1     1     1     1     0   593     0
   839     1     4     1     8     2     4     6     0     0     1     0     0     3     1     0   557     0
   840     1     4     1     8     2     4     6     0     0     0     1     1     1     0     0   544     0
   841     1     2     2     4     6     8     2     1     1     0     0     0     2     1     1   538     0
   842     1     2     2     4     6     8     2     1     1     1     1     0     1     0     0   421     0
   843     2     7     0     5     7     1     3     0     1     1     0     1     3     1     0   480     0
   844     2     8     1     7     1     3     5     0     1     0     1     1     2     0     0   524     0
   845     1     4     1     8     2     4     6     0     1     1     0     0     3     0     0   557     0
   846     1     4     1     8     2     4     6     0     0     1     0     0     1     0     1   516     1
   847     2     8     1     7     1     3     5     0     0     0     0     1     3     0     0   353     0
   848     2     8     1     7     1     3     5     1     1     0     0     0     1     1     1   592     0
   849     2     5     0     1     3     5     7     0     1     1     0     1     2     1     0   555     0
   850     2     5     0     1     3     5     7     1     0     0     0     1     1     1     1   524     0
   851     1     2     2     4     6     8     2     1     1     1     1     0     3     0     1   647     1
   852     1     2     2     4     6     8     2     1     0     1     0     0     1     0     1   531     0
   853     1     1     2     2     4     6     8     1     0     0     1     0     2     0     0   530     0
   854     1     1     2     2     4     6     8     1     1     1     1     0     1     0     1   541     0
   855     1     2     2     4     6     8     2     0     0     1     1     0     2     1     1   612     0
   856     2     5     0     1     3     5     7     1     0     1     0     0     3     1     0   612     0
   857     2     8     1     7     1     3     5     1     1     1     1     0     2     0     1   477     0
   858     1     3     1     6     8     2     4     1     1     0     0     0     3     0     0   605     0
   859     2     7     0     5     7     1     3     1     0     1     1     1     3     0     1   443     0
   860     2     5     0     1     3     5     7     0     1     1     0     0     2     1     1   670     1
   861     2     6     2     3     5     7     1     0     0     0     1     0     2     0     1   561     0
   862     2     8     1     7     1     3     5     1     0     1     0     1     2     1     0   495     1
   863     1     4     1     8     2     4     6     1     0     1     1     0     3     0     0   613     0
   864     1     4     1     8     2     4     6     0     0     0     0     1     1     1     0   610     0
   865     2     7     0     5     7     1     3     0     1     0     0     0     3     0     1   760     0
   866     2     7     0     5     7     1     3     1     0     1     1     1     1     1     1   606     0
   867     1     2     2     4     6     8     2     1     1     1     1     0     3     0     1   505     0
   868     1     2     2     4     6     8     2     0     0     1     1     1     1     1     1   785     1
   869     2     6     2     3     5     7     1     1     0     0     0     1     3     1     0   568     0
   870     2     6     2     3     5     7     1     1     0     0     1     1     1     0     0   505     0
   871     2     6     2     3     5     7     1     0     0     1     1     0     1     1     0   494     0
   872     2     6     2     3     5     7     1     0     0     1     1     0     1     0     0   408     0
   873     2     7     0     5     7     1     3     0     1     1     1     0     2     0     1   687     0
   874     2     7     0     5     7     1     3     1     1     0     1     0     1     1     0   602     0
   875     2     5     0     1     3     5     7     0     1     1     0     0     2     1     0   572     0
   876     2     5     0     1     3     5     7     0     1     0     0     1     1     0     0   465     0
   877     2     7     0     5     7     1     3     0     0     1     1     1     2     0     1   636     0
   878     2     7     0     5     7     1     3     1     1     0     1     0     1     1     1   574     1
   879     2     5     0     1     3     5     7     1     1     1     0     1     2     0     0   656     0
   880     2     5     0     1     3     5     7     1     0     0     0     1     1     0     1   527     0
   881     1     4     1     8     2     4     6     0     1     1     1     0     3     1     1   821     0
   882     2     7     0     5     7     1     3     1     1     1     0     0     3     1     0   695     0
   883     1     1     2     2     4     6     8     0     0     0     1     0     3     1     1   471     0
   884     1     4     1     8     2     4     6     0     1     1     0     0     2     0     1   616     0
   885     1     2     2     4     6     8     2     0     0     1     1     0     2     0     1   512     0
   886     1     2     2     4     6     8     2     1     0     1     1     1     1     1     0   856     0
   887     1     2     2     4     6     8     2     0     1     1     1     0     1     1     1   601     0
   888     1     2     2     4     6     8     2     1     0     0     1     0     1     1     1   590     0
   889     1     4     1     8     2     4     6     0     0     1     1     1     2     1     0   719     0
   890     2     5     0     1     3     5     7     0     0     1     1     1     3     0     0   389     0
   891     1     4     1     8     2     4     6     1     0     0     1     0     3     1     0   562     0
   892     2     5     0     1     3     5     7     1     0     1     1     1     3     0     0   548     0
   893     2     6     2     3     5     7     1     1     1     0     0     1     2     0     1   512     0
   894     2     6     2     3     5     7     1     0     1     0     0     0     1     1     0   594     0
   895     2     5     0     1     3     5     7     1     0     1     1     1     2     1     1   440     1
   896     2     7     0     5     7     1     3     1     1     0     0     0     2     0     1   833     0
