     1     1     3     1     6     8     2     4     0     1     0     1     1     0     1     0   586     0
     2     1     2     2     4     6     8     2     0     1     1     1     1     2     0     0   433     0
     3     2     5     0     1     3     5     7     0     1     1     1     0     3     0     0   451     0
     4     1     4     1     8     2     4     6     0     0     0     0     1     3     0     1   917     0
     5     2     7     0     5     7     1     3     0     1     0     0     1     3     0     1   581     1
     6     2     6     2     3     5     7     1     0     1     0     1     0     2     0     0   616     0
     7     1     4     1     8     2     4     6     1     1     0     1     1     3     1     0   789     0
     8     1     3     1     6     8     2     4     0     1     1     0     0     2     1     0   576     1
     9     2     6     2     3     5     7     1     0     0     1     1     0     3     0     1   831     1
    10     2     7     0     5     7     1     3     1     0     1     0     1     2     1     0  1500     2
    11     1     1     2     2     4     6     8     0     0     1     1     0     3     1     0   854     0
    12     1     2     2     4     6     8     2     0     1     1     0     1     2     0     1   648     0
    13     1     1     2     2     4     6     8     1     0     0     0     0     2     1     1   777     1
    14     1     1     2     2     4     6     8     1     1     0     0     0     1     0     1   941     0
    15     1     3     1     6     8     2     4     1     1     1     1     0     2     0     0   783     0
    16     1     4     1     8     2     4     6     1     1     1     0     1     2     0     0   708     0
    17     1     2     2     4     6     8     2     1     0     1     0     0     2     0     1   679     0
    18     1     2     2     4     6     8     2     1     1     1     1     1     1     0     1   606     0
    19     2     5     0     1     3     5     7     0     0     0     1     1     3     1     1   551     0
    20     2     8     1     7     1     3     5     1     0     0     0     0     2     1     0   538     0
    21     2     6     2     3     5     7     1     0     1     0     1     0     2     1     1   522     0
    22     2     6     2     3     5     7     1     1     0     0     1     0     1     1     1   717     0
    23     2     7     0     5     7     1     3     0     1     0     1     1     2     1     1   767     0
    24     2     7     0     5     7     1     3     0     0     1     0     0     1     0     1   584     1
    25     1     2     2     4     6     8     2     0     1     0     0     1     3     0     1   618     0
    26     1     2     2     4     6     8     2     0     0     0     1     0     1     0     1   411     0
    27     2     6     2     3     5     7     1     1     0     0     1     1     3     1     0   537     1
    28     2     5     0     1     3     5     7     1     0     0     1     0     2     0     0   627     0
    29     1     3     1     6     8     2     4     0     1     0     1     1     3     1     1  1008     0
    30     1     3     1     6     8     2     4     0     0     1     0     0     1     0     1   587     0
    31     1     2     2     4     6     8     2     1     1     0     1     0     2     1     1   652     0
    32     1     1     2     2     4     6     8     1     1     1     1     1     2     0     0   761     0
    33     1     4     1     8     2     4     6     1     1     0     1     1     2     0     0   714     0
    34     1     4     1     8     2     4     6     0     0     1     0     0     1     1     1   553     0
    35     1     3     1     6     8     2     4     1     0     1     0     0     2     1     0   634     0
    36     1     3     1     6     8     2     4     0     0     0     1     0     1     1     0   619     0
    37     2     5     0     1     3     5     7     1     1     0     0     1     3     1     1   579     0
    38     2     5     0     1     3     5     7     1     0     0     1     0     1     0     1   502     1
    39     1     1     2     2     4     6     8     0     0     1     1     1     3     1     0   489     0
    40     1     4     1     8     2     4     6     0     0     0     1     1     2     0     0   495     0
    41     2     6     2     3     5     7     1     1     0     0     0     0     3     1     0   466     0
    42     2     6     2     3     5     7     1     1     1     0     1     1     1     0     1   503     0
    43     1     1     2     2     4     6     8     1     1     1     0     1     3     0     0   507     0
    44     1     1     2     2     4     6     8     1     0     0     0     0     1     0     1   526     0
    45     2     7     0     5     7     1     3     0     1     0     1     0     3     1     1   649     1
    46     2     7     0     5     7     1     3     1     0     1     0     0     1     1     1   638     0
    47     2     5     0     1     3     5     7     0     1     0     0     0     2     1     1   663     0
    48     2     6     2     3     5     7     1     1     0     0     1     1     2     1     1   636     0
    49     1     2     2     4     6     8     2     1     1     1     0     1     3     0     1   498     0
    50     1     2     2     4     6     8     2     1     0     1     1     1     1     0     1   661     0
    51     2     5     0     1     3     5     7     0     0     1     0     1     3     1     0   746     0
    52     2     5     0     1     3     5     7     0     0     0     1     1     1     0     0   445     0
    53     1     1     2     2     4     6     8     0     1     1     1     0     3     0     1   503     0
    54     1     2     2     4     6     8     2     0     1     0     1     0     2     0     0   514     0
    55     2     6     2     3     5     7     1     1     0     0     0     0     3     1     1   582     1
    56     2     6     2     3     5     7     1     0     0     0     1     1     1     1     0   381     0
    57     2     5     0     1     3     5     7     1     0     0     0     1     2     1     0   673     0
    58     1     4     1     8     2     4     6     0     1     1     1     0     3     1     1   680     1
    59     1     2     2     4     6     8     2     0     1     1     1     0     2     0     0   501     0
    60     1     2     2     4     6     8     2     0     0     1     1     1     1     0     1   575     0
    61     2     5     0     1     3     5     7     1     0     0     1     1     3     1     0   680     0
    62     2     5     0     1     3     5     7     1     0     0     1     0     1     0     0   507     0
    63     1     4     1     8     2     4     6     1     0     1     1     0     3     0     0   549     0
    64     1     1     2     2     4     6     8     0     0     0     0     0     2     1     0   513     0
    65     2     8     1     7     1     3     5     1     1     1     1     0     3     1     1   468     0
    66     2     8     1     7     1     3     5     0     0     1     1     1     1     1     1   682     0
    67     1     4     1     8     2     4     6     0     0     0     1     0     3     0     0   504     0
    68     1     4     1     8     2     4     6     0     0     1     1     1     1     0     0   552     1
    69     2     6     2     3     5     7     1     1     0     0     0     0     3     1     0   531     0
    70     2     6     2     3     5     7     1     0     1     1     1     0     1     1     1   642     0
    71     1     1     2     2     4     6     8     0     0     0     1     1     3     0     1   511     0
    72     1     3     1     6     8     2     4     0     0     0     1     0     2     0     0   526     0
    73     1     3     1     6     8     2     4     1     1     1     0     1     1     1     1   757     1
    74     1     3     1     6     8     2     4     0     1     1     0     1     1     1     0   675     0
    75     2     6     2     3     5     7     1     0     1     1     1     1     3     0     0   597     0
    76     2     5     0     1     3     5     7     1     1     1     1     0     2     1     0   918     0
    77     1     2     2     4     6     8     2     1     0     1     0     1     3     0     1   833     0
    78     1     3     1     6     8     2     4     1     0     1     1     1     2     0     0   537     0
    79     2     8     1     7     1     3     5     0     1     1     1     0     3     1     1   690     0
    80     1     3     1     6     8     2     4     0     0     0     0     1     3     0     1   772     0
    81     1     1     2     2     4     6     8     0     0     1     0     0     2     0     0   600     0
    82     1     1     2     2     4     6     8     1     1     0     1     0     1     1     1   740     0
    83     2     6     2     3     5     7     1     0     1     1     0     1     3     1     0   539     0
    84     2     6     2     3     5     7     1     1     1     1     0     0     1     1     0   509     0
    85     1     1     2     2     4     6     8     0     1     0     0     1     3     1     0   559     0
    86     1     1     2     2     4     6     8     1     1     1     1     0     1     1     0   627     0
    87     1     2     2     4     6     8     2     1     1     1     1     1     2     0     0   533     0
    88     1     2     2     4     6     8     2     0     1     0     0     0     1     1     0   649     1
    89     2     6     2     3     5     7     1     1     1     0     1     0     3     1     0   513     0
    90     2     6     2     3     5     7     1     1     1     1     1     1     1     0     0   419     0
    91     1     3     1     6     8     2     4     1     1     0     0     0     3     0     0   660     0
    92     1     3     1     6     8     2     4     0     1     0     0     0     1     1     0   678     0
    93     2     5     0     1     3     5     7     1     1     1     0     0     3     1     0   581     0
    94     2     5     0     1     3     5     7     1     1     1     1     0     1     0     0   325     0
    95     1     2     2     4     6     8     2     0     1     0     1     1     3     1     0   508     0
    96     1     4     1     8     2     4     6     1     1     0     1     0     2     1     0   599     0
    97     2     8     1     7     1     3     5     1     0     1     1     0     3     0     1   407     1
    98     2     8     1     7     1     3     5     0     1     1     0     0     1     1     1   542     0
    99     1     1     2     2     4     6     8     1     1     0     0     0     3     1     0   537     0
   100     1     1     2     2     4     6     8     0     0     1     1     1     1     1     1   544     1
   101     1     2     2     4     6     8     2     0     1     0     0     0     2     0     1   492     0
   102     1     2     2     4     6     8     2     1     1     1     1     1     1     1     0   402     0
   103     2     7     0     5     7     1     3     1     1     0     1     0     3     0     0   670     0
   104     2     7     0     5     7     1     3     1     1     1     1     1     1     0     0   472     0
   105     2     6     2     3     5     7     1     1     0     0     0     1     2     0     1   683     0
   106     2     8     1     7     1     3     5     1     1     1     0     0     2     0     1   632     0
   107     2     8     1     7     1     3     5     1     0     1     0     1     1     0     1   533     1
   108     2     8     1     7     1     3     5     0     0     0     0     0     1     1     0   715     0
   109     2     6     2     3     5     7     1     0     0     1     1     1     2     0     0   578     0
   110     2     7     0     5     7     1     3     0     0     0     0     1     2     0     0   654     0
   111     1     3     1     6     8     2     4     1     1     0     0     1     3     1     1   954     0
   112     1     3     1     6     8     2     4     0     1     0     0     0     1     1     0   473     0
   113     2     7     0     5     7     1     3     0     0     0     0     1     3     0     1   599     0
   114     2     7     0     5     7     1     3     1     1     1     0     0     1     1     1   576     0
   115     1     1     2     2     4     6     8     0     1     1     1     1     3     1     0   609     1
   116     1     2     2     4     6     8     2     0     1     1     1     0     2     0     0   549     0
   117     1     3     1     6     8     2     4     0     1     0     0     0     2     0     0   580     0
   118     1     3     1     6     8     2     4     0     1     0     0     0     1     0     0   573     1
   119     2     6     2     3     5     7     1     1     0     1     1     0     3     1     1   844     0
   120     2     7     0     5     7     1     3     1     1     0     1     0     2     0     1   661     0
   121     2     6     2     3     5     7     1     0     0     1     0     0     2     1     1   708     0
   122     2     8     1     7     1     3     5     1     1     1     1     1     2     1     1   485     0
   123     1     2     2     4     6     8     2     0     1     1     0     0     3     1     0   551     0
   124     1     2     2     4     6     8     2     0     1     1     1     1     1     0     0   394     0
   125     2     6     2     3     5     7     1     0     1     0     1     0     3     0     0   543     0
   126     2     6     2     3     5     7     1     0     0     0     0     1     1     0     1   539     0
   127     1     3     1     6     8     2     4     1     0     1     0     0     3     1     0   638     0
   128     2     6     2     3     5     7     1     1     1     0     1     1     3     0     1   511     0
   129     1     3     1     6     8     2     4     1     0     1     1     0     3     0     1   634     0
   130     2     8     1     7     1     3     5     0     0     0     0     1     3     1     0   580     0
   131     1     3     1     6     8     2     4     1     1     0     1     0     3     1     1   499     0
   132     1     3     1     6     8     2     4     0     0     1     0     0     1     1     1   670     0
   133     2     7     0     5     7     1     3     1     1     1     1     0     3     1     1   857     0
   134     2     7     0     5     7     1     3     0     1     1     1     0     1     1     0   475     0
   135     1     2     2     4     6     8     2     1     0     0     0     1     3     1     1   553     0
   136     1     2     2     4     6     8     2     1     0     1     0     0     1     0     0   368     0
   137     1     3     1     6     8     2     4     1     0     0     0     0     2     0     0   472     0
   138     1     3     1     6     8     2     4     1     1     0     0     0     1     0     1   629     0
   139     1     1     2     2     4     6     8     1     0     1     1     1     2     0     1   563     0
   140     1     1     2     2     4     6     8     0     1     1     0     0     1     1     1   751     0
   141     2     7     0     5     7     1     3     1     0     0     1     0     3     1     1   734     0
   142     2     7     0     5     7     1     3     1     1     1     0     0     1     0     1   741     0
   143     1     3     1     6     8     2     4     0     1     1     0     0     3     1     0   801     0
   144     1     4     1     8     2     4     6     0     1     1     0     1     2     0     0   529     0
   145     1     4     1     8     2     4     6     1     0     1     0     1     1     1     1   528     0
   146     1     2     2     4     6     8     2     1     1     0     1     1     2     0     1   539     0
   147     1     2     2     4     6     8     2     1     0     1     1     0     1     0     1   555     0
   148     1     2     2     4     6     8     2     1     1     0     1     1     1     0     1   494     0
   149     2     8     1     7     1     3     5     1     1     0     0     1     3     0     0   573     1
   150     2     8     1     7     1     3     5     0     1     1     0     1     1     1     0   441     0
   151     2     8     1     7     1     3     5     0     0     0     1     0     1     0     1   513     0
   152     2     8     1     7     1     3     5     0     1     1     1     1     1     0     1   444     0
   153     2     5     0     1     3     5     7     0     0     0     1     1     2     0     1   429     0
   154     1     2     2     4     6     8     2     1     0     0     0     0     3     1     0   611     0
   155     1     1     2     2     4     6     8     1     1     0     0     0     2     0     1   579     0
   156     1     2     2     4     6     8     2     1     0     1     1     1     2     0     1   540     1
   157     1     3     1     6     8     2     4     0     0     1     0     1     2     1     0   708     0
   158     1     3     1     6     8     2     4     0     0     1     0     1     1     0     0   526     0
   159     2     6     2     3     5     7     1     1     1     0     0     1     3     1     1   840     0
   160     2     6     2     3     5     7     1     0     0     0     1     1     1     1     1   546     1
   161     2     5     0     1     3     5     7     0     1     0     0     0     2     0     1   720     0
   162     2     5     0     1     3     5     7     1     1     1     1     1     1     1     0   610     0
   163     1     3     1     6     8     2     4     1     0     0     1     1     3     0     1   570     0
   164     1     3     1     6     8     2     4     1     1     1     0     0     1     0     1   617     0
   165     2     7     0     5     7     1     3     0     0     0     1     0     3     1     1   603     1
   166     2     7     0     5     7     1     3     0     0     1     0     0     1     0     0   446     0
   167     2     7     0     5     7     1     3     1     1     0     1     1     1     1     1   761     0
   168     2     7     0     5     7     1     3     0     0     1     1     1     1     1     1   564     0
   169     1     2     2     4     6     8     2     0     0     1     0     1     3     0     0   404     0
   170     1     3     1     6     8     2     4     0     0     0     0     0     2     0     0   456     0
   171     2     8     1     7     1     3     5     0     0     1     0     0     3     0     0   553     0
   172     2     7     0     5     7     1     3     0     1     1     0     1     2     0     1   533     0
   173     1     4     1     8     2     4     6     0     1     0     0     1     3     0     0   724     0
   174     1     4     1     8     2     4     6     0     0     1     1     1     1     0     1   478     0
   175     1     1     2     2     4     6     8     1     1     0     1     0     2     1     1   504     1
   176     1     1     2     2     4     6     8     1     0     1     0     1     1     0     1   491     0
   177     2     8     1     7     1     3     5     1     0     1     1     0     3     0     0   629     0
   178     2     5     0     1     3     5     7     1     0     1     0     1     2     0     0   683     0
   179     2     6     2     3     5     7     1     1     1     1     1     1     2     0     1   622     0
   180     2     6     2     3     5     7     1     1     1     1     0     1     1     0     0   376     0
   181     1     1     2     2     4     6     8     1     1     0     0     1     3     0     0   592     0
   182     1     4     1     8     2     4     6     0     1     0     0     0     2     1     0   597     1
   183     1     3     1     6     8     2     4     1     1     0     1     0     2     1     0   601     0
   184     1     2     2     4     6     8     2     1     0     0     1     1     2     0     1   437     0
   185     2     5     0     1     3     5     7     0     0     1     1     0     3     1     0   642     0
   186     1     2     2     4     6     8     2     0     1     0     0     0     3     0     1   611     0
   187     2     6     2     3     5     7     1     1     1     1     1     0     3     1     0   460     0
   188     2     6     2     3     5     7     1     1     0     1     0     0     1     0     1   505     1
   189     1     2     2     4     6     8     2     1     0     1     1     0     3     0     0   526     0
   190     1     1     2     2     4     6     8     1     1     0     1     0     2     0     1   606     0
   191     1     4     1     8     2     4     6     1     0     1     0     0     2     0     1   510     0
   192     2     5     0     1     3     5     7     0     0     0     0     0     3     1     0   481     0
   193     1     2     2     4     6     8     2     1     1     1     0     0     3     1     1   747     0
   194     1     3     1     6     8     2     4     1     1     0     1     1     2     0     0   598     0
   195     2     5     0     1     3     5     7     1     0     0     1     1     3     0     1   447     0
   196     2     5     0     1     3     5     7     1     0     1     0     0     1     0     0   417     0
   197     1     1     2     2     4     6     8     0     1     0     0     1     3     1     1   806     0
   198     1     2     2     4     6     8     2     0     0     1     0     1     2     0     1   562     1
   199     1     3     1     6     8     2     4     1     0     0     1     0     2     1     0   598     0
   200     1     3     1     6     8     2     4     1     1     0     0     0     1     0     1   610     0
   201     2     5     0     1     3     5     7     0     0     0     0     1     3     1     1   466     0
   202     2     5     0     1     3     5     7     1     1     0     0     0     1     1     1   836     0
   203     1     2     2     4     6     8     2     1     1     1     1     1     3     0     0   634     0
   204     1     2     2     4     6     8     2     0     1     1     1     0     1     1     0   395     0
   205     1     1     2     2     4     6     8     1     1     0     0     0     2     1     0   699     0
   206     2     8     1     7     1     3     5     1     0     0     1     1     3     0     1   526     1
   207     1     1     2     2     4     6     8     0     1     1     0     1     3     1     1   616     0
   208     1     1     2     2     4     6     8     0     0     1     1     0     1     0     1   428     0
   209     1     1     2     2     4     6     8     1     0     0     1     1     1     1     0   870     0
   210     1     1     2     2     4     6     8     1     1     1     1     0     1     0     1   808     0
   211     1     3     1     6     8     2     4     1     0     1     1     1     2     0     1   704     0
   212     2     8     1     7     1     3     5     1     0     1     1     1     3     0     0   463     0
   213     1     3     1     6     8     2     4     1     0     1     0     1     3     0     0   557     0
   214     2     8     1     7     1     3     5     0     0     1     1     1     3     1     0   588     1
   215     2     5     0     1     3     5     7     1     0     1     1     0     2     1     0   900     0
   216     2     5     0     1     3     5     7     0     0     1     0     1     1     1     0   467     0
   217     2     7     0     5     7     1     3     0     0     0     0     1     2     0     0   585     0
   218     2     7     0     5     7     1     3     0     0     1     1     1     1     0     0   378     0
   219     2     8     1     7     1     3     5     0     1     0     1     0     2     0     1   579     0
   220     2     6     2     3     5     7     1     0     0     1     1     0     2     0     1   611     0
   221     1     3     1     6     8     2     4     0     0     1     1     1     3     0     0   667     0
   222     1     2     2     4     6     8     2     1     0     0     1     1     2     1     0   449     0
   223     2     8     1     7     1     3     5     1     1     1     0     0     3     0     1   682     0
   224     2     8     1     7     1     3     5     0     1     0     1     1     1     1     0   509     0
   225     2     5     0     1     3     5     7     0     0     1     1     0     2     0     1   445     0
   226     2     5     0     1     3     5     7     0     1     1     0     0     1     0     1   480     0
   227     2     6     2     3     5     7     1     1     1     0     0     1     2     1     0   502     0
   228     2     6     2     3     5     7     1     0     1     0     0     0     1     1     0   597     0
   229     2     5     0     1     3     5     7     1     1     0     0     1     2     1     0   674     0
   230     1     2     2     4     6     8     2     1     0     1     0     1     3     0     1   716     0
   231     1     1     2     2     4     6     8     0     0     1     0     1     2     1     0   582     0
   232     2     6     2     3     5     7     1     1     0     0     0     0     3     1     0   522     0
   233     1     4     1     8     2     4     6     0     0     0     1     0     3     1     0   558     0
   234     1     4     1     8     2     4     6     1     1     1     0     1     1     1     1   878     0
   235     2     6     2     3     5     7     1     1     1     0     0     1     3     0     0   524     0
   236     2     6     2     3     5     7     1     0     1     0     0     0     1     1     0   479     0
   237     1     1     2     2     4     6     8     0     0     1     0     1     3     0     1   457     0
   238     1     1     2     2     4     6     8     1     1     0     1     1     1     1     1   918     0
   239     1     1     2     2     4     6     8     1     0     0     0     0     1     0     1   976     0
   240     1     1     2     2     4     6     8     1     1     0     0     0     1     0     1   745     0
   241     2     7     0     5     7     1     3     1     1     1     0     1     3     0     0   712     0
   242     2     7     0     5     7     1     3     1     0     1     1     0     1     0     1   567     0
   243     2     8     1     7     1     3     5     0     1     1     1     1     2     1     1   591     0
   244     2     6     2     3     5     7     1     0     0     1     1     1     2     0     1   471     0
   245     1     3     1     6     8     2     4     0     1     0     1     1     3     0     1   457     0
   246     1     3     1     6     8     2     4     1     1     1     1     1     1     1     0   496     0
   247     1     4     1     8     2     4     6     0     1     0     0     0     2     1     0   899     1
   248     1     4     1     8     2     4     6     1     0     0     1     0     1     1     1   656     0
   249     1     3     1     6     8     2     4     0     1     0     0     1     2     1     1   718     0
   250     1     3     1     6     8     2     4     0     0     1     0     1     1     0     1   492     1
   251     1     1     2     2     4     6     8     1     0     0     1     1     2     1     0   768     0
   252     1     1     2     2     4     6     8     1     0     0     1     0     1     0     0   453     0
   253     1     3     1     6     8     2     4     1     1     0     0     0     2     0     1   515     0
   254     1     3     1     6     8     2     4     0     0     0     0     1     1     1     1   762     0
   255     2     7     0     5     7     1     3     0     1     0     1     0     3     0     1   529     0
   256     2     5     0     1     3     5     7     0     1     0     1     1     2     0     0   525     0
   257     2     8     1     7     1     3     5     0     0     1     0     0     2     0     1   452     0
   258     2     7     0     5     7     1     3     1     0     1     0     0     2     1     0   678     0
   259     1     4     1     8     2     4     6     0     1     0     0     1     3     1     1   568     0
   260     1     1     2     2     4     6     8     1     1     1     1     0     2     1     0   727     0
   261     2     6     2     3     5     7     1     1     0     1     0     0     3     0     1   562     0
   262     1     1     2     2     4     6     8     1     0     0     1     1     3     0     0   557     0
   263     2     7     0     5     7     1     3     1     1     1     0     1     3     0     1   489     0
   264     2     8     1     7     1     3     5     0     1     0     1     0     2     1     0   711     0
   265     2     8     1     7     1     3     5     0     1     0     0     1     1     0     0   491     0
   266     2     8     1     7     1     3     5     0     1     1     0     0     1     0     0   488     1
   267     2     5     0     1     3     5     7     1     0     0     0     1     2     1     1   619     0
   268     2     5     0     1     3     5     7     1     0     1     0     1     1     0     0   600     0
   269     1     3     1     6     8     2     4     0     1     0     0     0     3     1     1   565     0
   270     1     3     1     6     8     2     4     1     0     0     0     1     1     1     1   860     0
   271     2     7     0     5     7     1     3     0     1     0     1     1     3     1     1   502     0
   272     2     7     0     5     7     1     3     0     1     0     0     1     1     0     0   369     0
   273     2     5     0     1     3     5     7     1     0     1     1     0     2     1     1   606     0
   274     2     6     2     3     5     7     1     1     0     1     1     1     2     0     0   523     0
   275     2     6     2     3     5     7     1     1     1     1     1     0     1     0     1   518     0
   276     2     5     0     1     3     5     7     0     0     1     0     1     2     1     1   582     1
   277     1     1     2     2     4     6     8     1     1     0     1     1     3     1     1   893     0
   278     1     4     1     8     2     4     6     0     0     0     1     0     2     1     1   439     0
   279     1     2     2     4     6     8     2     0     0     1     1     1     2     0     0   385     0
   280     1     2     2     4     6     8     2     1     0     1     1     0     1     1     0   469     0
   281     2     6     2     3     5     7     1     0     0     1     0     0     3     1     0   534     0
   282     2     6     2     3     5     7     1     1     0     1     1     1     1     1     0   505     0
   283     2     8     1     7     1     3     5     0     0     1     0     1     2     1     0   551     0
   284     2     6     2     3     5     7     1     0     0     1     1     0     2     0     0   407     0
   285     2     6     2     3     5     7     1     0     0     1     0     1     1     0     0   336     0
   286     2     7     0     5     7     1     3     1     0     0     1     1     2     1     0   648     0
   287     2     8     1     7     1     3     5     1     1     0     0     0     2     0     1   421     1
   288     1     3     1     6     8     2     4     0     1     0     1     0     3     1     0   497     1
   289     1     3     1     6     8     2     4     1     1     0     1     0     1     1     0   714     0
   290     1     3     1     6     8     2     4     0     1     0     0     1     1     1     0   521     0
   291     1     1     2     2     4     6     8     0     0     0     1     0     2     0     1   559     0
   292     2     6     2     3     5     7     1     1     0     0     1     0     3     1     0   507     0
   293     1     4     1     8     2     4     6     0     0     0     1     0     3     1     0   542     0
   294     1     1     2     2     4     6     8     0     0     1     0     0     2     0     0   566     0
   295     2     5     0     1     3     5     7     1     0     1     1     1     3     1     0   570     1
   296     2     5     0     1     3     5     7     0     0     1     0     0     1     1     0   613     0
   297     1     2     2     4     6     8     2     1     0     1     1     0     3     1     0   649     0
   298     1     2     2     4     6     8     2     1     1     0     1     1     1     0     1   502     0
   299     1     2     2     4     6     8     2     0     1     0     0     0     1     1     0   553     1
   300     1     2     2     4     6     8     2     1     0     0     1     1     1     1     1   777     0
   301     1     3     1     6     8     2     4     1     1     1     0     1     2     0     1   705     0
   302     1     4     1     8     2     4     6     0     1     0     0     0     2     1     0   608     1
   303     2     7     0     5     7     1     3     0     1     1     0     0     3     0     0   539     0
   304     2     7     0     5     7     1     3     0     1     0     0     0     1     0     0   481     0
   305     2     7     0     5     7     1     3     1     0     1     1     1     1     1     1   641     1
   306     2     6     2     3     5     7     1     1     1     1     1     0     2     0     1   562     0
   307     1     4     1     8     2     4     6     1     0     1     0     1     3     0     1   598     0
   308     1     4     1     8     2     4     6     1     0     1     0     0     1     0     0   486     0
   309     1     3     1     6     8     2     4     1     0     0     1     0     2     0     0   540     0
   310     1     3     1     6     8     2     4     1     1     0     0     1     1     0     1   664     0
   311     1     4     1     8     2     4     6     1     0     1     1     1     2     0     1   735     0
   312     1     4     1     8     2     4     6     0     0     0     1     1     1     1     0   910     0
   313     1     3     1     6     8     2     4     0     1     0     0     1     2     0     1   523     0
   314     1     1     2     2     4     6     8     1     1     1     1     0     2     1     0   767     0
   315     2     5     0     1     3     5     7     1     1     1     0     1     3     0     0   555     0
   316     2     8     1     7     1     3     5     1     0     0     0     0     2     0     1   511     0
   317     2     6     2     3     5     7     1     0     1     0     1     1     2     1     1   493     0
   318     2     6     2     3     5     7     1     1     1     0     0     1     1     1     0   561     0
   319     1     3     1     6     8     2     4     1     1     0     1     0     3     0     0   496     1
   320     1     3     1     6     8     2     4     1     0     1     1     0     1     0     1   819     0
   321     2     6     2     3     5     7     1     1     1     0     1     1     3     0     1   539     0
   322     1     1     2     2     4     6     8     0     1     0     0     1     3     1     0   766     0
   323     1     2     2     4     6     8     2     0     0     0     0     1     2     0     1   549     0
   324     1     1     2     2     4     6     8     1     0     0     1     1     2     1     0   805     0
   325     1     4     1     8     2     4     6     0     0     1     1     0     2     1     0   613     0
   326     1     4     1     8     2     4     6     0     1     0     0     0     1     0     1   746     0
   327     1     4     1     8     2     4     6     1     1     1     1     0     1     1     0   542     0
   328     2     7     0     5     7     1     3     0     1     1     1     0     3     1     0   845     0
   329     1     2     2     4     6     8     2     0     0     1     0     1     3     0     1   591     0
   330     2     5     0     1     3     5     7     0     0     0     1     1     3     0     0   556     0
   331     2     8     1     7     1     3     5     0     0     1     1     1     2     0     0   627     0
   332     2     5     0     1     3     5     7     1     1     1     0     0     2     1     1   615     0
   333     2     7     0     5     7     1     3     0     0     1     1     1     2     1     1   544     0
   334     2     7     0     5     7     1     3     0     0     0     0     1     1     0     0   431     0
   335     2     6     2     3     5     7     1     1     0     1     0     0     2     1     0   806     0
   336     2     6     2     3     5     7     1     1     1     1     1     1     1     0     1   517     0
   337     2     7     0     5     7     1     3     1     1     0     0     0     2     0     0   861     0
   338     2     8     1     7     1     3     5     1     1     1     0     0     2     0     0   526     0
   339     2     7     0     5     7     1     3     1     0     1     0     0     2     0     1   741     0
   340     2     6     2     3     5     7     1     0     0     0     0     0     2     1     0   509     0
   341     1     1     2     2     4     6     8     0     0     1     1     1     3     0     0   511     0
   342     1     1     2     2     4     6     8     0     1     0     1     1     1     0     1   531     0
   343     1     2     2     4     6     8     2     0     1     1     1     1     2     0     0   694     0
   344     1     3     1     6     8     2     4     0     0     1     1     1     2     0     1   436     0
   345     1     4     1     8     2     4     6     0     1     0     0     0     2     0     1   790     0
   346     1     4     1     8     2     4     6     0     0     1     0     1     1     0     1   659     0
   347     1     4     1     8     2     4     6     1     0     0     1     1     1     1     0  1016     0
   348     2     5     0     1     3     5     7     1     0     0     1     1     3     0     0   576     0
   349     2     5     0     1     3     5     7     1     0     0     0     0     1     0     0   404     0
   350     2     6     2     3     5     7     1     1     1     0     1     1     2     0     1   585     0
   351     2     7     0     5     7     1     3     1     1     0     1     1     2     0     0   484     0
   352     2     7     0     5     7     1     3     0     0     0     0     1     1     1     1   771     0
   353     2     8     1     7     1     3     5     1     0     0     0     1     2     1     0   515     0
   354     1     3     1     6     8     2     4     0     1     0     1     0     3     1     1   678     0
   355     1     2     2     4     6     8     2     0     1     0     0     1     2     0     0   589     0
   356     1     2     2     4     6     8     2     1     1     1     0     0     1     1     0   637     0
   357     2     7     0     5     7     1     3     0     1     1     0     0     3     1     0   594     0
   358     1     2     2     4     6     8     2     1     0     1     1     0     3     1     1   674     0
   359     2     6     2     3     5     7     1     1     0     0     0     0     3     0     0   420     0
   360     2     6     2     3     5     7     1     0     0     1     1     1     1     1     0   497     0
   361     1     4     1     8     2     4     6     1     1     1     1     0     3     1     1   756     0
   362     1     4     1     8     2     4     6     0     0     0     1     1     1     1     1   504     0
   363     1     1     2     2     4     6     8     0     1     1     1     1     2     0     1   527     0
   364     1     1     2     2     4     6     8     1     1     1     1     0     1     1     0   623     0
   365     1     4     1     8     2     4     6     0     1     1     1     0     2     1     0   472     0
   366     1     1     2     2     4     6     8     1     0     1     0     0     2     1     1   426     0
   367     2     8     1     7     1     3     5     0     1     0     1     0     3     1     1   635     0
   368     2     5     0     1     3     5     7     1     1     1     0     0     2     1     0   572     0
   369     2     8     1     7     1     3     5     0     0     1     0     0     2     1     1   459     0
   370     2     8     1     7     1     3     5     0     1     1     0     1     1     0     1   486     1
   371     2     8     1     7     1     3     5     0     0     1     0     0     1     0     1   652     0
   372     2     8     1     7     1     3     5     1     0     1     0     1     1     1     0   657     0
   373     1     2     2     4     6     8     2     1     0     0     1     0     3     0     0   639     0
   374     1     2     2     4     6     8     2     0     0     0     1     0     1     1     0   698     0
   375     2     7     0     5     7     1     3     1     0     1     1     0     3     1     0   764     0
   376     2     7     0     5     7     1     3     0     0     0     0     0     1     1     0   436     0
   377     1     1     2     2     4     6     8     0     1     0     0     0     3     0     1   610     0
   378     1     1     2     2     4     6     8     1     0     0     1     0     1     1     1   531     0
   379     1     4     1     8     2     4     6     1     0     0     0     0     2     0     0   475     0
   380     1     4     1     8     2     4     6     0     0     0     1     1     1     1     0   581     0
   381     2     7     0     5     7     1     3     1     1     1     0     0     3     1     1   841     0
   382     1     4     1     8     2     4     6     1     1     1     0     1     3     0     0   727     0
   383     1     4     1     8     2     4     6     0     0     0     1     1     1     1     1   470     0
   384     1     1     2     2     4     6     8     0     0     0     1     0     2     0     0   408     0
   385     2     5     0     1     3     5     7     1     1     1     0     1     3     1     1   597     0
   386     2     5     0     1     3     5     7     0     1     0     0     0     1     1     0   509     0
   387     2     8     1     7     1     3     5     0     0     1     0     1     2     0     1   611     0
   388     2     8     1     7     1     3     5     1     1     0     1     1     1     1     1   516     0
   389     2     6     2     3     5     7     1     1     0     1     0     1     2     0     1   534     1
   390     2     6     2     3     5     7     1     1     1     0     0     1     1     0     1   438     0
   391     1     4     1     8     2     4     6     0     0     0     1     0     3     1     1   446     0
   392     1     1     2     2     4     6     8     0     1     0     1     1     2     0     1   540     0
   393     1     4     1     8     2     4     6     1     1     1     1     1     2     1     0   566     0
   394     1     4     1     8     2     4     6     0     1     0     1     1     1     1     0   515     1
   395     1     2     2     4     6     8     2     1     0     0     0     1     2     1     1   797     0
   396     1     3     1     6     8     2     4     1     0     1     0     1     2     0     0   638     0
   397     1     2     2     4     6     8     2     1     1     0     1     1     2     0     1   535     0
   398     1     2     2     4     6     8     2     1     0     1     0     0     1     0     1   475     0
   399     2     7     0     5     7     1     3     0     0     0     0     0     3     1     0   589     0
   400     2     7     0     5     7     1     3     1     0     0     0     0     1     1     0   418     0
   401     2     7     0     5     7     1     3     1     0     1     0     1     1     0     0   362     0
   402     2     8     1     7     1     3     5     1     0     1     1     0     2     0     0   433     0
   403     1     3     1     6     8     2     4     0     0     0     1     1     3     1     0   683     0
   404     2     6     2     3     5     7     1     0     0     0     1     0     3     0     0   446     0
   405     2     5     0     1     3     5     7     1     1     0     0     0     2     1     1   720     0
   406     2     5     0     1     3     5     7     0     1     1     0     1     1     1     0   703     0
   407     2     5     0     1     3     5     7     0     1     1     1     1     1     0     0   333     0
   408     2     5     0     1     3     5     7     1     0     1     0     1     1     1     1   513     1
   409     1     2     2     4     6     8     2     1     1     1     1     1     3     0     1   782     0
   410     1     1     2     2     4     6     8     1     0     0     0     1     2     0     1   430     0
   411     2     5     0     1     3     5     7     1     1     1     0     1     3     0     1   575     0
   412     2     5     0     1     3     5     7     1     0     0     0     0     1     0     1   599     0
   413     1     3     1     6     8     2     4     0     0     0     1     0     3     1     0   513     0
   414     2     8     1     7     1     3     5     1     1     1     1     1     3     1     1   743     0
   415     2     8     1     7     1     3     5     1     0     0     1     1     1     0     1   666     0
   416     2     8     1     7     1     3     5     0     0     1     1     1     1     1     0   516     0
   417     1     1     2     2     4     6     8     0     1     0     0     0     3     0     1   496     0
   418     2     8     1     7     1     3     5     1     0     0     1     1     3     1     1   495     0
   419     1     4     1     8     2     4     6     1     0     1     0     0     3     0     0   470     0
   420     2     5     0     1     3     5     7     1     0     0     1     0     3     0     0   488     0
   421     2     8     1     7     1     3     5     1     1     0     0     0     2     0     1   565     0
   422     2     8     1     7     1     3     5     0     0     0     0     1     1     1     1   475     0
   423     2     7     0     5     7     1     3     0     1     1     1     0     2     0     1   516     0
   424     2     7     0     5     7     1     3     0     1     0     1     0     1     0     0   400     0
   425     2     6     2     3     5     7     1     0     0     0     1     1     2     0     1   356     0
   426     1     3     1     6     8     2     4     0     0     0     0     0     3     0     0   500     0
   427     1     1     2     2     4     6     8     0     0     1     1     1     2     0     0   555     0
   428     1     2     2     4     6     8     2     0     0     1     1     1     2     0     0   579     0
   429     1     1     2     2     4     6     8     1     0     1     1     0     2     1     0   691     0
   430     1     1     2     2     4     6     8     0     1     0     0     1     1     1     1   353     1
   431     1     3     1     6     8     2     4     1     1     1     0     0     2     1     0   571     1
   432     1     1     2     2     4     6     8     1     0     1     0     0     2     0     1   414     0
   433     1     2     2     4     6     8     2     0     1     0     0     0     2     1     1   548     0
   434     1     2     2     4     6     8     2     1     0     1     1     0     1     1     1   928     0
   435     2     5     0     1     3     5     7     0     1     0     0     0     3     1     1   707     0
   436     2     8     1     7     1     3     5     0     1     0     0     0     2     0     0   525     1
   437     1     1     2     2     4     6     8     0     0     0     0     1     3     0     1   407     0
   438     1     2     2     4     6     8     2     1     1     1     1     0     2     1     1   801     0
   439     1     4     1     8     2     4     6     1     0     1     0     1     2     0     1   542     1
   440     1     4     1     8     2     4     6     1     1     0     1     1     1     0     1   784     0
   441     2     5     0     1     3     5     7     0     1     0     0     0     3     1     0   708     0
   442     2     5     0     1     3     5     7     1     0     0     1     1     1     1     1   600     0
   443     2     5     0     1     3     5     7     1     1     1     0     1     1     0     1   820     0
   444     2     5     0     1     3     5     7     0     1     1     1     1     1     1     0   433     0
   445     2     8     1     7     1     3     5     0     1     1     1     0     2     0     0   534     0
   446     2     8     1     7     1     3     5     0     1     0     0     1     1     0     0   398     0
   447     2     5     0     1     3     5     7     0     1     0     1     0     2     0     0   527     0
   448     2     5     0     1     3     5     7     1     0     0     1     0     1     1     1   682     0
   449     2     6     2     3     5     7     1     0     1     0     0     0     2     1     1   597     0
   450     2     7     0     5     7     1     3     0     0     1     0     1     2     0     1   476     1
   451     2     7     0     5     7     1     3     0     1     0     0     1     1     0     1   525     0
   452     2     7     0     5     7     1     3     1     0     1     0     1     1     1     1   601     0
   453     2     6     2     3     5     7     1     1     0     1     0     1     2     0     0   585     0
   454     2     8     1     7     1     3     5     0     0     1     1     0     2     1     0   518     0
   455     1     3     1     6     8     2     4     0     1     0     1     1     3     0     1   729     0
   456     1     4     1     8     2     4     6     1     0     0     0     0     2     1     1   783     0
   457     2     7     0     5     7     1     3     1     0     0     0     0     3     0     0   559     0
   458     1     2     2     4     6     8     2     1     0     1     0     1     3     0     0   534     0
   459     2     8     1     7     1     3     5     0     0     1     1     0     3     1     0   497     0
   460     2     8     1     7     1     3     5     0     0     0     0     1     1     0     0   495     0
   461     1     1     2     2     4     6     8     1     1     0     1     0     3     1     1   790     0
   462     1     1     2     2     4     6     8     0     0     1     0     0     1     1     1   589     0
   463     1     1     2     2     4     6     8     1     1     1     1     1     1     1     1   584     0
   464     1     1     2     2     4     6     8     1     1     1     0     0     1     0     0   493     0
   465     2     8     1     7     1     3     5     0     0     1     0     0     3     1     1   508     0
   466     1     1     2     2     4     6     8     0     1     1     0     1     3     0     1   539     0
   467     1     1     2     2     4     6     8     1     1     1     1     1     1     1     0   682     0
   468     1     2     2     4     6     8     2     1     1     0     0     1     2     0     0   524     0
   469     2     5     0     1     3     5     7     1     1     0     1     1     3     0     0   567     1
   470     2     5     0     1     3     5     7     0     1     0     0     0     1     1     0   566     0
   471     2     7     0     5     7     1     3     1     0     1     1     1     2     1     1   582     0
   472     2     7     0     5     7     1     3     0     1     0     0     0     1     1     1   562     0
   473     1     4     1     8     2     4     6     1     0     0     1     1     3     1     1   570     0
   474     1     4     1     8     2     4     6     1     1     1     0     1     1     0     1   630     0
   475     1     4     1     8     2     4     6     0     1     1     1     1     1     1     0   638     0
   476     1     4     1     8     2     4     6     1     0     1     0     1     1     1     1   628     0
   477     2     5     0     1     3     5     7     0     0     1     0     0     3     1     0   466     0
   478     2     5     0     1     3     5     7     1     0     1     1     1     1     1     0   464     0
   479     1     1     2     2     4     6     8     0     0     1     0     1     3     1     0   511     0
   480     2     8     1     7     1     3     5     0     0     1     0     0     3     0     0   477     0
   481     1     1     2     2     4     6     8     0     1     0     0     1     3     0     1   531     0
   482     1     1     2     2     4     6     8     0     1     1     1     0     1     0     0   910     0
   483     1     2     2     4     6     8     2     1     1     0     0     0     2     1     0   669     0
   484     1     2     2     4     6     8     2     1     0     0     1     1     1     0     1   671     0
   485     1     4     1     8     2     4     6     1     1     1     0     1     2     0     1   638     0
   486     1     2     2     4     6     8     2     1     1     1     0     1     2     0     0   579     0
   487     1     1     2     2     4     6     8     0     1     1     1     1     2     1     0   491     1
   488     1     4     1     8     2     4     6     1     1     1     0     0     2     1     0   594     0
   489     2     8     1     7     1     3     5     0     1     0     1     1     3     1     0   582     0
   490     1     1     2     2     4     6     8     1     0     1     0     0     3     1     1   411     0
   491     1     4     1     8     2     4     6     0     0     0     1     1     2     1     0   500     0
   492     1     3     1     6     8     2     4     0     0     1     0     0     2     0     0   483     0
   493     1     4     1     8     2     4     6     0     1     0     0     1     2     0     1   776     1
   494     2     5     0     1     3     5     7     0     1     0     0     0     3     0     0   403     0
   495     1     1     2     2     4     6     8     0     0     0     0     1     3     0     1   444     0
   496     1     1     2     2     4     6     8     0     1     1     1     0     1     0     1   485     0
   497     2     6     2     3     5     7     1     1     1     0     0     1     3     1     0   554     0
   498     1     1     2     2     4     6     8     0     0     1     0     0     3     1     1   454     0
   499     2     5     0     1     3     5     7     0     0     1     0     0     3     0     0   416     0
   500     1     4     1     8     2     4     6     0     1     0     0     1     3     0     1   718     0
   501     1     4     1     8     2     4     6     0     0     1     0     0     1     0     1   468     0
   502     1     2     2     4     6     8     2     1     0     1     1     0     2     1     0   575     0
   503     1     2     2     4     6     8     2     0     1     0     0     0     1     1     1   539     0
   504     1     2     2     4     6     8     2     1     1     0     0     0     1     1     0   518     0
   505     2     6     2     3     5     7     1     1     1     1     0     1     3     0     0   478     0
   506     2     7     0     5     7     1     3     0     1     0     1     1     2     1     0   520     0
   507     2     6     2     3     5     7     1     0     1     0     1     1     2     0     0   615     0
   508     1     3     1     6     8     2     4     1     1     1     1     0     3     1     0   552     1
   509     1     4     1     8     2     4     6     1     1     1     1     0     2     0     0   724     0
   510     1     1     2     2     4     6     8     1     1     1     0     1     2     0     0   547     0
   511     2     5     0     1     3     5     7     1     1     0     0     1     3     0     0   547     0
   512     2     6     2     3     5     7     1     0     1     1     1     0     2     1     0   519     0
   513     2     5     0     1     3     5     7     0     1     1     1     1     2     0     0   506     0
   514     2     8     1     7     1     3     5     1     0     1     0     1     2     1     1   592     0
   515     2     8     1     7     1     3     5     0     1     1     0     0     1     1     1   801     0
   516     2     8     1     7     1     3     5     1     0     0     0     0     1     1     1   521     0
   517     2     6     2     3     5     7     1     1     0     1     1     1     2     0     0   560     0
   518     2     6     2     3     5     7     1     1     0     1     1     1     1     0     0   516     0
   519     1     2     2     4     6     8     2     1     1     1     0     1     3     0     1   423     0
   520     1     2     2     4     6     8     2     0     1     1     0     1     1     1     0   429     0
   521     1     3     1     6     8     2     4     0     1     1     1     1     2     0     0   423     0
   522     1     3     1     6     8     2     4     1     1     1     0     0     1     1     0   564     0
   523     2     7     0     5     7     1     3     1     0     1     1     1     3     0     1   537     0
   524     2     7     0     5     7     1     3     0     1     0     0     0     1     1     1   507     0
   525     2     7     0     5     7     1     3     0     0     1     0     1     1     0     1   443     0
   526     2     7     0     5     7     1     3     1     0     0     1     1     1     1     0   436     0
   527     2     6     2     3     5     7     1     0     0     0     1     1     2     1     0   446     0
   528     2     6     2     3     5     7     1     1     1     0     0     1     1     1     1   576     0
   529     2     7     0     5     7     1     3     1     0     1     1     1     2     0     1   557     1
   530     2     7     0     5     7     1     3     0     1     1     1     1     1     1     1   541     0
   531     1     4     1     8     2     4     6     0     1     0     1     1     3     0     0   577     1
   532     1     4     1     8     2     4     6     1     1     1     1     1     1     1     0   437     0
   533     1     1     2     2     4     6     8     1     1     0     0     0     2     0     0   694     0
   534     1     1     2     2     4     6     8     0     0     0     0     0     1     1     1   468     0
   535     1     2     2     4     6     8     2     1     1     0     0     0     2     1     1   682     0
   536     1     3     1     6     8     2     4     0     0     1     1     1     2     1     1   892     0
   537     2     6     2     3     5     7     1     0     1     0     0     0     3     0     1   499     0
   538     2     5     0     1     3     5     7     1     0     1     1     0     2     1     1   806     0
   539     2     5     0     1     3     5     7     0     1     0     0     0     1     1     1   886     0
   540     1     4     1     8     2     4     6     0     1     0     1     0     3     0     0   745     0
   541     2     7     0     5     7     1     3     1     0     0     1     0     3     1     1   776     0
   542     2     8     1     7     1     3     5     0     1     0     1     1     2     1     1   688     0
   543     1     4     1     8     2     4     6     0     0     1     1     1     3     0     1   547     0
   544     1     4     1     8     2     4     6     0     1     1     0     0     1     0     1   571     0
   545     2     8     1     7     1     3     5     0     0     0     1     0     3     0     1   496     0
   546     2     5     0     1     3     5     7     1     0     1     0     1     2     1     0   738     0
   547     2     6     2     3     5     7     1     0     1     1     0     1     2     1     1   525     0
   548     2     6     2     3     5     7     1     1     0     0     0     0     1     1     1   417     0
   549     2     8     1     7     1     3     5     1     1     1     0     0     2     0     1   553     0
   550     2     8     1     7     1     3     5     0     0     0     0     1     1     1     1   573     0
   551     2     6     2     3     5     7     1     0     1     0     0     0     2     0     1   472     0
   552     2     7     0     5     7     1     3     1     0     1     0     1     2     1     1   622     1
   553     2     5     0     1     3     5     7     0     0     0     1     0     2     1     0   650     0
   554     2     7     0     5     7     1     3     0     1     1     1     0     2     0     1   555     0
   555     2     7     0     5     7     1     3     0     0     0     0     1     1     0     1   458     0
   556     2     5     0     1     3     5     7     0     0     0     1     1     2     0     0   572     0
   557     2     8     1     7     1     3     5     0     1     1     1     0     2     0     1   604     0
   558     2     8     1     7     1     3     5     0     1     1     1     1     1     0     0   556     0
   559     2     8     1     7     1     3     5     0     1     0     1     1     1     0     0   436     0
   560     2     8     1     7     1     3     5     0     1     0     0     1     1     0     0   374     0
   561     1     2     2     4     6     8     2     0     0     1     0     1     3     0     1   477     0
   562     1     2     2     4     6     8     2     1     1     1     1     1     1     1     1   580     0
   563     2     5     0     1     3     5     7     0     0     0     0     1     3     1     1   420     0
   564     2     5     0     1     3     5     7     0     0     0     0     1     1     0     0   385     0
   565     1     2     2     4     6     8     2     0     0     0     1     1     3     0     0   504     0
   566     2     7     0     5     7     1     3     0     0     0     1     1     3     0     0   495     0
   567     2     6     2     3     5     7     1     0     1     0     0     0     2     0     1   481     0
   568     1     3     1     6     8     2     4     1     0     1     1     0     3     1     1   591     0
   569     1     4     1     8     2     4     6     0     0     0     1     1     2     1     0   941     0
   570     1     4     1     8     2     4     6     0     1     0     1     1     1     0     1   612     0
   571     1     1     2     2     4     6     8     1     0     0     1     0     2     1     1   429     0
   572     1     1     2     2     4     6     8     0     0     0     1     1     1     1     0   438     0
   573     2     8     1     7     1     3     5     1     0     1     0     0     3     1     0   555     0
   574     2     8     1     7     1     3     5     0     1     0     1     0     1     1     1   466     0
   575     1     2     2     4     6     8     2     1     0     1     1     0     3     1     1   540     0
   576     1     4     1     8     2     4     6     0     1     1     0     0     2     1     1   664     0
   577     2     5     0     1     3     5     7     0     1     1     0     1     3     0     0   566     0
   578     2     5     0     1     3     5     7     1     1     1     1     1     1     1     0   466     1
   579     2     8     1     7     1     3     5     1     1     0     0     1     2     0     0   617     1
   580     2     8     1     7     1     3     5     1     0     0     1     0     1     0     1   557     0
   581     2     6     2     3     5     7     1     1     0     0     1     1     2     0     0   560     0
   582     2     8     1     7     1     3     5     0     0     0     1     0     2     1     0   455     1
   583     1     2     2     4     6     8     2     1     0     1     0     1     3     1     0   865     0
   584     1     2     2     4     6     8     2     1     0     1     1     0     1     0     0   470     0
   585     2     8     1     7     1     3     5     1     0     0     0     1     3     0     0   481     0
   586     2     8     1     7     1     3     5     0     0     1     1     0     1     1     0   523     0
   587     1     4     1     8     2     4     6     0     1     1     1     0     3     0     1   669     0
   588     2     7     0     5     7     1     3     1     1     0     1     0     3     1     0   807     0
   589     1     1     2     2     4     6     8     0     1     1     0     1     3     1     0   588     0
   590     1     1     2     2     4     6     8     1     1     1     1     1     1     1     0   525     0
   591     2     8     1     7     1     3     5     1     0     0     1     1     3     0     1   517     0
   592     2     5     0     1     3     5     7     1     1     1     0     0     2     0     1   865     0
   593     2     7     0     5     7     1     3     0     1     1     1     1     2     1     0   474     0
   594     1     4     1     8     2     4     6     0     0     1     1     1     3     0     1   647     1
   595     1     1     2     2     4     6     8     1     0     1     1     0     2     1     0   799     0
   596     1     3     1     6     8     2     4     0     0     1     0     1     2     1     0   519     0
   597     2     5     0     1     3     5     7     0     1     0     1     1     3     0     1   554     0
   598     2     7     0     5     7     1     3     0     0     1     0     0     2     0     1   498     0
   599     1     3     1     6     8     2     4     0     1     0     0     0     3     0     1   496     0
   600     1     3     1     6     8     2     4     0     1     0     1     0     1     0     0   499     1
   601     1     4     1     8     2     4     6     0     0     0     1     1     2     0     1   469     0
   602     1     4     1     8     2     4     6     0     1     1     1     0     1     0     1   412     0
   603     2     8     1     7     1     3     5     0     0     0     1     0     3     0     1   448     0
   604     2     7     0     5     7     1     3     0     0     0     1     1     2     0     0   413     0
   605     1     4     1     8     2     4     6     1     0     0     0     0     3     1     0   502     0
   606     1     4     1     8     2     4     6     1     1     0     0     1     1     0     1   617     0
   607     2     7     0     5     7     1     3     0     1     0     1     0     3     1     0   702     0
   608     2     7     0     5     7     1     3     0     1     0     0     0     1     0     0   369     0
   609     2     6     2     3     5     7     1     0     0     1     1     0     2     0     1   488     0
   610     2     6     2     3     5     7     1     0     1     0     0     1     1     0     1   679     0
   611     1     2     2     4     6     8     2     0     1     1     0     0     3     0     0   584     0
   612     1     2     2     4     6     8     2     1     0     0     0     1     1     1     1   813     0
   613     1     2     2     4     6     8     2     0     1     0     0     0     1     1     1   567     0
   614     1     2     2     4     6     8     2     0     1     1     0     0     1     0     0   474     0
   615     2     5     0     1     3     5     7     0     1     0     1     1     3     0     0   509     0
   616     2     5     0     1     3     5     7     0     1     1     0     0     1     0     0   439     0
   617     1     1     2     2     4     6     8     0     0     1     1     1     3     0     1   465     0
   618     1     3     1     6     8     2     4     0     1     0     1     0     2     0     1   830     0
   619     2     5     0     1     3     5     7     1     1     0     0     1     3     1     0   615     0
   620     2     5     0     1     3     5     7     1     0     0     1     1     1     0     1   484     0
   621     2     5     0     1     3     5     7     0     0     1     0     0     1     1     0   435     0
   622     2     5     0     1     3     5     7     1     0     1     0     1     1     1     0   573     0
   623     2     5     0     1     3     5     7     1     0     0     1     1     1     0     0   461     0
   624     2     5     0     1     3     5     7     0     0     0     1     0     1     1     0   367     0
   625     1     2     2     4     6     8     2     1     1     1     0     0     3     1     1   631     0
   626     1     2     2     4     6     8     2     0     0     0     1     1     1     1     1   560     1
   627     1     4     1     8     2     4     6     0     1     0     1     1     2     0     1   575     0
   628     2     7     0     5     7     1     3     1     1     1     1     1     3     1     0   667     1
   629     1     2     2     4     6     8     2     1     1     1     0     1     3     0     0   404     0
   630     2     7     0     5     7     1     3     0     1     1     1     1     3     1     0   550     0
   631     2     7     0     5     7     1     3     0     1     1     1     1     1     0     0   358     0
   632     1     4     1     8     2     4     6     0     0     1     1     1     3     0     1   502     0
   633     2     6     2     3     5     7     1     0     1     1     1     1     3     0     1   653     0
   634     2     6     2     3     5     7     1     1     0     0     0     0     1     1     1   440     0
   635     2     6     2     3     5     7     1     0     1     0     0     0     1     1     1   521     0
   636     2     6     2     3     5     7     1     1     1     0     1     0     1     1     0   423     0
   637     1     3     1     6     8     2     4     1     1     0     1     1     3     0     0   605     0
   638     1     3     1     6     8     2     4     1     1     0     0     1     1     0     0   730     0
   639     2     6     2     3     5     7     1     1     0     0     1     0     3     0     1   522     0
   640     2     7     0     5     7     1     3     0     0     0     1     0     2     1     0   538     0
   641     2     7     0     5     7     1     3     1     0     0     1     0     1     1     0   534     0
   642     2     7     0     5     7     1     3     1     1     0     1     1     1     0     1   529     0
   643     2     8     1     7     1     3     5     0     0     0     0     0     2     1     1   460     0
   644     2     8     1     7     1     3     5     1     0     1     0     1     1     1     0   542     0
   645     1     1     2     2     4     6     8     0     0     0     0     0     3     1     0   422     0
   646     1     1     2     2     4     6     8     1     0     1     0     1     1     1     0   630     0
   647     2     5     0     1     3     5     7     0     0     1     1     0     3     1     0   724     0
   648     2     6     2     3     5     7     1     0     1     1     0     0     2     0     1   571     0
   649     2     7     0     5     7     1     3     1     1     0     0     1     2     1     0   427     0
   650     1     2     2     4     6     8     2     1     0     0     1     1     3     0     1   448     0
   651     2     5     0     1     3     5     7     0     0     1     0     1     3     1     0   569     0
   652     2     5     0     1     3     5     7     0     1     1     0     0     1     0     1   604     0
   653     1     4     1     8     2     4     6     0     0     1     1     0     3     0     1   570     0
   654     1     4     1     8     2     4     6     0     0     1     0     1     1     0     0   422     0
   655     1     3     1     6     8     2     4     1     1     0     1     1     2     1     1   730     0
   656     1     3     1     6     8     2     4     0     0     0     0     0     1     1     1   737     0
   657     1     4     1     8     2     4     6     1     0     1     1     0     2     1     0   568     0
   658     1     4     1     8     2     4     6     1     0     1     0     0     1     0     0   367     0
   659     2     8     1     7     1     3     5     0     1     1     1     1     3     1     1   471     0
   660     2     8     1     7     1     3     5     0     1     1     0     0     1     0     0   441     0
   661     1     1     2     2     4     6     8     0     1     0     0     1     3     0     0   658     0
   662     2     6     2     3     5     7     1     1     1     1     1     1     3     1     0   481     0
   663     2     7     0     5     7     1     3     1     0     1     0     1     2     0     1   511     0
   664     2     7     0     5     7     1     3     0     0     1     0     1     1     1     0   369     0
   665     1     3     1     6     8     2     4     1     0     0     1     0     3     1     0   525     0
   666     1     3     1     6     8     2     4     0     0     1     0     0     1     1     0   401     0
   667     1     1     2     2     4     6     8     0     0     0     1     1     2     0     0   670     0
   668     2     8     1     7     1     3     5     0     1     1     0     0     3     0     1   584     0
   669     1     2     2     4     6     8     2     1     1     1     1     1     3     1     0   604     0
   670     1     2     2     4     6     8     2     0     0     0     1     0     1     1     1   629     0
   671     1     4     1     8     2     4     6     1     1     1     0     1     2     1     1   650     0
   672     1     4     1     8     2     4     6     1     0     0     0     0     1     0     1   422     0
   673     2     7     0     5     7     1     3     0     0     0     0     1     3     1     0   413     0
   674     2     7     0     5     7     1     3     0     1     1     1     0     1     0     1   498     0
   675     2     8     1     7     1     3     5     0     1     1     1     0     2     0     0   580     0
   676     1     1     2     2     4     6     8     1     0     0     1     0     3     1     1   445     0
   677     2     7     0     5     7     1     3     0     1     0     1     1     3     1     1   508     0
   678     2     8     1     7     1     3     5     1     0     0     1     0     2     1     1   482     0
   679     2     8     1     7     1     3     5     1     1     0     1     1     1     0     1   537     0
   680     2     6     2     3     5     7     1     0     1     0     0     1     2     1     0   684     0
   681     2     7     0     5     7     1     3     1     0     0     1     0     2     1     1   578     0
   682     2     7     0     5     7     1     3     1     0     0     1     0     1     0     0   519     0
   683     2     6     2     3     5     7     1     0     1     0     1     1     2     1     1   475     0
   684     1     3     1     6     8     2     4     1     0     0     1     0     3     1     1   490     0
   685     1     4     1     8     2     4     6     0     0     1     1     0     2     1     0   575     0
   686     1     4     1     8     2     4     6     0     1     1     1     1     1     0     1   643     0
   687     1     4     1     8     2     4     6     1     1     0     0     0     1     1     0  1108     0
   688     1     4     1     8     2     4     6     1     1     1     1     1     1     0     0   589     0
   689     1     4     1     8     2     4     6     1     1     0     1     0     1     0     0   429     0
   690     1     4     1     8     2     4     6     1     1     1     1     1     1     0     0   376     0
   691     1     1     2     2     4     6     8     1     1     0     0     0     2     0     0   532     0
   692     1     1     2     2     4     6     8     1     1     1     1     0     1     0     0   523     0
   693     1     1     2     2     4     6     8     1     0     1     0     0     1     0     1   514     0
   694     1     1     2     2     4     6     8     0     1     1     0     1     1     1     1   609     0
   695     2     7     0     5     7     1     3     0     1     0     1     0     3     0     0   769     0
   696     2     7     0     5     7     1     3     0     1     1     0     0     1     0     0   373     0
   697     2     6     2     3     5     7     1     1     1     0     1     0     2     1     0   618     0
   698     2     6     2     3     5     7     1     1     0     0     1     0     1     0     1   508     0
   699     1     3     1     6     8     2     4     1     1     1     1     0     3     0     1   519     0
   700     1     4     1     8     2     4     6     1     1     0     0     1     2     0     0   694     0
   701     2     7     0     5     7     1     3     1     0     0     1     0     3     0     1   509     0
   702     2     8     1     7     1     3     5     0     0     0     1     1     2     1     0   659     0
   703     2     8     1     7     1     3     5     0     0     1     1     0     1     0     0   482     0
   704     2     8     1     7     1     3     5     0     1     1     0     0     1     0     1   661     0
   705     1     2     2     4     6     8     2     1     0     0     0     0     3     1     1   474     0
   706     1     2     2     4     6     8     2     1     0     0     0     1     1     0     0   485     0
   707     1     1     2     2     4     6     8     1     0     1     0     1     2     0     0   616     0
   708     1     1     2     2     4     6     8     0     1     1     0     1     1     1     1   734     0
   709     2     8     1     7     1     3     5     1     0     1     1     1     3     1     1   446     0
   710     1     1     2     2     4     6     8     1     1     0     0     0     3     0     1   451     0
   711     1     1     2     2     4     6     8     0     1     1     1     0     1     1     0   616     0
   712     1     1     2     2     4     6     8     0     1     0     0     1     1     0     0   400     0
   713     2     6     2     3     5     7     1     0     1     0     1     0     3     0     0   650     0
   714     2     6     2     3     5     7     1     1     0     0     1     1     1     1     1   412     0
   715     2     5     0     1     3     5     7     0     1     1     1     1     2     1     1   560     0
   716     2     6     2     3     5     7     1     0     0     1     1     1     2     0     1   524     0
   717     2     8     1     7     1     3     5     0     1     0     0     0     2     0     1   767     0
   718     1     3     1     6     8     2     4     1     0     0     1     0     3     1     1  1151     0
   719     2     8     1     7     1     3     5     1     0     0     0     1     3     0     0   437     0
   720     2     8     1     7     1     3     5     1     1     0     1     1     1     0     1   543     0
   721     2     7     0     5     7     1     3     1     1     0     0     0     2     0     0   599     0
   722     2     8     1     7     1     3     5     1     1     0     0     0     2     0     0   555     0
   723     1     2     2     4     6     8     2     0     1     1     0     0     3     1     0   698     0
   724     1     2     2     4     6     8     2     0     1     1     0     1     1     0     0   617     0
   725     1     4     1     8     2     4     6     1     0     1     1     1     2     1     1   665     0
   726     1     4     1     8     2     4     6     1     0     1     1     1     1     0     0   451     0
   727     1     2     2     4     6     8     2     0     0     1     1     0     2     1     0   469     1
   728     1     3     1     6     8     2     4     0     0     0     1     1     2     0     0   421     0
   729     1     4     1     8     2     4     6     1     0     0     0     0     2     1     0   433     0
   730     1     4     1     8     2     4     6     1     0     0     1     1     1     0     0   482     0
   731     1     4     1     8     2     4     6     1     1     1     0     1     1     0     1   761     0
   732     1     1     2     2     4     6     8     0     1     1     0     1     2     1     0   529     0
   733     2     5     0     1     3     5     7     0     1     1     0     0     3     0     0   559     0
   734     2     5     0     1     3     5     7     1     0     1     0     0     1     1     1   523     1
   735     1     3     1     6     8     2     4     0     0     0     1     0     3     1     0   533     0
   736     1     3     1     6     8     2     4     1     1     1     0     0     1     1     1   559     0
   737     1     3     1     6     8     2     4     1     1     1     0     1     1     0     0   508     0
   738     1     4     1     8     2     4     6     0     1     1     0     0     2     1     0   459     0
   739     1     2     2     4     6     8     2     1     1     1     0     0     2     1     0   545     0
   740     1     4     1     8     2     4     6     1     0     1     1     0     2     0     1   632     0
   741     1     2     2     4     6     8     2     1     1     0     0     0     2     0     1   545     0
   742     2     7     0     5     7     1     3     0     0     1     0     0     3     1     1   737     0
   743     1     1     2     2     4     6     8     0     0     1     0     1     3     0     0   533     1
   744     1     3     1     6     8     2     4     0     1     1     1     0     2     0     1   644     0
   745     1     3     1     6     8     2     4     1     0     0     0     0     1     1     1   509     0
   746     1     3     1     6     8     2     4     0     0     0     1     1     1     1     0   559     0
   747     2     7     0     5     7     1     3     1     0     1     1     0     3     1     0   516     0
   748     2     5     0     1     3     5     7     1     1     0     1     1     2     0     1   718     0
   749     1     3     1     6     8     2     4     0     0     0     0     0     3     1     1   437     0
   750     2     6     2     3     5     7     1     0     1     1     0     0     3     0     1   838     0
   751     2     6     2     3     5     7     1     1     1     0     1     1     1     1     0   655     0
   752     2     6     2     3     5     7     1     1     0     0     1     0     1     0     1   409     0
   753     1     4     1     8     2     4     6     1     0     0     0     0     3     0     0   470     0
   754     1     4     1     8     2     4     6     0     0     0     1     0     1     1     0   504     0
   755     1     3     1     6     8     2     4     0     1     0     0     0     2     0     1   595     0
   756     1     3     1     6     8     2     4     0     0     0     1     1     1     0     1   407     0
   757     1     3     1     6     8     2     4     0     0     1     1     0     1     0     0   408     0
   758     1     3     1     6     8     2     4     1     1     0     1     0     1     1     1   489     0
   759     1     2     2     4     6     8     2     0     1     0     0     0     2     1     0   613     0
   760     2     5     0     1     3     5     7     0     1     0     0     1     3     0     0   770     0
   761     1     2     2     4     6     8     2     1     1     1     1     0     3     1     0   537     1
   762     1     2     2     4     6     8     2     1     1     0     0     0     1     0     0   700     0
   763     1     2     2     4     6     8     2     1     0     1     1     1     1     0     1   407     0
   764     1     2     2     4     6     8     2     1     0     1     1     0     1     0     0   427     0
   765     1     2     2     4     6     8     2     0     1     1     0     1     1     1     1   596     0
   766     2     7     0     5     7     1     3     1     1     0     0     1     3     1     0   868     1
   767     1     3     1     6     8     2     4     1     1     1     0     0     3     0     0   562     0
   768     1     1     2     2     4     6     8     0     0     1     1     0     2     1     1   549     0
   769     2     8     1     7     1     3     5     0     0     1     0     1     3     0     0   538     0
   770     2     8     1     7     1     3     5     1     1     0     0     0     1     1     1   734     0
   771     1     3     1     6     8     2     4     1     0     0     1     1     3     0     1  1045     0
   772     1     3     1     6     8     2     4     0     1     1     1     1     1     1     1   425     0
   773     1     1     2     2     4     6     8     0     1     1     1     0     2     0     0   479     0
   774     1     1     2     2     4     6     8     0     0     1     1     0     1     0     1   397     0
   775     1     3     1     6     8     2     4     0     0     1     1     1     2     0     0   565     0
   776     1     1     2     2     4     6     8     1     0     0     1     0     2     1     0   570     0
   777     1     3     1     6     8     2     4     0     0     0     0     0     2     1     0   642     0
   778     2     6     2     3     5     7     1     0     0     1     1     1     3     0     0   539     0
   779     2     8     1     7     1     3     5     0     0     0     1     1     2     0     0   547     0
   780     2     5     0     1     3     5     7     1     1     0     0     1     2     1     1   561     1
   781     1     1     2     2     4     6     8     1     1     0     0     0     3     0     0   593     0
   782     1     1     2     2     4     6     8     1     1     1     1     0     1     0     0   489     0
   783     1     3     1     6     8     2     4     1     1     1     1     0     2     0     0   604     1
   784     1     3     1     6     8     2     4     1     1     1     0     0     1     0     0   508     0
   785     2     6     2     3     5     7     1     1     1     1     0     1     3     0     0   823     0
   786     2     6     2     3     5     7     1     0     1     0     1     1     1     1     0   562     0
   787     1     4     1     8     2     4     6     0     1     1     0     1     3     0     0   590     0
   788     1     3     1     6     8     2     4     1     1     1     0     0     2     1     0   550     0
   789     1     4     1     8     2     4     6     0     0     0     0     1     2     1     1   425     0
   790     1     2     2     4     6     8     2     1     1     1     0     0     2     1     1   697     0
   791     2     7     0     5     7     1     3     0     0     0     1     0     3     1     1   477     0
   792     2     6     2     3     5     7     1     1     0     1     0     1     2     1     0   654     0
   793     1     4     1     8     2     4     6     1     1     1     1     0     3     0     1   840     0
   794     1     3     1     6     8     2     4     1     0     0     1     1     2     0     1   805     0
   795     1     3     1     6     8     2     4     0     0     0     0     0     1     1     0   670     0
   796     1     4     1     8     2     4     6     0     1     1     0     1     2     0     1   496     0
   797     2     5     0     1     3     5     7     0     1     1     1     1     3     0     0   566     0
   798     2     5     0     1     3     5     7     1     0     1     0     0     1     1     1   613     0
   799     2     5     0     1     3     5     7     0     0     0     0     1     1     1     0   495     0
   800     2     6     2     3     5     7     1     1     1     0     0     0     2     1     1   518     0
   801     1     2     2     4     6     8     2     0     1     1     0     0     3     1     0   565     0
   802     1     2     2     4     6     8     2     0     1     0     0     0     1     0     0   530     0
   803     2     6     2     3     5     7     1     1     0     1     1     1     3     1     1   608     0
   804     2     6     2     3     5     7     1     1     1     1     0     0     1     0     1   589     0
   805     1     4     1     8     2     4     6     0     1     1     1     1     3     1     0   588     0
   806     1     4     1     8     2     4     6     0     0     0     1     0     1     0     1   537     0
   807     1     4     1     8     2     4     6     1     1     1     0     1     1     1     1   929     0
   808     1     4     1     8     2     4     6     1     0     0     1     0     1     0     1   415     0
   809     2     7     0     5     7     1     3     0     0     0     0     0     3     1     0   512     0
   810     2     7     0     5     7     1     3     0     1     1     1     0     1     0     1   471     0
   811     2     7     0     5     7     1     3     0     0     1     1     1     1     0     1   416     0
   812     2     7     0     5     7     1     3     0     1     0     0     1     1     0     1   509     0
   813     2     5     0     1     3     5     7     1     0     0     1     0     2     1     1   836     0
   814     2     5     0     1     3     5     7     0     0     0     0     1     1     1     0   441     0
   815     1     2     2     4     6     8     2     0     0     1     1     1     3     0     0   447     0
   816     1     4     1     8     2     4     6     0     0     0     1     0     2     0     0   600     0
   817     1     2     2     4     6     8     2     1     1     0     1     1     2     1     1   466     0
   818     2     5     0     1     3     5     7     1     0     1     0     0     3     0     1   392     0
   819     1     4     1     8     2     4     6     1     0     0     0     1     3     0     0   465     0
   820     1     4     1     8     2     4     6     1     0     1     0     1     1     0     0   471     0
   821     2     5     0     1     3     5     7     0     1     1     0     1     3     1     1   545     1
   822     2     5     0     1     3     5     7     1     0     1     0     0     1     1     1   475     0
   823     2     8     1     7     1     3     5     1     1     0     1     1     2     0     1   461     0
   824     2     8     1     7     1     3     5     1     1     0     1     0     1     0     0   514     0
   825     1     4     1     8     2     4     6     1     0     1     1     0     3     0     1   630     0
   826     2     7     0     5     7     1     3     0     0     0     0     0     3     1     0   499     0
   827     2     8     1     7     1     3     5     1     0     0     0     1     2     1     0   609     0
   828     2     5     0     1     3     5     7     0     0     1     0     1     2     1     0   421     0
   829     2     5     0     1     3     5     7     1     1     1     0     0     1     1     1   647     0
   830     2     6     2     3     5     7     1     0     0     0     0     0     2     1     1   404     0
   831     2     8     1     7     1     3     5     1     1     0     1     0     2     1     1   498     0
   832     2     8     1     7     1     3     5     1     0     0     1     1     1     0     1   664     0
   833     2     8     1     7     1     3     5     1     1     1     0     1     1     0     1   561     0
   834     2     8     1     7     1     3     5     1     0     0     1     1     1     0     1   485     1
   835     2     5     0     1     3     5     7     0     0     0     1     1     2     1     0   572     0
   836     2     7     0     5     7     1     3     1     0     0     1     0     2     1     0   612     0
   837     1     1     2     2     4     6     8     1     1     0     0     1     3     0     1   745     0
   838     2     6     2     3     5     7     1     0     1     0     0     0     3     1     0   409     1
   839     2     6     2     3     5     7     1     0     0     0     0     1     1     0     1   393     0
   840     2     6     2     3     5     7     1     0     0     1     1     0     1     0     0   437     0
   841     2     7     0     5     7     1     3     0     1     0     0     0     2     0     1   635     0
   842     1     2     2     4     6     8     2     0     1     0     0     0     3     0     0   508     0
   843     1     1     2     2     4     6     8     1     0     1     1     1     2     1     1   774     0
   844     1     1     2     2     4     6     8     1     1     1     0     0     1     0     1   502     0
   845     1     3     1     6     8     2     4     0     1     1     1     1     2     1     0   445     0
   846     1     3     1     6     8     2     4     0     1     0     1     0     1     0     0   586     1
   847     2     8     1     7     1     3     5     0     0     0     0     1     3     0     1   486     0
   848     2     5     0     1     3     5     7     0     0     0     1     1     2     0     0   384     0
   849     2     8     1     7     1     3     5     1     0     0     1     1     2     1     0   620     0
   850     2     8     1     7     1     3     5     0     0     0     1     0     1     1     0   426     0
   851     2     8     1     7     1     3     5     0     1     1     0     0     1     0     1   522     0
   852     2     8     1     7     1     3     5     0     1     1     0     1     1     0     0   418     0
   853     1     3     1     6     8     2     4     1     0     1     0     1     3     1     1   603     0
   854     1     3     1     6     8     2     4     1     1     0     1     1     1     0     1   440     0
   855     1     3     1     6     8     2     4     1     0     0     0     0     1     0     1   406     0
   856     1     2     2     4     6     8     2     0     0     0     1     1     2     1     0   463     0
   857     1     3     1     6     8     2     4     1     0     0     0     0     2     1     0   413     0
   858     1     4     1     8     2     4     6     1     0     1     0     0     2     0     0   598     1
   859     2     5     0     1     3     5     7     1     0     0     0     0     3     0     0   371     0
   860     2     7     0     5     7     1     3     1     1     0     0     0     2     0     1   531     0
   861     1     1     2     2     4     6     8     1     1     0     1     0     3     0     0   394     1
   862     1     1     2     2     4     6     8     1     1     1     0     1     1     0     0   910     0
   863     2     6     2     3     5     7     1     0     0     0     1     0     3     1     1   449     0
   864     2     6     2     3     5     7     1     0     1     0     1     0     1     0     1   487     0
   865     2     6     2     3     5     7     1     1     1     0     1     0     1     1     0   525     0
   866     2     6     2     3     5     7     1     0     1     0     1     1     1     1     0   404     0
   867     2     8     1     7     1     3     5     0     1     1     0     0     2     0     0   433     1
   868     2     8     1     7     1     3     5     0     0     1     1     0     1     0     1   346     1
   869     2     7     0     5     7     1     3     0     0     1     0     0     2     0     0   485     0
   870     2     5     0     1     3     5     7     1     0     1     0     0     2     1     0   851     0
   871     2     8     1     7     1     3     5     0     0     0     0     1     2     1     0   556     0
   872     2     7     0     5     7     1     3     1     1     0     0     0     2     1     1   703     0
   873     1     2     2     4     6     8     2     0     1     1     1     0     3     1     0   562     0
   874     2     5     0     1     3     5     7     1     1     1     0     1     3     1     0   805     1
   875     1     2     2     4     6     8     2     0     0     0     0     1     3     1     1   424     0
   876     1     3     1     6     8     2     4     0     1     1     1     0     2     0     1   594     0
   877     1     3     1     6     8     2     4     0     0     0     0     0     1     0     1   558     0
   878     1     3     1     6     8     2     4     0     1     1     0     1     1     0     1   502     0
   879     2     5     0     1     3     5     7     0     1     0     0     1     3     0     0   600     0
   880     1     2     2     4     6     8     2     1     1     1     1     0     3     1     0   621     1
   881     2     7     0     5     7     1     3     1     1     0     0     1     3     0     0   776     0
   882     2     7     0     5     7     1     3     1     0     1     0     1     1     0     1   544     0
   883     2     6     2     3     5     7     1     0     0     1     1     1     2     1     0   623     0
   884     1     1     2     2     4     6     8     1     0     1     1     1     3     1     0   611     0
   885     2     7     0     5     7     1     3     1     1     1     1     1     3     0     1   676     0
   886     1     4     1     8     2     4     6     0     1     0     1     1     3     1     0   635     0
   887     2     7     0     5     7     1     3     0     1     1     1     1     3     0     0   368     0
   888     2     8     1     7     1     3     5     1     1     1     1     1     2     1     0   413     0
   889     2     7     0     5     7     1     3     1     1     1     1     0     2     0     0   613     0
   890     2     7     0     5     7     1     3     1     1     1     0     0     1     0     0   523     0
   891     1     2     2     4     6     8     2     1     0     1     0     0     3     0     1   414     0
   892     1     2     2     4     6     8     2     1     0     1     1     0     1     0     0   458     0
   893     2     6     2     3     5     7     1     0     1     0     0     0     3     1     1   512     0
   894     2     6     2     3     5     7     1     0     0     1     0     1     1     0     1   583     0
   895     2     5     0     1     3     5     7     1     0     0     0     1     2     1     0   730     0
   896     2     5     0     1     3     5     7     0     1     0     1     1     1     1     1   497     0
