     1     1     2     2     4     6     8     2     0     1     0     1     1     1     1     0   543     0
     2     1     1     2     2     4     6     8     0     0     0     1     0     2     0     1   486     0
     3     2     8     1     7     1     3     5     0     0     1     0     1     3     0     0   789     1
     4     2     8     1     7     1     3     5     1     0     1     0     0     1     1     0   740     0
     5     2     5     0     1     3     5     7     0     1     0     0     1     2     1     1   412     0
     6     2     5     0     1     3     5     7     1     1     1     0     0     1     1     0   517     0
     7     1     2     2     4     6     8     2     0     0     0     1     1     3     1     1   496     0
     8     1     2     2     4     6     8     2     0     0     1     0     1     1     0     0   674     0
     9     2     8     1     7     1     3     5     1     1     1     0     0     3     1     1   460     0
    10     2     8     1     7     1     3     5     0     0     0     0     1     1     1     1   666     0
    11     2     8     1     7     1     3     5     0     0     1     0     0     1     0     0   485     0
    12     2     8     1     7     1     3     5     1     1     0     1     1     1     1     1   636     1
    13     1     4     1     8     2     4     6     1     1     0     1     0     3     0     0  1188     0
    14     2     7     0     5     7     1     3     1     0     0     1     0     3     0     1   481     0
    15     2     8     1     7     1     3     5     0     1     0     1     1     2     1     1   503     0
    16     2     8     1     7     1     3     5     0     0     0     0     0     1     0     1   574     0
    17     2     7     0     5     7     1     3     1     0     1     1     0     2     1     0   743     0
    18     1     4     1     8     2     4     6     0     1     1     0     0     3     1     1   570     0
    19     1     4     1     8     2     4     6     0     1     1     1     1     1     0     0   590     0
    20     1     2     2     4     6     8     2     1     0     0     0     1     2     1     1   575     0
    21     2     6     2     3     5     7     1     0     0     1     0     0     3     1     0   763     0
    22     2     6     2     3     5     7     1     1     1     0     1     1     1     1     1   535     0
    23     1     1     2     2     4     6     8     0     0     0     0     0     3     1     1   545     0
    24     2     8     1     7     1     3     5     1     0     0     0     0     3     1     0   530     0
    25     1     4     1     8     2     4     6     1     1     0     1     0     3     0     1   612     0
    26     1     4     1     8     2     4     6     1     0     1     1     1     1     0     1   693     0
    27     2     5     0     1     3     5     7     1     0     0     1     1     3     0     0   456     0
    28     2     5     0     1     3     5     7     1     0     1     0     0     1     0     0   517     0
    29     1     1     2     2     4     6     8     0     1     0     1     1     3     1     1   524     0
    30     2     6     2     3     5     7     1     0     1     1     1     0     3     0     0   531     0
    31     1     3     1     6     8     2     4     0     0     0     1     0     3     0     1   495     0
    32     2     6     2     3     5     7     1     0     0     1     1     1     3     0     0   517     0
    33     2     7     0     5     7     1     3     1     0     0     1     1     2     1     0   569     0
    34     1     4     1     8     2     4     6     1     1     1     0     0     3     0     1   470     0
    35     1     2     2     4     6     8     2     0     1     0     1     0     2     1     0   648     0
    36     1     2     2     4     6     8     2     0     0     1     0     0     1     0     1   466     0
    37     2     5     0     1     3     5     7     1     0     0     1     0     3     1     0   571     0
    38     2     5     0     1     3     5     7     0     1     0     0     0     1     1     1   595     0
    39     2     7     0     5     7     1     3     1     1     0     1     0     2     1     0   643     0
    40     2     6     2     3     5     7     1     1     1     1     1     0     2     0     0   537     0
    41     1     3     1     6     8     2     4     0     0     0     1     1     3     1     1   429     0
    42     1     3     1     6     8     2     4     1     0     0     1     1     1     1     0   518     1
    43     1     4     1     8     2     4     6     0     0     0     0     0     2     1     0   720     0
    44     2     5     0     1     3     5     7     0     1     0     1     1     3     0     1   639     0
    45     2     5     0     1     3     5     7     0     1     1     0     0     1     0     0   485     0
    46     2     5     0     1     3     5     7     1     0     0     1     0     1     1     1   496     0
    47     2     5     0     1     3     5     7     0     0     0     0     0     1     1     0   397     0
    48     2     5     0     1     3     5     7     0     0     0     1     0     1     0     0   606     0
    49     1     4     1     8     2     4     6     0     0     1     1     0     3     0     0   575     0
    50     1     4     1     8     2     4     6     0     1     0     1     1     1     0     1   504     0
    51     2     7     0     5     7     1     3     0     0     0     0     0     3     0     1   590     0
    52     2     8     1     7     1     3     5     1     1     1     1     0     2     1     1   634     0
    53     1     4     1     8     2     4     6     0     0     1     1     0     3     1     1   600     0
    54     1     4     1     8     2     4     6     1     0     1     1     1     1     1     0   452     0
    55     2     5     0     1     3     5     7     1     1     1     1     0     3     0     1   427     0
    56     2     5     0     1     3     5     7     0     0     0     1     1     1     1     1   416     0
    57     2     7     0     5     7     1     3     1     1     1     1     0     2     1     1   633     0
    58     2     7     0     5     7     1     3     0     1     0     1     0     1     1     0   663     0
    59     2     7     0     5     7     1     3     0     0     0     0     0     1     0     1   408     0
    60     2     7     0     5     7     1     3     0     1     1     1     0     1     0     1   493     1
    61     1     4     1     8     2     4     6     0     0     0     1     0     3     0     1   739     0
    62     1     4     1     8     2     4     6     1     1     1     0     0     1     1     1   587     0
    63     2     6     2     3     5     7     1     1     1     1     0     0     3     0     0   459     0
    64     2     6     2     3     5     7     1     0     0     1     1     1     1     1     1   433     0
    65     2     6     2     3     5     7     1     0     1     0     0     0     1     0     1   475     0
    66     2     6     2     3     5     7     1     1     0     1     0     1     1     1     1   489     0
    67     2     7     0     5     7     1     3     0     0     1     0     0     2     1     0  1172     0
    68     2     7     0     5     7     1     3     0     0     0     0     0     1     0     0   520     0
    69     1     3     1     6     8     2     4     1     0     1     0     0     3     1     0   723     0
    70     1     3     1     6     8     2     4     0     0     0     0     0     1     1     0   566     0
    71     1     2     2     4     6     8     2     1     1     1     0     1     2     1     1   378     0
    72     1     2     2     4     6     8     2     0     0     1     1     0     1     1     1   434     0
    73     1     1     2     2     4     6     8     1     1     1     1     0     2     1     1   703     1
    74     1     1     2     2     4     6     8     1     0     1     1     1     1     0     1   608     0
    75     1     2     2     4     6     8     2     0     1     1     0     1     2     1     1   441     0
    76     1     2     2     4     6     8     2     1     0     1     0     0     1     1     1   459     0
    77     1     1     2     2     4     6     8     0     0     0     0     0     2     1     0   385     1
    78     1     1     2     2     4     6     8     1     0     1     0     1     1     1     0   805     0
    79     2     6     2     3     5     7     1     0     0     1     0     0     3     1     0   534     0
    80     2     7     0     5     7     1     3     1     0     0     0     0     2     1     0   585     0
    81     1     4     1     8     2     4     6     0     1     0     1     1     3     1     1   713     0
    82     1     4     1     8     2     4     6     0     1     0     0     1     1     0     0   600     0
    83     1     4     1     8     2     4     6     1     1     0     1     1     1     1     0   576     0
    84     1     3     1     6     8     2     4     0     1     1     1     0     2     1     0   735     0
    85     1     1     2     2     4     6     8     0     0     1     0     0     2     0     1   553     0
    86     1     2     2     4     6     8     2     1     0     1     1     0     2     1     0   557     0
    87     2     7     0     5     7     1     3     0     1     1     1     0     3     1     1   629     0
    88     2     7     0     5     7     1     3     1     1     0     0     1     1     1     0   587     0
    89     2     8     1     7     1     3     5     0     1     0     0     0     2     1     0  1054     0
    90     2     5     0     1     3     5     7     0     0     1     0     1     2     0     1   594     0
    91     1     3     1     6     8     2     4     0     0     0     0     1     3     0     0   607     0
    92     1     3     1     6     8     2     4     0     0     0     1     1     1     0     0   616     0
    93     2     7     0     5     7     1     3     0     1     0     1     1     3     0     1   725     0
    94     2     7     0     5     7     1     3     1     0     0     1     0     1     1     1   565     0
    95     1     1     2     2     4     6     8     0     1     0     0     0     3     1     1   600     0
    96     1     4     1     8     2     4     6     0     1     0     0     0     2     0     0   568     0
    97     2     7     0     5     7     1     3     1     1     0     0     0     3     1     0   748     0
    98     2     7     0     5     7     1     3     0     1     0     1     0     1     1     0   498     0
    99     2     6     2     3     5     7     1     0     0     0     0     1     2     0     1   525     0
   100     2     6     2     3     5     7     1     0     1     1     1     1     1     0     1   544     0
   101     1     2     2     4     6     8     2     0     1     1     0     0     3     0     0   643     0
   102     1     2     2     4     6     8     2     0     0     0     1     1     1     0     1   417     0
   103     1     1     2     2     4     6     8     0     0     0     0     0     2     0     0   533     0
   104     1     1     2     2     4     6     8     1     0     0     0     0     1     1     0   513     0
   105     1     3     1     6     8     2     4     1     0     0     0     1     2     0     0   532     0
   106     1     1     2     2     4     6     8     0     1     1     1     0     2     1     1   554     0
   107     1     1     2     2     4     6     8     1     1     0     0     1     1     1     0   527     0
   108     1     1     2     2     4     6     8     1     0     0     1     1     1     0     1   437     0
   109     2     5     0     1     3     5     7     0     0     1     1     1     3     1     0   651     0
   110     2     5     0     1     3     5     7     1     0     0     0     1     1     1     0   492     0
   111     2     7     0     5     7     1     3     1     0     0     0     0     2     0     0   518     0
   112     2     8     1     7     1     3     5     1     0     1     1     0     2     0     0   520     0
   113     1     4     1     8     2     4     6     0     1     1     0     0     3     1     1   458     0
   114     1     4     1     8     2     4     6     0     1     0     1     1     1     0     0   441     0
   115     2     6     2     3     5     7     1     1     0     0     0     0     3     1     1   471     0
   116     2     6     2     3     5     7     1     1     1     0     0     0     1     0     1   398     0
   117     1     1     2     2     4     6     8     0     0     0     0     1     3     1     1   477     0
   118     1     1     2     2     4     6     8     1     1     0     0     1     1     1     1   608     0
   119     2     5     0     1     3     5     7     1     1     0     1     0     3     0     0   521     0
   120     2     8     1     7     1     3     5     0     0     1     0     1     2     1     1   680     0
   121     1     3     1     6     8     2     4     1     1     1     1     1     3     1     1   635     0
   122     2     6     2     3     5     7     1     1     0     0     1     1     3     0     1   531     0
   123     1     2     2     4     6     8     2     1     0     1     1     0     3     0     0   510     0
   124     1     1     2     2     4     6     8     0     0     0     0     1     2     1     0   437     0
   125     1     3     1     6     8     2     4     0     1     0     1     1     2     0     1   738     0
   126     1     3     1     6     8     2     4     0     1     1     1     1     1     0     0   513     0
   127     1     1     2     2     4     6     8     1     1     1     1     0     2     1     0   532     0
   128     1     1     2     2     4     6     8     0     0     1     0     1     1     1     1   455     0
   129     2     5     0     1     3     5     7     1     1     1     0     1     3     1     1   525     0
   130     2     6     2     3     5     7     1     1     1     0     0     1     2     0     0   545     0
   131     1     4     1     8     2     4     6     0     0     1     0     1     3     1     1   556     0
   132     1     1     2     2     4     6     8     0     0     1     1     0     2     0     0   564     0
   133     1     2     2     4     6     8     2     1     1     1     0     1     2     1     1   984     1
   134     1     2     2     4     6     8     2     1     1     1     0     1     1     0     0   812     0
   135     1     4     1     8     2     4     6     0     0     0     1     1     2     1     1   608     0
   136     1     4     1     8     2     4     6     0     0     0     1     0     1     0     0   652     0
   137     2     6     2     3     5     7     1     0     0     1     0     1     3     0     0   482     0
   138     2     6     2     3     5     7     1     1     1     0     1     1     1     1     1   467     0
   139     1     4     1     8     2     4     6     0     1     0     0     0     3     1     0   822     0
   140     1     4     1     8     2     4     6     1     0     0     1     1     1     1     1   415     0
   141     2     5     0     1     3     5     7     1     0     1     1     0     3     0     0   972     0
   142     2     5     0     1     3     5     7     0     0     0     0     1     1     1     0   567     0
   143     2     6     2     3     5     7     1     1     0     0     0     0     2     1     0   467     0
   144     2     6     2     3     5     7     1     0     1     1     1     0     1     1     1   625     0
   145     2     7     0     5     7     1     3     0     0     1     1     0     2     0     1   570     0
   146     2     7     0     5     7     1     3     0     0     0     0     1     1     0     0   453     1
   147     2     7     0     5     7     1     3     1     1     0     1     0     1     1     1   647     0
   148     2     7     0     5     7     1     3     1     1     1     1     1     1     0     0   516     0
   149     1     4     1     8     2     4     6     1     1     0     0     0     3     0     0   716     0
   150     1     1     2     2     4     6     8     0     0     1     1     0     2     1     1   495     0
   151     2     8     1     7     1     3     5     0     1     1     0     0     3     0     1   513     0
   152     2     8     1     7     1     3     5     1     1     0     0     1     1     1     0   523     0
   153     1     2     2     4     6     8     2     1     0     0     1     1     3     0     1   519     0
   154     1     4     1     8     2     4     6     1     0     1     1     0     2     0     0   505     0
   155     1     1     2     2     4     6     8     1     0     0     0     1     2     0     0   571     0
   156     1     3     1     6     8     2     4     0     0     1     0     1     2     1     0   576     1
   157     2     7     0     5     7     1     3     1     0     1     1     0     3     1     0   596     0
   158     2     5     0     1     3     5     7     0     0     0     0     1     2     1     0   476     0
   159     1     4     1     8     2     4     6     0     1     0     0     0     3     0     1   625     0
   160     1     1     2     2     4     6     8     1     0     0     0     1     2     1     1   567     0
   161     1     3     1     6     8     2     4     1     1     1     0     0     2     0     1   662     0
   162     1     1     2     2     4     6     8     1     1     1     0     0     2     0     0   475     1
   163     1     3     1     6     8     2     4     1     0     1     0     0     2     0     1   672     0
   164     1     3     1     6     8     2     4     0     0     1     1     0     1     1     0   541     0
   165     2     5     0     1     3     5     7     1     1     1     0     1     3     1     1   473     0
   166     2     5     0     1     3     5     7     0     0     1     1     0     1     1     1   543     0
   167     2     5     0     1     3     5     7     1     1     1     1     0     1     1     1   555     0
   168     2     7     0     5     7     1     3     0     1     1     0     0     2     1     0   647     1
   169     1     4     1     8     2     4     6     1     1     0     0     1     3     1     0   863     0
   170     1     4     1     8     2     4     6     1     0     0     1     1     1     0     1   528     0
   171     1     1     2     2     4     6     8     0     1     1     1     0     2     1     1   483     0
   172     1     1     2     2     4     6     8     0     1     0     1     0     1     0     0   485     0
   173     2     8     1     7     1     3     5     0     0     0     0     0     3     0     1   518     0
   174     2     5     0     1     3     5     7     1     0     1     0     0     2     1     0   549     0
   175     2     7     0     5     7     1     3     0     0     1     0     0     2     1     0   904     0
   176     2     7     0     5     7     1     3     1     1     1     0     1     1     1     1   714     0
   177     2     6     2     3     5     7     1     0     1     0     1     0     2     1     0  1054     0
   178     2     6     2     3     5     7     1     0     0     0     0     0     1     0     1   444     0
   179     2     6     2     3     5     7     1     0     0     1     1     0     1     0     0   442     0
   180     2     7     0     5     7     1     3     0     0     1     0     0     2     0     0   533     0
   181     1     2     2     4     6     8     2     1     1     0     1     0     3     1     1   659     0
   182     1     4     1     8     2     4     6     0     1     1     1     1     2     1     0   902     0
   183     2     8     1     7     1     3     5     1     0     1     0     0     3     1     1   564     1
   184     2     7     0     5     7     1     3     0     1     0     0     1     2     1     1   711     0
   185     1     3     1     6     8     2     4     1     1     0     1     0     3     1     0   536     0
   186     1     3     1     6     8     2     4     1     0     1     0     0     1     0     1   395     0
   187     2     7     0     5     7     1     3     1     0     0     1     0     3     0     0   468     0
   188     2     7     0     5     7     1     3     1     1     0     0     0     1     0     1   677     0
   189     1     1     2     2     4     6     8     1     0     0     0     1     3     0     1   591     0
   190     1     2     2     4     6     8     2     1     1     0     0     0     2     0     1   520     0
   191     2     5     0     1     3     5     7     0     0     0     0     0     3     1     1   875     0
   192     2     5     0     1     3     5     7     0     0     1     0     1     1     0     0   776     0
   193     2     5     0     1     3     5     7     0     1     0     0     1     1     0     1   500     0
   194     2     5     0     1     3     5     7     0     1     1     0     0     1     0     0   586     0
   195     2     7     0     5     7     1     3     1     0     0     0     0     2     1     1   579     0
   196     2     7     0     5     7     1     3     1     0     0     1     1     1     0     0   540     0
   197     1     2     2     4     6     8     2     1     1     1     1     1     3     0     1   468     0
   198     1     1     2     2     4     6     8     0     1     0     1     0     2     1     0   509     0
   199     1     2     2     4     6     8     2     1     1     0     0     0     2     1     0   577     0
   200     1     3     1     6     8     2     4     0     0     1     0     1     2     1     1   596     0
   201     1     2     2     4     6     8     2     1     1     1     1     0     2     1     1   508     0
   202     1     2     2     4     6     8     2     0     0     1     0     1     1     1     1   607     0
   203     1     1     2     2     4     6     8     1     1     0     1     1     2     1     1   672     0
   204     1     2     2     4     6     8     2     0     0     0     0     1     2     1     1   462     0
   205     2     5     0     1     3     5     7     0     0     0     0     0     3     0     0   456     0
   206     2     6     2     3     5     7     1     0     0     0     1     1     2     0     0   361     0
   207     1     2     2     4     6     8     2     1     1     0     0     0     3     1     1   589     1
   208     1     3     1     6     8     2     4     1     1     1     0     0     2     0     0   684     0
   209     1     3     1     6     8     2     4     1     1     0     0     0     1     0     0   747     0
   210     1     4     1     8     2     4     6     0     1     1     1     0     2     1     0   523     0
   211     1     2     2     4     6     8     2     0     1     0     0     0     2     0     0   494     0
   212     1     2     2     4     6     8     2     0     0     0     1     1     1     0     1   436     0
   213     2     8     1     7     1     3     5     1     0     0     0     0     3     1     0   562     0
   214     1     3     1     6     8     2     4     1     1     0     1     1     3     0     1   461     0
   215     2     6     2     3     5     7     1     1     1     0     1     1     3     0     0   532     0
   216     2     6     2     3     5     7     1     1     1     1     1     0     1     0     0   387     0
   217     1     1     2     2     4     6     8     1     0     1     0     1     3     0     1   440     0
   218     1     2     2     4     6     8     2     1     0     1     1     0     2     0     0   519     0
   219     1     2     2     4     6     8     2     0     1     0     0     0     1     1     1   426     0
   220     1     2     2     4     6     8     2     0     1     0     1     0     1     0     0   507     0
   221     2     8     1     7     1     3     5     0     1     1     1     1     3     0     0   478     0
   222     2     5     0     1     3     5     7     0     0     1     0     1     2     0     1   496     0
   223     1     4     1     8     2     4     6     0     0     0     1     0     3     0     0   482     1
   224     1     2     2     4     6     8     2     0     1     1     1     1     2     0     1   552     0
   225     2     8     1     7     1     3     5     1     1     0     0     1     3     1     0   715     0
   226     1     3     1     6     8     2     4     0     1     0     1     0     3     1     0   935     0
   227     1     4     1     8     2     4     6     0     0     0     0     1     2     0     1   593     0
   228     1     1     2     2     4     6     8     0     1     0     1     1     2     0     1   530     0
   229     1     3     1     6     8     2     4     0     1     1     1     1     2     0     0   478     0
   230     1     3     1     6     8     2     4     0     0     1     1     0     1     0     1   460     0
   231     1     4     1     8     2     4     6     0     1     0     0     1     2     0     1   442     0
   232     1     4     1     8     2     4     6     1     1     1     0     0     1     1     0   579     0
   233     2     6     2     3     5     7     1     1     1     1     1     1     3     0     0   660     0
   234     2     6     2     3     5     7     1     0     1     0     1     1     1     1     0   426     0
   235     1     1     2     2     4     6     8     0     1     1     0     1     3     0     0   691     0
   236     1     2     2     4     6     8     2     1     0     1     0     1     2     1     1   585     0
   237     2     5     0     1     3     5     7     0     1     1     1     1     3     1     1   769     0
   238     2     5     0     1     3     5     7     1     0     0     0     1     1     1     1   473     0
   239     1     2     2     4     6     8     2     0     0     1     1     0     3     1     0   498     0
   240     1     2     2     4     6     8     2     1     0     1     0     1     1     1     0   638     0
   241     2     7     0     5     7     1     3     1     1     1     1     1     3     0     1   711     0
   242     2     7     0     5     7     1     3     0     1     0     0     1     1     1     0   754     0
   243     1     2     2     4     6     8     2     1     0     0     1     1     3     1     1   397     0
   244     1     2     2     4     6     8     2     1     0     0     0     0     1     0     0   566     0
   245     1     4     1     8     2     4     6     0     1     1     1     1     2     1     1   521     0
   246     1     4     1     8     2     4     6     0     0     0     1     0     1     0     1   649     0
   247     1     3     1     6     8     2     4     1     0     1     0     1     2     1     0   651     0
   248     1     2     2     4     6     8     2     0     0     1     1     1     2     1     0   552     0
   249     1     1     2     2     4     6     8     1     1     0     0     0     2     1     1   576     0
   250     1     2     2     4     6     8     2     1     1     1     1     0     2     0     0   532     0
   251     1     2     2     4     6     8     2     0     1     1     0     1     1     1     0   486     0
   252     1     3     1     6     8     2     4     1     1     1     1     1     2     1     0   693     0
   253     2     6     2     3     5     7     1     0     0     0     1     1     3     1     1   431     0
   254     1     1     2     2     4     6     8     0     0     1     0     0     3     0     0   617     0
   255     2     8     1     7     1     3     5     0     0     1     1     0     3     0     0   550     0
   256     2     7     0     5     7     1     3     1     0     0     0     1     2     1     0   553     0
   257     2     6     2     3     5     7     1     0     0     1     1     1     2     1     0   709     0
   258     2     7     0     5     7     1     3     1     0     1     1     1     2     1     0   564     0
   259     2     7     0     5     7     1     3     0     0     0     0     0     1     1     0   468     0
   260     1     4     1     8     2     4     6     0     1     1     1     1     3     0     1   529     0
   261     2     8     1     7     1     3     5     0     0     1     1     1     3     0     1   555     0
   262     2     8     1     7     1     3     5     0     1     0     0     0     1     0     1   531     0
   263     1     4     1     8     2     4     6     1     0     0     1     0     3     1     1   607     0
   264     2     5     0     1     3     5     7     1     1     0     0     1     3     0     1   719     0
   265     2     8     1     7     1     3     5     0     0     0     1     1     2     1     1   463     0
   266     1     1     2     2     4     6     8     0     1     0     0     1     3     0     1   452     0
   267     1     3     1     6     8     2     4     1     0     1     1     1     2     1     1   506     0
   268     1     3     1     6     8     2     4     1     1     1     0     0     1     0     1   525     0
   269     2     5     0     1     3     5     7     0     1     1     1     1     3     1     0   741     0
   270     2     5     0     1     3     5     7     0     0     1     1     1     1     0     1   452     0
   271     2     8     1     7     1     3     5     0     1     1     0     1     2     0     1   537     0
   272     1     3     1     6     8     2     4     0     1     0     0     1     3     0     0   545     0
   273     1     1     2     2     4     6     8     1     0     1     0     1     2     1     1   453     0
   274     1     1     2     2     4     6     8     0     1     1     0     0     1     1     1   531     0
   275     1     3     1     6     8     2     4     1     1     0     0     1     2     1     0   566     0
   276     1     3     1     6     8     2     4     1     1     1     1     1     1     0     0   535     0
   277     1     1     2     2     4     6     8     0     1     0     0     0     2     1     0   570     0
   278     1     4     1     8     2     4     6     1     1     0     0     0     2     1     0   506     0
   279     1     2     2     4     6     8     2     1     0     0     1     0     2     0     1   429     0
   280     1     2     2     4     6     8     2     1     1     0     0     1     1     0     1   542     0
   281     2     7     0     5     7     1     3     1     0     0     1     0     3     0     1   473     0
   282     2     6     2     3     5     7     1     0     0     0     1     0     2     1     0   646     0
   283     1     1     2     2     4     6     8     0     0     0     1     1     3     0     0   459     0
   284     1     1     2     2     4     6     8     0     0     1     1     0     1     0     0   458     0
   285     2     6     2     3     5     7     1     1     1     1     0     0     3     1     1   408     0
   286     2     7     0     5     7     1     3     1     1     1     1     1     2     0     0   582     0
   287     1     1     2     2     4     6     8     1     1     0     1     0     3     0     0   509     0
   288     1     1     2     2     4     6     8     1     0     1     1     0     1     0     1   424     0
   289     1     2     2     4     6     8     2     1     0     0     0     0     2     0     0   440     0
   290     1     2     2     4     6     8     2     0     1     1     1     0     1     1     1   750     0
   291     1     3     1     6     8     2     4     1     0     0     1     1     2     1     1   541     0
   292     1     4     1     8     2     4     6     0     1     1     1     0     2     1     1   564     0
   293     1     3     1     6     8     2     4     1     1     1     0     0     2     1     0   621     0
   294     1     3     1     6     8     2     4     0     0     1     1     0     1     1     1   534     0
   295     2     6     2     3     5     7     1     0     1     1     0     0     3     0     1   509     0
   296     1     3     1     6     8     2     4     1     0     0     0     0     3     1     1   523     0
   297     1     4     1     8     2     4     6     1     0     0     0     1     2     0     0   534     0
   298     1     1     2     2     4     6     8     0     1     0     1     1     2     1     1   541     0
   299     2     6     2     3     5     7     1     1     0     1     1     1     3     1     1   481     0
   300     2     6     2     3     5     7     1     0     0     0     0     1     1     1     0   520     0
   301     2     7     0     5     7     1     3     1     0     0     0     1     2     1     0   611     0
   302     2     6     2     3     5     7     1     0     1     0     1     0     2     1     1   520     0
   303     1     3     1     6     8     2     4     1     1     0     1     1     3     1     0   677     0
   304     1     3     1     6     8     2     4     0     1     0     0     0     1     1     0   528     0
   305     1     3     1     6     8     2     4     0     1     0     1     1     1     0     0   471     0
   306     1     3     1     6     8     2     4     1     1     1     1     1     1     1     0   446     0
   307     2     6     2     3     5     7     1     0     0     0     1     0     3     1     1   383     0
   308     1     1     2     2     4     6     8     0     1     1     0     0     3     0     1   508     0
   309     2     6     2     3     5     7     1     1     1     1     0     0     3     1     0   666     0
   310     2     7     0     5     7     1     3     1     1     1     0     0     2     0     0   541     0
   311     1     4     1     8     2     4     6     0     0     0     0     0     3     1     1   749     0
   312     1     1     2     2     4     6     8     1     0     1     0     1     2     1     0   544     0
   313     1     1     2     2     4     6     8     0     0     1     0     0     1     1     0   483     0
   314     1     1     2     2     4     6     8     0     1     1     1     1     1     0     1   549     0
   315     1     3     1     6     8     2     4     0     1     1     1     0     2     0     0   682     0
   316     1     3     1     6     8     2     4     0     1     0     1     1     1     0     0   467     0
   317     2     6     2     3     5     7     1     0     0     0     1     1     3     0     1   510     0
   318     2     7     0     5     7     1     3     1     0     1     0     1     2     1     0  1045     1
   319     1     2     2     4     6     8     2     1     1     1     1     1     3     0     1   813     0
   320     1     2     2     4     6     8     2     1     1     1     0     1     1     0     0   530     0
   321     2     7     0     5     7     1     3     1     1     0     1     1     3     0     0   585     0
   322     1     2     2     4     6     8     2     0     0     1     0     0     3     1     1   508     0
   323     1     3     1     6     8     2     4     0     0     1     0     0     2     0     0   406     0
   324     1     3     1     6     8     2     4     0     0     1     1     0     1     0     0   428     0
   325     2     7     0     5     7     1     3     0     0     1     0     1     3     0     0   429     0
   326     2     7     0     5     7     1     3     1     1     0     1     1     1     1     1   503     0
   327     1     1     2     2     4     6     8     0     0     0     0     1     3     1     1   457     0
   328     2     6     2     3     5     7     1     1     0     1     0     0     3     1     0   423     0
   329     1     1     2     2     4     6     8     1     1     1     1     1     3     0     1   505     0
   330     1     1     2     2     4     6     8     0     1     0     1     0     1     1     0   428     1
   331     1     4     1     8     2     4     6     0     1     1     0     1     2     0     0   444     0
   332     2     7     0     5     7     1     3     0     0     1     0     1     3     0     1   401     0
   333     1     1     2     2     4     6     8     0     1     0     1     0     3     0     1   454     0
   334     2     6     2     3     5     7     1     0     1     1     0     1     3     0     0   379     0
   335     2     6     2     3     5     7     1     0     1     1     0     1     1     0     0   516     0
   336     2     6     2     3     5     7     1     1     1     1     0     1     1     1     0   435     0
   337     1     3     1     6     8     2     4     1     0     0     0     1     3     0     1   783     0
   338     1     3     1     6     8     2     4     0     0     1     1     0     1     1     0   463     0
   339     2     5     0     1     3     5     7     1     1     1     1     0     3     1     1   677     1
   340     2     5     0     1     3     5     7     1     1     0     1     1     1     0     0   483     0
   341     1     3     1     6     8     2     4     1     1     1     0     1     3     0     0   564     0
   342     1     4     1     8     2     4     6     0     0     0     0     0     2     1     1   973     1
   343     1     4     1     8     2     4     6     0     0     1     1     1     1     0     0   572     0
   344     2     5     0     1     3     5     7     1     0     1     1     1     3     1     0   643     0
   345     1     1     2     2     4     6     8     0     0     1     0     1     3     1     0   817     0
   346     1     3     1     6     8     2     4     0     1     1     1     1     2     0     1   486     0
   347     2     5     0     1     3     5     7     0     1     1     1     0     3     0     0  1029     0
   348     2     6     2     3     5     7     1     0     1     0     1     0     2     0     0   521     0
   349     2     7     0     5     7     1     3     0     1     0     1     1     2     0     0   652     0
   350     2     7     0     5     7     1     3     1     0     1     0     0     1     1     1   481     0
   351     1     4     1     8     2     4     6     0     1     0     1     1     3     1     1   579     0
   352     1     4     1     8     2     4     6     0     0     1     0     0     1     0     1   499     0
   353     2     6     2     3     5     7     1     0     0     1     0     0     3     0     0   491     0
   354     2     6     2     3     5     7     1     1     0     1     1     0     1     1     0   621     0
   355     2     6     2     3     5     7     1     0     0     0     1     1     1     1     0   503     0
   356     2     6     2     3     5     7     1     0     1     0     1     0     1     0     1   441     0
   357     2     5     0     1     3     5     7     1     1     0     0     0     2     1     0   671     0
   358     2     5     0     1     3     5     7     0     0     0     1     0     1     1     1   520     0
   359     1     1     2     2     4     6     8     0     1     0     1     1     3     0     1   515     0
   360     1     1     2     2     4     6     8     0     0     1     0     1     1     0     1   482     0
   361     1     4     1     8     2     4     6     1     0     1     0     0     2     1     0   641     0
   362     1     4     1     8     2     4     6     1     0     0     0     0     1     0     0   494     0
   363     2     6     2     3     5     7     1     1     0     0     0     1     3     0     0   485     0
   364     2     6     2     3     5     7     1     0     0     0     0     0     1     1     0   404     0
   365     2     7     0     5     7     1     3     0     1     0     1     1     2     0     1   453     0
   366     2     7     0     5     7     1     3     0     1     1     1     1     1     0     0   467     0
   367     1     1     2     2     4     6     8     1     1     1     1     1     3     1     0   396     0
   368     1     1     2     2     4     6     8     0     0     1     1     1     1     1     1   445     0
   369     2     7     0     5     7     1     3     1     1     0     0     0     3     1     1   478     1
   370     2     8     1     7     1     3     5     1     1     1     1     0     2     0     0   524     0
   371     2     5     0     1     3     5     7     0     0     1     0     1     2     1     1   531     0
   372     2     7     0     5     7     1     3     1     1     0     0     0     2     1     1   550     0
   373     1     1     2     2     4     6     8     0     1     0     0     0     3     1     0   623     0
   374     2     8     1     7     1     3     5     0     1     0     0     0     3     0     0   536     0
   375     1     4     1     8     2     4     6     1     1     0     1     1     3     1     0   652     0
   376     1     4     1     8     2     4     6     1     1     0     1     1     1     0     0   457     0
   377     2     8     1     7     1     3     5     1     0     0     1     0     3     0     1   840     0
   378     1     1     2     2     4     6     8     0     0     0     1     0     3     1     0   413     0
   379     1     4     1     8     2     4     6     0     0     1     1     1     2     0     0   467     0
   380     1     4     1     8     2     4     6     0     0     1     1     1     1     0     0   430     0
   381     1     2     2     4     6     8     2     0     0     1     0     0     2     0     0   515     0
   382     1     4     1     8     2     4     6     1     1     1     0     1     2     1     1   539     0
   383     1     4     1     8     2     4     6     0     1     1     1     1     1     1     0  1022     0
   384     1     3     1     6     8     2     4     0     1     1     0     0     2     0     0   574     0
   385     2     7     0     5     7     1     3     1     0     0     1     0     3     1     1   494     1
   386     1     2     2     4     6     8     2     1     1     1     1     1     3     0     1   507     0
   387     1     1     2     2     4     6     8     1     0     1     0     0     2     0     1   458     0
   388     1     3     1     6     8     2     4     1     1     0     0     0     2     0     1   547     0
   389     2     6     2     3     5     7     1     1     0     0     1     1     3     0     1   454     0
   390     2     6     2     3     5     7     1     0     1     1     1     1     1     1     1   437     0
   391     2     5     0     1     3     5     7     0     1     0     1     1     2     0     0   678     0
   392     2     5     0     1     3     5     7     1     1     1     1     1     1     1     0   464     0
   393     1     2     2     4     6     8     2     1     1     0     1     1     3     0     0   501     0
   394     2     7     0     5     7     1     3     1     1     1     1     1     3     0     0   448     0
   395     2     8     1     7     1     3     5     0     0     0     1     1     2     1     1   566     0
   396     2     8     1     7     1     3     5     1     0     1     0     0     1     1     0   506     1
   397     1     3     1     6     8     2     4     0     1     0     0     1     3     1     1   752     0
   398     1     3     1     6     8     2     4     0     0     1     0     0     1     0     1   600     0
   399     1     1     2     2     4     6     8     0     0     0     0     0     2     0     0   568     0
   400     1     1     2     2     4     6     8     0     1     1     1     0     1     0     1   456     0
   401     2     7     0     5     7     1     3     0     0     0     1     1     3     0     1   573     0
   402     2     8     1     7     1     3     5     0     0     0     1     0     2     0     0   489     0
   403     1     2     2     4     6     8     2     0     1     1     0     1     3     0     1   568     0
   404     1     2     2     4     6     8     2     1     0     1     0     1     1     1     1   548     0
   405     2     7     0     5     7     1     3     1     1     1     1     0     3     0     1   588     0
   406     2     7     0     5     7     1     3     0     0     1     1     1     1     1     1   665     0
   407     2     7     0     5     7     1     3     1     0     0     1     0     1     1     0   730     0
   408     2     7     0     5     7     1     3     0     0     0     1     0     1     1     0   509     0
   409     1     4     1     8     2     4     6     1     0     0     0     1     3     1     0   503     0
   410     1     4     1     8     2     4     6     0     0     0     1     1     1     1     0   486     0
   411     2     6     2     3     5     7     1     0     1     0     1     1     3     0     1   477     0
   412     2     7     0     5     7     1     3     1     1     1     1     1     2     1     0   535     0
   413     1     4     1     8     2     4     6     0     0     0     1     1     3     1     1   587     0
   414     1     4     1     8     2     4     6     1     1     0     1     0     1     1     1   570     0
   415     1     4     1     8     2     4     6     1     0     1     0     0     1     0     1   415     0
   416     1     4     1     8     2     4     6     0     0     1     0     0     1     1     0   515     0
   417     1     4     1     8     2     4     6     1     1     1     0     1     1     1     1   487     0
   418     1     4     1     8     2     4     6     0     1     0     1     0     1     1     0   586     0
   419     2     5     0     1     3     5     7     0     1     0     0     0     3     0     0   887     0
   420     2     6     2     3     5     7     1     0     1     1     0     1     2     0     0   609     0
   421     1     2     2     4     6     8     2     1     0     0     0     1     3     1     1   549     0
   422     1     2     2     4     6     8     2     1     1     0     0     0     1     0     1   397     0
   423     1     4     1     8     2     4     6     0     1     1     1     0     2     1     0   510     0
   424     1     2     2     4     6     8     2     0     1     0     0     0     2     0     0   445     0
   425     2     5     0     1     3     5     7     0     0     0     1     1     3     0     1   490     0
   426     1     2     2     4     6     8     2     0     0     0     0     0     3     0     0   520     1
   427     1     1     2     2     4     6     8     0     1     0     1     0     2     0     1   559     0
   428     1     1     2     2     4     6     8     0     0     1     0     0     1     0     1   455     0
   429     1     1     2     2     4     6     8     1     1     1     1     1     1     1     1   616     0
   430     1     4     1     8     2     4     6     0     0     1     0     0     2     1     1   729     0
   431     2     8     1     7     1     3     5     1     0     0     0     0     3     1     0   711     0
   432     2     8     1     7     1     3     5     1     0     0     0     1     1     0     0   410     0
   433     1     3     1     6     8     2     4     1     0     0     1     1     3     0     0   539     0
   434     1     3     1     6     8     2     4     0     1     1     0     0     1     1     1   479     0
   435     2     5     0     1     3     5     7     1     0     1     0     0     3     1     1   482     0
   436     2     5     0     1     3     5     7     1     0     1     1     0     1     0     0   675     0
   437     2     7     0     5     7     1     3     1     1     0     0     0     2     0     1   582     0
   438     2     7     0     5     7     1     3     0     1     1     0     1     1     1     0   470     0
   439     2     7     0     5     7     1     3     0     1     0     1     1     1     0     0   397     0
   440     2     7     0     5     7     1     3     1     1     1     1     1     1     1     0   502     0
   441     2     5     0     1     3     5     7     0     0     0     0     1     2     1     1   396     0
   442     2     5     0     1     3     5     7     1     1     0     0     0     1     1     1   694     0
   443     2     6     2     3     5     7     1     0     1     1     0     0     2     1     0   740     0
   444     2     6     2     3     5     7     1     0     0     1     1     1     1     0     1   411     0
   445     1     1     2     2     4     6     8     1     0     1     0     1     3     1     0   440     0
   446     1     1     2     2     4     6     8     1     0     1     0     1     1     0     0   414     0
   447     1     4     1     8     2     4     6     1     1     0     1     0     2     0     1   451     0
   448     1     3     1     6     8     2     4     1     0     1     1     0     2     0     1   573     0
   449     1     3     1     6     8     2     4     1     1     0     1     1     1     0     1   823     0
   450     1     4     1     8     2     4     6     1     0     1     0     1     2     0     1   630     0
   451     2     5     0     1     3     5     7     1     0     0     1     0     3     0     0   724     0
   452     1     2     2     4     6     8     2     1     0     0     0     0     3     0     0   551     0
   453     1     2     2     4     6     8     2     0     0     0     1     1     1     1     0   554     0
   454     1     2     2     4     6     8     2     1     0     0     0     1     1     1     0   414     0
   455     2     6     2     3     5     7     1     1     1     1     1     0     3     0     1   539     0
   456     2     6     2     3     5     7     1     0     0     0     1     1     1     1     1   594     0
   457     2     6     2     3     5     7     1     0     1     0     1     1     1     0     1   558     0
   458     2     8     1     7     1     3     5     1     1     0     1     0     2     1     0   853     0
   459     2     8     1     7     1     3     5     1     0     0     1     1     1     0     1   666     0
   460     2     8     1     7     1     3     5     1     0     0     0     1     1     0     0   547     0
   461     2     8     1     7     1     3     5     0     1     0     1     0     1     1     1   675     0
   462     1     1     2     2     4     6     8     1     1     0     0     1     3     1     0   660     0
   463     1     1     2     2     4     6     8     0     0     0     0     1     1     1     1   569     0
   464     1     1     2     2     4     6     8     0     0     0     1     1     1     0     0   657     0
   465     1     3     1     6     8     2     4     0     1     0     1     1     2     0     1   643     0
   466     2     6     2     3     5     7     1     1     0     0     1     0     3     1     1   785     0
   467     1     2     2     4     6     8     2     0     0     0     1     1     3     1     0   705     0
   468     2     5     0     1     3     5     7     0     0     0     1     0     3     0     0   563     0
   469     1     4     1     8     2     4     6     0     0     0     1     1     3     0     0   611     0
   470     1     4     1     8     2     4     6     0     1     1     1     1     1     0     1   651     0
   471     2     6     2     3     5     7     1     0     1     1     1     0     3     0     0   632     0
   472     2     6     2     3     5     7     1     0     1     0     0     0     1     0     0   582     0
   473     2     5     0     1     3     5     7     1     1     1     1     0     2     1     0   618     0
   474     2     5     0     1     3     5     7     1     1     1     0     0     1     0     0   558     0
   475     2     7     0     5     7     1     3     0     0     1     1     0     2     1     1   494     0
   476     2     7     0     5     7     1     3     1     0     0     1     1     1     1     0   820     0
   477     1     3     1     6     8     2     4     0     1     1     1     1     3     1     1   650     0
   478     1     1     2     2     4     6     8     0     0     0     1     1     2     0     1   628     0
   479     2     5     0     1     3     5     7     0     1     0     1     1     3     0     1   654     0
   480     2     8     1     7     1     3     5     1     0     1     1     1     2     1     1   775     0
   481     2     6     2     3     5     7     1     0     0     1     0     1     2     1     0   630     0
   482     2     8     1     7     1     3     5     0     0     1     1     0     2     0     0   751     0
   483     1     2     2     4     6     8     2     0     0     1     1     0     3     0     0   643     0
   484     2     7     0     5     7     1     3     1     0     1     1     1     3     1     0   829     0
   485     1     3     1     6     8     2     4     1     1     1     0     1     3     0     1   686     0
   486     1     3     1     6     8     2     4     0     1     0     1     1     1     1     0   964     0
   487     1     2     2     4     6     8     2     0     0     1     1     0     2     0     1   564     0
   488     1     3     1     6     8     2     4     1     1     1     1     0     2     1     1   745     0
   489     2     5     0     1     3     5     7     1     1     0     0     0     3     0     0   687     0
   490     2     5     0     1     3     5     7     1     0     1     0     1     1     0     1   746     0
   491     2     8     1     7     1     3     5     0     1     1     0     0     2     1     1   754     0
   492     2     8     1     7     1     3     5     0     0     0     0     0     1     0     1   601     0
   493     1     2     2     4     6     8     2     1     1     1     0     0     3     1     1   697     0
   494     1     2     2     4     6     8     2     1     0     1     1     0     1     0     1   619     0
   495     1     4     1     8     2     4     6     0     1     0     0     0     2     1     1   748     0
   496     1     4     1     8     2     4     6     0     1     1     0     1     1     0     0   659     0
   497     2     7     0     5     7     1     3     1     1     0     0     1     3     1     0   704     0
   498     1     2     2     4     6     8     2     1     1     0     0     0     3     0     0   662     0
   499     2     7     0     5     7     1     3     1     0     1     1     0     3     0     1   596     0
   500     2     8     1     7     1     3     5     0     1     1     0     0     2     1     1   625     0
   501     1     4     1     8     2     4     6     1     0     0     1     0     3     1     1   677     0
   502     1     1     2     2     4     6     8     1     0     0     1     1     2     0     0   824     0
   503     1     2     2     4     6     8     2     0     1     1     1     1     2     1     1   645     0
   504     1     2     2     4     6     8     2     0     1     1     1     0     1     0     0   710     0
   505     1     1     2     2     4     6     8     0     1     1     1     1     2     0     0   721     0
   506     1     1     2     2     4     6     8     1     0     0     0     1     1     1     1   596     0
   507     2     8     1     7     1     3     5     1     1     1     0     0     3     0     1   673     0
   508     2     5     0     1     3     5     7     1     1     1     1     1     2     0     0   679     0
   509     2     7     0     5     7     1     3     0     1     0     1     0     2     1     0   682     0
   510     1     4     1     8     2     4     6     1     0     0     1     0     3     1     1   656     0
   511     2     8     1     7     1     3     5     0     0     1     1     0     3     1     0   702     0
   512     2     5     0     1     3     5     7     1     0     1     0     0     2     1     0   657     0
   513     2     6     2     3     5     7     1     1     0     0     1     0     2     0     0   582     0
   514     2     5     0     1     3     5     7     1     1     0     1     1     2     0     1   730     0
   515     2     7     0     5     7     1     3     1     1     0     1     1     2     0     0   930     0
   516     2     7     0     5     7     1     3     1     0     0     1     1     1     0     1   576     0
   517     2     5     0     1     3     5     7     1     0     1     0     0     2     0     0   660     1
   518     1     4     1     8     2     4     6     0     1     0     0     1     3     1     1   909     0
   519     1     1     2     2     4     6     8     1     1     0     0     0     2     1     0   636     0
   520     1     1     2     2     4     6     8     0     0     1     0     0     1     1     1   685     0
   521     2     8     1     7     1     3     5     0     1     0     0     1     3     0     1   644     0
   522     2     5     0     1     3     5     7     0     1     1     1     1     2     0     0   490     0
   523     2     7     0     5     7     1     3     1     1     0     0     0     2     1     0   953     0
   524     2     8     1     7     1     3     5     0     1     0     0     1     2     1     0   587     0
   525     1     3     1     6     8     2     4     1     1     0     1     0     3     1     0   544     0
   526     1     3     1     6     8     2     4     0     1     0     0     0     1     1     0   492     0
   527     2     6     2     3     5     7     1     1     1     1     0     0     3     1     0   434     0
   528     2     6     2     3     5     7     1     1     1     1     1     1     1     0     0   521     0
   529     2     6     2     3     5     7     1     1     1     0     0     0     1     0     0   552     0
   530     2     7     0     5     7     1     3     1     0     0     1     0     2     0     1   505     0
   531     1     3     1     6     8     2     4     1     0     1     0     0     3     0     0   432     0
   532     1     3     1     6     8     2     4     0     1     1     0     1     1     1     1   486     0
   533     1     1     2     2     4     6     8     0     1     1     1     0     2     0     0   408     0
   534     1     1     2     2     4     6     8     1     0     0     0     1     1     1     1   448     0
   535     1     2     2     4     6     8     2     0     1     1     0     0     2     1     1   562     0
   536     1     2     2     4     6     8     2     1     0     0     0     0     1     1     1   482     0
   537     1     2     2     4     6     8     2     0     0     1     1     0     1     1     0   509     0
   538     1     2     2     4     6     8     2     1     0     1     0     1     1     1     0   656     0
   539     1     3     1     6     8     2     4     1     1     1     1     0     2     0     1   522     0
   540     1     3     1     6     8     2     4     1     0     0     0     1     1     0     1   570     0
   541     2     5     0     1     3     5     7     0     0     1     0     1     3     1     0   585     0
   542     2     5     0     1     3     5     7     0     1     0     1     1     1     0     1   406     0
   543     2     5     0     1     3     5     7     0     0     1     0     0     1     0     1   587     0
   544     2     5     0     1     3     5     7     0     1     1     0     1     1     0     1   376     0
   545     1     2     2     4     6     8     2     1     1     1     0     1     3     1     0   569     0
   546     1     2     2     4     6     8     2     1     1     0     0     1     1     0     0   452     0
   547     2     6     2     3     5     7     1     0     1     0     0     1     3     1     0   394     0
   548     2     5     0     1     3     5     7     1     0     1     0     1     2     1     1   456     0
   549     1     3     1     6     8     2     4     1     0     1     0     0     3     0     0   212     1
   550     1     3     1     6     8     2     4     1     0     0     0     0     1     0     0   333     0
   551     1     3     1     6     8     2     4     1     0     1     0     0     1     0     0   344     0
   552     2     8     1     7     1     3     5     0     0     0     0     0     3     1     0   471     0
   553     1     4     1     8     2     4     6     0     1     1     0     0     3     0     1   577     0
   554     1     4     1     8     2     4     6     0     1     0     1     1     1     0     0   513     1
   555     1     4     1     8     2     4     6     1     1     0     1     1     1     1     0   414     0
   556     1     4     1     8     2     4     6     0     0     0     1     1     1     1     1   419     0
   557     2     8     1     7     1     3     5     0     0     0     0     0     3     0     0   581     0
   558     2     6     2     3     5     7     1     1     1     1     1     0     2     1     1   613     0
   559     2     6     2     3     5     7     1     0     1     0     1     1     1     1     0   373     0
   560     2     6     2     3     5     7     1     0     1     1     0     1     1     0     0   358     0
   561     2     8     1     7     1     3     5     1     0     0     0     1     2     1     1  1020     0
   562     2     8     1     7     1     3     5     1     1     0     0     1     1     0     1   605     0
   563     2     8     1     7     1     3     5     0     1     1     0     0     1     1     0   566     0
   564     2     8     1     7     1     3     5     1     0     0     1     1     1     1     1   493     0
   565     1     2     2     4     6     8     2     1     1     0     1     1     3     0     1   587     0
   566     1     2     2     4     6     8     2     0     1     0     1     0     1     1     0   647     0
   567     2     6     2     3     5     7     1     1     1     1     0     1     3     1     0   472     0
   568     2     6     2     3     5     7     1     0     1     0     1     0     1     1     0   490     0
   569     1     1     2     2     4     6     8     0     1     1     0     0     3     0     0   457     0
   570     1     1     2     2     4     6     8     1     0     1     0     1     1     1     1   499     0
   571     2     6     2     3     5     7     1     0     0     0     0     0     3     1     0   450     0
   572     2     6     2     3     5     7     1     1     0     1     0     0     1     1     0   492     0
   573     2     5     0     1     3     5     7     1     0     0     0     1     2     0     0   590     0
   574     2     8     1     7     1     3     5     1     1     0     0     0     2     0     1   561     0
   575     1     4     1     8     2     4     6     0     1     1     1     1     3     1     0   597     0
   576     1     4     1     8     2     4     6     0     1     0     1     1     1     0     0   630     0
   577     2     7     0     5     7     1     3     0     1     1     1     1     3     0     0   720     0
   578     2     8     1     7     1     3     5     0     1     1     1     0     2     0     0   468     0
   579     1     3     1     6     8     2     4     0     1     1     1     0     3     0     0   614     0
   580     2     8     1     7     1     3     5     0     0     1     1     0     3     0     1   556     0
   581     1     3     1     6     8     2     4     1     0     1     0     1     3     1     0  1367     0
   582     2     8     1     7     1     3     5     1     0     0     1     1     3     0     0   525     0
   583     2     5     0     1     3     5     7     0     0     1     1     0     2     1     0   649     0
   584     2     5     0     1     3     5     7     1     0     1     1     1     1     1     0   565     0
   585     2     6     2     3     5     7     1     1     1     1     1     0     2     0     1   570     0
   586     1     3     1     6     8     2     4     1     0     0     1     1     3     0     1   626     0
   587     2     6     2     3     5     7     1     0     1     0     0     1     3     1     1   538     0
   588     2     8     1     7     1     3     5     1     1     1     1     1     2     1     0   557     0
   589     2     5     0     1     3     5     7     0     0     0     0     0     2     1     1   561     0
   590     1     4     1     8     2     4     6     1     0     0     1     1     3     1     0   453     0
   591     2     5     0     1     3     5     7     1     0     0     1     0     3     0     0   444     0
   592     2     5     0     1     3     5     7     0     0     1     1     0     1     1     0   471     0
   593     1     1     2     2     4     6     8     0     0     1     1     1     3     0     0   792     0
   594     1     1     2     2     4     6     8     1     1     0     1     0     1     1     1   512     0
   595     2     8     1     7     1     3     5     1     0     1     1     0     3     0     1   482     0
   596     2     5     0     1     3     5     7     1     1     0     1     0     2     0     1   580     0
   597     1     1     2     2     4     6     8     0     1     1     1     0     3     1     0   508     0
   598     1     1     2     2     4     6     8     1     1     1     0     0     1     1     0   403     0
   599     1     3     1     6     8     2     4     0     0     0     1     0     2     1     1   615     0
   600     1     3     1     6     8     2     4     0     0     0     0     0     1     0     0   556     0
   601     1     2     2     4     6     8     2     0     1     1     1     0     2     0     1   589     0
   602     2     7     0     5     7     1     3     0     0     0     1     1     3     0     1   757     0
   603     2     8     1     7     1     3     5     0     0     1     1     0     2     0     0   760     0
   604     2     8     1     7     1     3     5     0     1     1     1     0     1     0     1   627     0
   605     1     3     1     6     8     2     4     0     0     0     1     1     3     0     1   480     0
   606     1     3     1     6     8     2     4     0     1     1     1     1     1     0     1   690     0
   607     2     8     1     7     1     3     5     1     1     1     1     0     3     1     0   981     0
   608     2     8     1     7     1     3     5     0     0     1     1     1     1     1     1   581     0
   609     2     7     0     5     7     1     3     1     0     0     0     0     2     1     0   777     0
   610     2     7     0     5     7     1     3     1     1     1     1     0     1     0     1   653     0
   611     1     2     2     4     6     8     2     1     0     1     0     0     3     0     1   518     0
   612     1     1     2     2     4     6     8     1     1     1     1     0     2     0     1   722     0
   613     2     8     1     7     1     3     5     0     1     0     1     1     3     1     0   721     0
   614     2     8     1     7     1     3     5     1     0     0     1     0     1     1     1   604     0
   615     1     1     2     2     4     6     8     0     0     0     0     0     3     1     0   589     0
   616     1     3     1     6     8     2     4     0     1     1     1     1     2     0     1   640     0
   617     2     6     2     3     5     7     1     0     1     0     1     1     3     0     0   577     0
   618     1     3     1     6     8     2     4     0     1     1     1     1     3     0     0   713     0
   619     1     3     1     6     8     2     4     0     0     1     1     0     1     0     1   599     0
   620     1     3     1     6     8     2     4     0     1     1     0     1     1     0     1   513     0
   621     1     4     1     8     2     4     6     0     1     0     0     1     2     0     0   588     0
   622     1     4     1     8     2     4     6     0     1     0     0     0     1     0     0   557     0
   623     1     1     2     2     4     6     8     1     0     0     0     1     2     1     1   649     0
   624     1     4     1     8     2     4     6     1     0     1     0     1     2     0     0   719     0
   625     1     1     2     2     4     6     8     1     1     1     1     1     2     0     1   605     0
   626     1     1     2     2     4     6     8     0     0     1     1     1     1     1     1   582     0
   627     1     1     2     2     4     6     8     0     1     0     0     0     1     0     1   558     0
   628     1     2     2     4     6     8     2     1     0     0     1     1     2     1     1   582     0
   629     1     4     1     8     2     4     6     1     1     1     0     1     2     0     1   594     0
   630     2     7     0     5     7     1     3     1     1     1     0     0     3     0     0   671     0
   631     2     7     0     5     7     1     3     1     1     0     0     1     1     0     0   681     0
   632     2     7     0     5     7     1     3     1     0     0     1     1     1     0     1   600     0
   633     1     3     1     6     8     2     4     0     0     1     1     0     3     1     0  1113     0
   634     1     2     2     4     6     8     2     0     1     0     0     1     2     0     1   608     0
   635     2     7     0     5     7     1     3     1     0     1     0     0     3     1     1   865     0
   636     2     7     0     5     7     1     3     1     0     1     1     1     1     0     0   593     0
   637     2     5     0     1     3     5     7     1     1     1     0     0     2     0     1   535     0
   638     2     6     2     3     5     7     1     0     1     1     1     1     2     1     0  1098     0
   639     2     8     1     7     1     3     5     0     0     0     1     1     2     0     1   625     0
   640     2     8     1     7     1     3     5     1     1     0     0     1     1     1     1   594     0
   641     2     5     0     1     3     5     7     1     0     1     1     0     2     0     1   631     0
   642     2     5     0     1     3     5     7     0     0     0     1     0     1     1     0   724     0
   643     1     4     1     8     2     4     6     0     1     0     1     1     3     0     1   511     0
   644     1     4     1     8     2     4     6     0     0     1     0     1     1     0     1   465     0
   645     2     8     1     7     1     3     5     1     0     0     0     0     3     1     0   660     0
   646     2     8     1     7     1     3     5     0     1     0     1     1     1     1     1   657     0
   647     2     8     1     7     1     3     5     1     0     1     1     0     1     1     1   607     0
   648     2     8     1     7     1     3     5     0     0     0     1     0     1     1     0   620     0
   649     2     6     2     3     5     7     1     1     0     0     0     0     2     1     0   789     0
   650     1     1     2     2     4     6     8     1     0     1     0     1     3     0     0   584     0
   651     2     5     0     1     3     5     7     1     1     0     0     0     3     0     1   480     0
   652     2     6     2     3     5     7     1     1     0     0     0     0     2     0     1   437     0
   653     1     4     1     8     2     4     6     1     1     1     0     0     3     0     1   584     0
   654     1     4     1     8     2     4     6     0     0     1     1     0     1     1     1   796     0
   655     2     6     2     3     5     7     1     0     0     1     1     0     3     0     0   528     0
   656     2     6     2     3     5     7     1     0     1     0     1     0     1     0     1   571     0
   657     2     8     1     7     1     3     5     0     0     1     0     0     2     0     1   534     0
   658     2     8     1     7     1     3     5     1     0     0     1     0     1     1     0   657     0
   659     1     4     1     8     2     4     6     0     1     1     0     0     3     1     1   622     0
   660     1     4     1     8     2     4     6     1     0     0     0     1     1     1     1   583     0
   661     1     2     2     4     6     8     2     1     1     0     1     1     2     0     1   635     0
   662     1     2     2     4     6     8     2     0     0     1     0     0     1     1     1   641     0
   663     2     8     1     7     1     3     5     0     0     0     0     0     3     0     0   594     0
   664     1     1     2     2     4     6     8     0     0     0     1     0     3     0     0   586     0
   665     2     7     0     5     7     1     3     0     0     0     0     1     3     0     0   610     0
   666     2     7     0     5     7     1     3     1     0     1     1     0     1     1     0   484     0
   667     1     3     1     6     8     2     4     1     1     1     1     0     3     0     1   634     0
   668     1     3     1     6     8     2     4     0     1     1     0     0     1     1     0   711     0
   669     1     3     1     6     8     2     4     1     1     0     0     0     1     1     0   629     0
   670     1     4     1     8     2     4     6     1     1     1     1     0     2     0     0   755     0
   671     1     4     1     8     2     4     6     1     1     1     1     0     1     0     0   534     0
   672     2     5     0     1     3     5     7     1     1     1     0     1     3     0     0   665     0
   673     2     8     1     7     1     3     5     1     1     1     1     0     2     0     0   782     0
   674     2     6     2     3     5     7     1     1     1     0     0     1     2     0     0   381     0
   675     2     8     1     7     1     3     5     0     0     0     0     1     2     1     1  1009     0
   676     2     8     1     7     1     3     5     0     1     1     1     0     1     0     1   471     0
   677     2     5     0     1     3     5     7     1     0     0     1     1     2     1     1   549     0
   678     1     4     1     8     2     4     6     0     1     1     1     0     3     1     1   428     0
   679     1     1     2     2     4     6     8     1     1     0     1     1     2     1     0   434     0
   680     1     1     2     2     4     6     8     1     0     0     1     0     1     0     1   360     0
   681     1     1     2     2     4     6     8     1     1     0     1     1     1     0     1   440     0
   682     2     8     1     7     1     3     5     0     0     0     0     0     3     1     1   646     0
   683     1     2     2     4     6     8     2     1     1     1     0     1     3     1     1   416     0
   684     1     3     1     6     8     2     4     0     0     1     1     0     2     1     1   538     0
   685     1     2     2     4     6     8     2     1     1     1     1     0     2     1     1   457     0
   686     2     5     0     1     3     5     7     1     1     1     0     0     3     0     0   478     0
   687     2     8     1     7     1     3     5     0     1     0     0     1     2     1     0   340     1
   688     2     8     1     7     1     3     5     1     0     1     1     0     1     1     1   582     0
   689     2     6     2     3     5     7     1     1     1     0     1     1     2     0     1   354     0
   690     2     6     2     3     5     7     1     0     1     0     1     1     1     1     0   466     0
   691     1     1     2     2     4     6     8     1     0     1     1     0     3     1     1   432     0
   692     1     2     2     4     6     8     2     0     0     0     0     0     2     1     0   690     0
   693     1     4     1     8     2     4     6     0     0     0     1     0     2     0     0   496     0
   694     1     4     1     8     2     4     6     0     0     0     1     0     1     0     0   390     0
   695     2     8     1     7     1     3     5     1     0     1     1     1     3     1     0   478     0
   696     2     5     0     1     3     5     7     0     1     1     0     0     2     1     1   529     0
   697     2     8     1     7     1     3     5     0     0     0     0     1     2     0     1   461     0
   698     2     7     0     5     7     1     3     1     1     0     0     0     2     1     1   599     0
   699     1     2     2     4     6     8     2     0     0     0     0     0     3     1     1   420     0
   700     1     2     2     4     6     8     2     0     1     1     0     0     1     0     1   610     0
   701     2     8     1     7     1     3     5     1     0     1     1     0     3     1     1   523     0
   702     1     3     1     6     8     2     4     1     1     0     1     0     3     0     1   606     0
   703     2     7     0     5     7     1     3     0     1     0     1     1     3     1     0   567     0
   704     2     5     0     1     3     5     7     0     1     1     0     0     2     0     0   527     0
   705     2     7     0     5     7     1     3     0     0     0     1     0     2     0     1   471     0
   706     2     5     0     1     3     5     7     1     0     1     1     1     2     1     0   586     0
   707     2     8     1     7     1     3     5     1     1     0     1     0     2     0     1   498     0
   708     2     8     1     7     1     3     5     1     0     1     0     0     1     0     1   466     0
   709     1     1     2     2     4     6     8     1     0     0     1     0     3     0     0   432     0
   710     1     1     2     2     4     6     8     1     1     0     0     1     1     0     1   361     0
   711     2     7     0     5     7     1     3     0     0     0     0     1     3     1     1   573     0
   712     2     7     0     5     7     1     3     0     0     0     0     1     1     0     0   456     0
   713     2     5     0     1     3     5     7     0     0     0     1     1     2     0     0   483     0
   714     2     7     0     5     7     1     3     0     1     0     1     1     2     0     1   429     0
   715     2     5     0     1     3     5     7     1     0     1     1     0     2     1     1   722     0
   716     2     5     0     1     3     5     7     0     1     0     1     0     1     1     1   529     0
   717     1     2     2     4     6     8     2     0     0     0     0     0     3     0     1   721     0
   718     1     2     2     4     6     8     2     1     0     1     0     1     1     1     0   416     0
   719     2     5     0     1     3     5     7     0     1     0     0     0     3     1     1   360     0
   720     2     5     0     1     3     5     7     1     1     0     0     0     1     1     0   212     1
   721     2     6     2     3     5     7     1     1     0     0     1     1     2     0     1   438     0
   722     2     6     2     3     5     7     1     0     1     1     0     1     1     1     1   342     0
   723     1     3     1     6     8     2     4     0     1     1     1     1     3     0     0   449     0
   724     1     4     1     8     2     4     6     1     1     1     0     1     2     1     0   447     0
   725     1     4     1     8     2     4     6     1     1     1     1     1     1     0     0   348     0
   726     1     4     1     8     2     4     6     1     0     0     0     1     1     0     1   380     0
   727     2     5     0     1     3     5     7     0     0     1     1     1     3     1     0   493     1
   728     2     5     0     1     3     5     7     1     1     1     0     0     1     1     1   389     0
   729     1     2     2     4     6     8     2     1     0     0     0     1     3     0     1   469     0
   730     1     3     1     6     8     2     4     1     0     1     0     1     2     0     0   579     0
   731     2     6     2     3     5     7     1     1     1     1     1     1     3     0     1   427     0
   732     2     6     2     3     5     7     1     1     0     1     1     1     1     0     1   421     0
   733     1     4     1     8     2     4     6     0     0     0     1     1     3     1     0   517     0
   734     2     7     0     5     7     1     3     1     1     0     0     0     3     1     1   504     1
   735     2     5     0     1     3     5     7     0     1     1     0     0     2     1     0   553     0
   736     2     5     0     1     3     5     7     1     0     0     0     1     1     1     1   429     0
   737     1     4     1     8     2     4     6     1     0     0     0     1     3     0     0   490     0
   738     1     4     1     8     2     4     6     0     1     1     1     0     1     1     1   402     0
   739     1     3     1     6     8     2     4     0     0     0     1     1     2     0     1   370     0
   740     1     3     1     6     8     2     4     0     0     0     1     1     1     0     0   450     0
   741     2     6     2     3     5     7     1     0     1     0     1     0     3     0     1   323     0
   742     2     6     2     3     5     7     1     0     1     0     0     1     1     0     0   571     0
   743     1     3     1     6     8     2     4     0     1     1     0     1     3     0     0   371     1
   744     1     3     1     6     8     2     4     0     0     0     1     1     1     0     1   495     0
   745     2     7     0     5     7     1     3     1     1     0     0     1     3     1     1   521     0
   746     2     8     1     7     1     3     5     1     1     0     1     0     2     0     0   600     0
   747     2     8     1     7     1     3     5     1     0     1     1     1     1     0     1   449     0
   748     2     8     1     7     1     3     5     0     0     1     0     1     1     1     0   463     1
   749     2     7     0     5     7     1     3     1     0     0     1     0     2     1     0   560     0
   750     1     2     2     4     6     8     2     0     0     0     0     1     3     1     0   579     0
   751     2     6     2     3     5     7     1     0     1     1     1     1     3     0     1   431     0
   752     1     1     2     2     4     6     8     1     1     1     0     0     3     1     0   513     0
   753     1     3     1     6     8     2     4     0     1     1     1     1     2     1     0   476     0
   754     1     2     2     4     6     8     2     0     0     1     0     1     2     0     1   430     0
   755     1     4     1     8     2     4     6     0     1     0     0     1     2     0     1   519     0
   756     1     1     2     2     4     6     8     0     0     1     0     1     2     0     1   474     0
   757     2     8     1     7     1     3     5     1     0     1     1     1     3     1     0   652     0
   758     2     8     1     7     1     3     5     1     0     1     1     1     1     0     0   527     0
   759     1     1     2     2     4     6     8     0     1     0     1     0     3     1     1   399     0
   760     1     1     2     2     4     6     8     1     0     0     0     0     1     1     1   420     0
   761     2     8     1     7     1     3     5     1     0     0     1     1     3     0     0   552     0
   762     2     8     1     7     1     3     5     0     1     0     1     0     1     1     1   484     0
   763     1     3     1     6     8     2     4     0     1     1     0     1     3     0     0   555     0
   764     1     1     2     2     4     6     8     0     1     1     0     1     2     0     0   378     0
   765     1     2     2     4     6     8     2     1     0     1     0     0     2     1     1   866     0
   766     1     2     2     4     6     8     2     0     0     0     0     0     1     1     0   467     0
   767     2     8     1     7     1     3     5     1     1     0     1     1     3     1     1   534     0
   768     2     7     0     5     7     1     3     1     0     0     0     1     2     0     1   570     1
   769     1     2     2     4     6     8     2     1     1     1     0     0     3     0     1   538     0
   770     2     5     0     1     3     5     7     1     1     1     0     1     3     0     0   446     0
   771     1     2     2     4     6     8     2     0     1     1     1     0     3     1     0   527     0
   772     1     3     1     6     8     2     4     0     1     0     0     0     2     0     0   498     0
   773     1     2     2     4     6     8     2     1     1     0     1     0     2     1     0   441     1
   774     1     2     2     4     6     8     2     1     1     1     1     1     1     0     0   566     0
   775     2     6     2     3     5     7     1     1     0     0     0     0     3     0     1   437     0
   776     2     5     0     1     3     5     7     1     1     0     0     0     2     0     1   515     0
   777     2     8     1     7     1     3     5     1     0     1     1     1     2     0     1   485     0
   778     2     8     1     7     1     3     5     0     1     1     0     1     1     1     1   472     0
   779     1     4     1     8     2     4     6     0     0     0     1     1     3     0     1   526     0
   780     1     3     1     6     8     2     4     0     1     1     1     1     2     0     1   500     0
   781     1     4     1     8     2     4     6     0     1     1     1     0     2     0     0   420     0
   782     1     2     2     4     6     8     2     0     1     0     0     0     2     0     0   485     0
   783     2     6     2     3     5     7     1     1     1     0     1     0     3     1     0   508     0
   784     2     6     2     3     5     7     1     1     1     1     1     1     1     0     0   362     0
   785     1     3     1     6     8     2     4     1     1     0     0     1     3     0     0   887     0
   786     1     2     2     4     6     8     2     1     0     0     1     1     2     0     1   441     0
   787     2     5     0     1     3     5     7     0     0     1     1     0     3     1     0   695     0
   788     1     2     2     4     6     8     2     0     0     0     0     0     3     0     0   576     0
   789     1     3     1     6     8     2     4     0     1     0     1     0     2     0     1   459     0
   790     2     6     2     3     5     7     1     0     0     0     1     0     3     0     1   400     0
   791     2     5     0     1     3     5     7     0     1     1     1     0     2     0     1   426     0
   792     2     7     0     5     7     1     3     1     0     0     0     0     2     1     1   542     0
   793     2     6     2     3     5     7     1     1     0     1     0     0     2     0     0   450     0
   794     2     5     0     1     3     5     7     0     0     0     0     0     2     1     0   408     0
   795     1     2     2     4     6     8     2     0     1     1     0     0     3     0     1   505     0
   796     1     3     1     6     8     2     4     0     1     0     1     1     2     0     0   472     0
   797     1     3     1     6     8     2     4     1     1     0     1     0     1     1     0   549     0
   798     1     3     1     6     8     2     4     0     0     1     1     0     1     1     1   481     0
   799     2     7     0     5     7     1     3     0     0     1     1     1     3     0     0   476     0
   800     2     7     0     5     7     1     3     1     1     0     0     1     1     1     1   418     0
   801     2     8     1     7     1     3     5     1     1     1     1     0     2     0     0   447     0
   802     2     8     1     7     1     3     5     0     1     0     1     0     1     1     0   434     0
   803     1     3     1     6     8     2     4     0     0     1     0     1     3     0     1   703     0
   804     1     3     1     6     8     2     4     1     0     1     1     0     1     1     0   429     0
   805     2     7     0     5     7     1     3     0     0     0     0     0     3     1     0   374     1
   806     2     5     0     1     3     5     7     0     1     0     1     0     2     0     1   490     0
   807     1     1     2     2     4     6     8     0     0     0     0     0     3     0     1   384     0
   808     1     1     2     2     4     6     8     1     1     1     1     0     1     1     1   420     0
   809     2     8     1     7     1     3     5     0     1     1     1     0     3     1     0   406     1
   810     2     6     2     3     5     7     1     1     1     0     1     0     2     1     0   529     0
   811     1     1     2     2     4     6     8     0     1     1     0     1     3     1     0   400     0
   812     1     1     2     2     4     6     8     1     1     1     0     0     1     1     0   465     0
   813     1     3     1     6     8     2     4     0     1     1     1     0     2     1     0   579     1
   814     1     3     1     6     8     2     4     1     0     1     1     1     1     1     1   563     0
   815     2     8     1     7     1     3     5     1     0     0     1     1     3     0     0   442     0
   816     2     8     1     7     1     3     5     0     0     0     1     0     1     1     0   476     0
   817     1     3     1     6     8     2     4     1     1     0     0     0     3     1     1   575     0
   818     1     4     1     8     2     4     6     1     1     0     1     1     2     0     0   623     0
   819     1     2     2     4     6     8     2     1     1     1     1     0     2     0     0   676     0
   820     1     2     2     4     6     8     2     0     0     1     0     1     1     1     1   855     0
   821     2     7     0     5     7     1     3     0     1     0     0     1     3     0     1   524     1
   822     2     7     0     5     7     1     3     0     0     0     1     1     1     0     1   533     0
   823     2     7     0     5     7     1     3     0     0     0     1     1     1     0     0   396     0
   824     2     6     2     3     5     7     1     0     1     0     0     1     2     0     1   416     0
   825     1     3     1     6     8     2     4     1     1     1     1     1     3     1     0   410     0
   826     1     3     1     6     8     2     4     1     0     0     0     1     1     0     1   415     0
   827     1     3     1     6     8     2     4     1     1     1     0     0     1     0     1   472     0
   828     1     4     1     8     2     4     6     1     1     1     0     1     2     0     0   469     0
   829     2     5     0     1     3     5     7     1     1     1     0     0     3     0     0   432     0
   830     2     8     1     7     1     3     5     1     0     1     0     1     2     0     1   469     0
   831     2     5     0     1     3     5     7     1     0     1     0     0     2     0     0   400     1
   832     1     4     1     8     2     4     6     1     0     0     0     1     3     0     0   440     0
   833     2     5     0     1     3     5     7     1     1     1     0     0     3     0     1   417     0
   834     2     6     2     3     5     7     1     1     1     1     0     1     2     0     0   426     0
   835     2     8     1     7     1     3     5     1     1     0     1     0     2     0     0   420     1
   836     2     8     1     7     1     3     5     0     0     0     0     1     1     1     1   588     0
   837     1     1     2     2     4     6     8     0     1     1     1     0     3     0     1   481     0
   838     1     1     2     2     4     6     8     0     1     1     0     0     1     0     0   368     0
   839     2     5     0     1     3     5     7     1     0     0     0     1     3     1     1   448     0
   840     2     5     0     1     3     5     7     1     0     1     0     1     1     0     0   414     0
   841     1     2     2     4     6     8     2     1     1     0     1     0     3     0     1   538     0
   842     2     5     0     1     3     5     7     0     0     1     0     0     3     1     1   562     0
   843     2     5     0     1     3     5     7     0     1     1     1     1     1     0     1   489     0
   844     2     5     0     1     3     5     7     0     0     1     1     1     1     0     1   388     0
   845     2     5     0     1     3     5     7     0     0     0     1     1     1     0     0   537     0
   846     2     6     2     3     5     7     1     1     1     0     1     0     2     1     1   535     0
   847     2     8     1     7     1     3     5     1     1     0     1     1     2     0     0   531     0
   848     2     8     1     7     1     3     5     0     1     0     0     1     1     1     0   517     0
   849     1     2     2     4     6     8     2     1     1     1     1     1     3     1     0   461     0
   850     1     4     1     8     2     4     6     1     0     1     1     1     2     0     1   387     0
   851     1     2     2     4     6     8     2     1     1     1     0     1     2     0     1   423     0
   852     1     2     2     4     6     8     2     0     1     0     1     1     1     1     0   385     0
   853     1     2     2     4     6     8     2     1     0     1     1     0     1     1     1   421     0
   854     1     2     2     4     6     8     2     0     0     0     0     0     1     1     0   519     0
   855     2     6     2     3     5     7     1     1     0     0     1     1     3     1     0   642     0
   856     2     8     1     7     1     3     5     1     0     1     0     0     2     0     0   520     0
   857     2     7     0     5     7     1     3     1     0     0     0     1     2     0     0   586     0
   858     2     7     0     5     7     1     3     1     1     0     0     1     1     0     1   451     1
   859     2     7     0     5     7     1     3     0     0     0     0     1     1     1     1   629     0
   860     2     7     0     5     7     1     3     0     0     0     0     1     1     0     0   386     0
   861     2     8     1     7     1     3     5     1     0     0     1     1     2     1     0   606     0
   862     2     8     1     7     1     3     5     0     1     0     0     1     1     1     1   475     0
   863     1     4     1     8     2     4     6     1     1     0     0     1     3     1     0   530     0
   864     1     4     1     8     2     4     6     1     1     0     0     1     1     0     0   493     0
   865     2     5     0     1     3     5     7     0     1     1     0     0     3     1     0   464     0
   866     2     5     0     1     3     5     7     1     0     0     0     0     1     1     1   593     0
   867     1     1     2     2     4     6     8     1     0     1     0     1     3     0     0   482     0
   868     2     6     2     3     5     7     1     1     0     0     1     0     3     0     0   449     0
   869     1     3     1     6     8     2     4     1     1     0     0     0     3     0     1   642     0
   870     2     8     1     7     1     3     5     1     1     1     1     1     3     0     0   448     0
   871     2     8     1     7     1     3     5     0     1     1     1     1     1     1     0   481     0
   872     2     6     2     3     5     7     1     0     1     1     1     0     2     0     0   402     0
   873     1     2     2     4     6     8     2     0     1     0     1     0     3     0     0   451     0
   874     2     7     0     5     7     1     3     0     1     0     1     1     3     0     0   409     0
   875     1     2     2     4     6     8     2     0     1     1     1     1     3     0     0   211     1
   876     1     2     2     4     6     8     2     1     1     1     0     1     1     1     0   530     0
   877     2     7     0     5     7     1     3     1     1     0     1     1     3     0     0   369     0
   878     2     7     0     5     7     1     3     0     1     0     1     1     1     1     0   366     0
   879     2     6     2     3     5     7     1     1     0     1     1     0     2     1     1   621     0
   880     2     6     2     3     5     7     1     0     1     1     0     0     1     1     1   378     0
   881     2     7     0     5     7     1     3     0     1     0     0     1     2     0     0   402     0
   882     2     7     0     5     7     1     3     1     1     1     1     0     1     1     0   914     0
   883     2     6     2     3     5     7     1     1     0     1     0     1     2     0     1   516     0
   884     2     6     2     3     5     7     1     1     1     0     1     0     1     0     1   394     0
   885     2     8     1     7     1     3     5     1     0     1     0     1     2     0     1   639     0
   886     2     8     1     7     1     3     5     1     1     1     0     1     1     0     1   497     0
   887     2     6     2     3     5     7     1     1     1     0     0     0     2     0     0   540     0
   888     1     3     1     6     8     2     4     1     1     1     1     1     3     0     0   492     0
   889     1     1     2     2     4     6     8     0     1     0     1     1     2     1     0   693     0
   890     1     1     2     2     4     6     8     1     1     1     1     0     1     1     0   456     0
   891     1     1     2     2     4     6     8     1     0     1     0     1     1     0     1   430     1
   892     2     8     1     7     1     3     5     1     1     1     1     1     3     0     1   422     0
   893     2     5     0     1     3     5     7     0     0     0     1     1     2     1     1   632     0
   894     1     2     2     4     6     8     2     1     1     1     1     1     3     1     1   512     0
   895     2     6     2     3     5     7     1     0     1     1     1     1     3     1     0   394     0
   896     2     6     2     3     5     7     1     1     1     1     0     0     1     1     0   347     0
