     1     1     2     2     4     6     8     2     0     0     1     0     0     0     1     0   700     0
     2     1     4     1     8     2     4     6     1     0     1     1     1     2     1     0   762     0
     3     1     2     2     4     6     8     2     1     1     0     0     0     2     0     1   722     0
     4     1     2     2     4     6     8     2     0     0     1     0     0     1     1     1   517     0
     5     1     4     1     8     2     4     6     0     1     1     0     1     2     0     1   877     0
     6     2     7     0     5     7     1     3     1     0     0     0     1     3     1     1   590     0
     7     2     7     0     5     7     1     3     0     1     0     1     1     1     1     1  1163     0
     8     2     8     1     7     1     3     5     0     1     1     0     1     2     0     0   681     0
     9     1     2     2     4     6     8     2     0     1     0     0     1     3     0     0   787     0
    10     2     7     0     5     7     1     3     1     0     1     0     1     3     1     1   952     0
    11     1     2     2     4     6     8     2     0     1     1     0     0     3     1     1   988     0
    12     1     3     1     6     8     2     4     1     0     1     0     0     2     1     1   969     1
    13     1     2     2     4     6     8     2     0     1     0     0     0     2     1     1  1227     0
    14     1     2     2     4     6     8     2     1     1     1     1     0     1     1     0   724     0
    15     1     1     2     2     4     6     8     1     1     1     1     0     2     0     0   996     0
    16     1     1     2     2     4     6     8     0     1     1     1     0     1     1     0   691     0
    17     1     2     2     4     6     8     2     1     0     1     0     1     2     1     1   702     1
    18     1     2     2     4     6     8     2     0     1     1     0     0     1     1     1   769     0
    19     2     7     0     5     7     1     3     1     0     0     0     0     3     1     1   661     0
    20     1     4     1     8     2     4     6     1     0     1     1     1     3     0     0   974     0
    21     2     7     0     5     7     1     3     0     1     1     0     0     3     1     1   754     0
    22     2     7     0     5     7     1     3     0     1     1     1     0     1     0     0  1034     0
    23     2     5     0     1     3     5     7     1     0     0     1     1     2     1     1   622     0
    24     2     5     0     1     3     5     7     0     0     1     0     0     1     1     0   551     0
    25     1     3     1     6     8     2     4     0     1     1     0     0     3     0     1   634     0
    26     1     2     2     4     6     8     2     1     1     1     1     1     2     1     0   963     0
    27     2     6     2     3     5     7     1     0     0     0     1     0     3     1     1   488     0
    28     2     5     0     1     3     5     7     1     1     0     0     1     2     1     1   782     0
    29     2     6     2     3     5     7     1     1     0     0     1     1     2     0     1   669     0
    30     2     6     2     3     5     7     1     0     0     1     1     1     1     1     0   655     0
    31     1     2     2     4     6     8     2     0     1     0     0     1     3     0     1   749     0
    32     1     2     2     4     6     8     2     1     0     1     1     1     1     1     1   564     0
    33     1     3     1     6     8     2     4     1     0     1     0     0     2     0     0  1500     2
    34     1     3     1     6     8     2     4     0     1     1     0     1     1     1     1   874     0
    35     2     6     2     3     5     7     1     1     1     0     0     1     3     1     0   748     0
    36     2     7     0     5     7     1     3     1     0     0     1     0     2     0     1   624     0
    37     1     1     2     2     4     6     8     0     0     0     1     0     3     1     0   864     0
    38     1     2     2     4     6     8     2     0     0     1     1     0     2     0     0   585     0
    39     1     1     2     2     4     6     8     0     0     0     1     0     2     0     0   581     1
    40     1     1     2     2     4     6     8     0     1     0     1     1     1     0     1   605     0
    41     2     6     2     3     5     7     1     1     0     1     0     0     3     1     1   502     0
    42     2     6     2     3     5     7     1     0     1     1     0     1     1     1     1   496     0
    43     1     1     2     2     4     6     8     1     0     0     0     0     3     1     1   615     0
    44     1     1     2     2     4     6     8     0     1     0     1     1     1     1     1   688     0
    45     1     4     1     8     2     4     6     1     1     1     1     1     2     1     0   591     0
    46     1     1     2     2     4     6     8     0     0     0     1     1     2     1     1   752     0
    47     1     4     1     8     2     4     6     1     1     1     0     1     2     1     1   638     0
    48     1     4     1     8     2     4     6     1     1     1     1     1     1     0     0   635     0
    49     1     2     2     4     6     8     2     1     1     0     0     1     2     0     0   629     1
    50     1     1     2     2     4     6     8     1     1     0     1     0     2     0     0   637     0
    51     1     2     2     4     6     8     2     0     1     0     0     1     2     1     0   626     0
    52     1     3     1     6     8     2     4     1     1     1     0     0     2     1     0   698     0
    53     2     8     1     7     1     3     5     0     1     1     0     1     3     1     0   542     0
    54     2     6     2     3     5     7     1     0     1     1     0     1     2     0     0   557     0
    55     2     6     2     3     5     7     1     0     0     1     0     1     1     0     1   449     0
    56     1     1     2     2     4     6     8     1     1     1     1     1     3     1     1   584     0
    57     2     8     1     7     1     3     5     0     0     1     1     1     3     1     1   843     0
    58     2     8     1     7     1     3     5     1     1     1     1     0     1     1     1   829     0
    59     1     3     1     6     8     2     4     0     0     0     0     1     3     1     1   714     0
    60     1     3     1     6     8     2     4     1     0     1     0     0     1     1     0   620     0
    61     1     1     2     2     4     6     8     1     1     0     1     1     2     0     1  1150     1
    62     1     1     2     2     4     6     8     0     1     0     1     1     1     1     0  1188     0
    63     2     5     0     1     3     5     7     1     1     1     1     1     3     1     0  1292     1
    64     2     5     0     1     3     5     7     0     0     0     1     1     1     1     1   753     0
    65     2     6     2     3     5     7     1     0     1     1     1     1     2     0     1   588     0
    66     2     6     2     3     5     7     1     0     1     1     0     1     1     0     0   797     0
    67     1     2     2     4     6     8     2     1     1     0     1     1     3     1     0   806     0
    68     1     4     1     8     2     4     6     1     1     0     0     0     2     0     0   670     0
    69     2     7     0     5     7     1     3     1     0     0     1     1     3     0     1   665     1
    70     2     6     2     3     5     7     1     0     1     1     0     1     2     1     1   742     0
    71     2     6     2     3     5     7     1     0     0     1     1     0     1     0     1   417     0
    72     2     6     2     3     5     7     1     0     1     0     1     1     1     0     1   734     0
    73     1     3     1     6     8     2     4     0     0     0     1     0     3     0     1   669     1
    74     1     4     1     8     2     4     6     1     0     1     1     0     2     1     0   921     0
    75     1     2     2     4     6     8     2     1     1     1     0     0     2     0     1   672     0
    76     1     2     2     4     6     8     2     1     0     1     0     0     1     0     1   698     0
    77     1     1     2     2     4     6     8     1     0     1     1     1     2     0     0   713     0
    78     1     1     2     2     4     6     8     0     1     0     0     0     1     1     1   619     0
    79     1     4     1     8     2     4     6     1     0     0     1     1     2     1     1  1457     0
    80     1     4     1     8     2     4     6     1     0     0     0     1     1     0     0   701     0
    81     1     3     1     6     8     2     4     0     1     0     0     0     2     1     1  1304     0
    82     2     6     2     3     5     7     1     0     0     0     0     1     3     0     1   513     0
    83     1     2     2     4     6     8     2     0     1     1     1     0     3     0     1   588     0
    84     2     7     0     5     7     1     3     1     1     0     0     0     3     1     0   767     0
    85     2     6     2     3     5     7     1     0     0     0     1     0     2     1     1   798     0
    86     2     7     0     5     7     1     3     0     1     0     1     0     2     0     1   590     0
    87     2     7     0     5     7     1     3     1     0     0     0     0     1     1     1   779     1
    88     2     6     2     3     5     7     1     1     1     0     1     0     2     0     1   715     0
    89     1     2     2     4     6     8     2     1     0     1     1     1     3     0     1  1029     0
    90     2     7     0     5     7     1     3     0     0     1     0     1     3     1     0   760     0
    91     2     6     2     3     5     7     1     0     0     1     0     1     2     0     0   916     0
    92     2     8     1     7     1     3     5     1     1     0     1     1     2     1     1   700     0
    93     2     5     0     1     3     5     7     0     0     0     0     0     2     1     1   870     0
    94     1     2     2     4     6     8     2     1     0     0     1     0     3     1     0   720     0
    95     1     3     1     6     8     2     4     1     1     1     0     1     2     0     1   879     0
    96     1     3     1     6     8     2     4     0     1     0     1     0     1     1     0   844     1
    97     2     6     2     3     5     7     1     0     1     0     0     1     3     0     0  1176     0
    98     2     6     2     3     5     7     1     0     1     1     1     0     1     0     0   615     0
    99     1     1     2     2     4     6     8     0     1     0     0     0     3     0     0  1211     0
   100     2     8     1     7     1     3     5     1     0     0     0     0     3     1     1  1500     2
   101     2     8     1     7     1     3     5     1     0     0     0     1     1     0     0   580     0
   102     2     8     1     7     1     3     5     1     0     1     0     1     1     0     0  1264     1
   103     2     8     1     7     1     3     5     1     1     1     0     1     1     0     1   736     0
   104     2     7     0     5     7     1     3     1     0     0     0     1     2     0     1   603     0
   105     1     3     1     6     8     2     4     0     1     1     1     0     3     1     1   644     0
   106     1     3     1     6     8     2     4     1     1     0     0     1     1     1     0   669     0
   107     2     7     0     5     7     1     3     1     0     0     1     1     3     0     1   735     0
   108     2     7     0     5     7     1     3     0     0     1     0     1     1     1     0   569     0
   109     2     5     0     1     3     5     7     0     1     1     1     1     2     0     1   574     0
   110     2     7     0     5     7     1     3     0     0     1     0     0     2     0     1   949     0
   111     2     8     1     7     1     3     5     1     0     0     0     0     2     1     0   683     0
   112     2     8     1     7     1     3     5     0     1     1     0     0     1     1     1   673     0
   113     2     5     0     1     3     5     7     1     0     0     0     1     2     1     1   732     0
   114     2     6     2     3     5     7     1     1     1     1     0     1     2     0     1   617     0
   115     1     1     2     2     4     6     8     0     1     1     0     1     3     1     0   521     1
   116     1     1     2     2     4     6     8     0     1     1     1     1     1     0     0   480     0
   117     1     2     2     4     6     8     2     0     1     0     1     0     2     0     0   582     0
   118     2     5     0     1     3     5     7     1     1     0     0     0     3     1     0   647     0
   119     1     2     2     4     6     8     2     0     0     1     0     1     3     1     1   572     0
   120     1     1     2     2     4     6     8     0     1     1     1     1     2     0     1   540     0
   121     2     5     0     1     3     5     7     1     1     1     0     0     3     1     0  1120     1
   122     1     4     1     8     2     4     6     0     1     1     0     1     3     1     0   505     0
   123     1     1     2     2     4     6     8     0     0     1     1     0     2     0     1  1011     0
   124     2     6     2     3     5     7     1     1     1     1     1     0     3     1     1   499     0
   125     1     4     1     8     2     4     6     1     1     1     1     1     3     0     0   614     0
   126     1     4     1     8     2     4     6     1     1     1     1     1     1     0     0   627     0
   127     1     2     2     4     6     8     2     0     1     0     0     0     2     1     0   648     0
   128     1     2     2     4     6     8     2     1     1     1     1     0     1     1     0   665     0
   129     1     3     1     6     8     2     4     0     1     0     1     0     2     1     0  1467     0
   130     1     3     1     6     8     2     4     1     0     1     1     0     1     1     1   920     0
   131     1     2     2     4     6     8     2     1     1     0     1     1     2     0     1  1346     1
   132     1     3     1     6     8     2     4     1     1     0     0     1     2     0     0   477     0
   133     2     7     0     5     7     1     3     1     0     0     1     1     3     0     1   652     0
   134     2     5     0     1     3     5     7     0     1     1     0     1     2     1     1   602     0
   135     2     7     0     5     7     1     3     0     1     1     1     0     2     0     0   882     0
   136     2     7     0     5     7     1     3     1     1     0     0     0     1     1     0   839     0
   137     2     8     1     7     1     3     5     0     0     1     0     1     2     1     1   704     0
   138     2     5     0     1     3     5     7     0     1     0     1     1     2     0     1   702     0
   139     1     4     1     8     2     4     6     1     1     1     0     1     3     1     0   549     1
   140     1     4     1     8     2     4     6     0     0     0     1     0     1     1     1   768     0
   141     1     1     2     2     4     6     8     0     1     1     1     1     2     0     1  1203     0
   142     2     8     1     7     1     3     5     0     0     1     0     0     3     0     1   659     1
   143     2     7     0     5     7     1     3     1     1     0     1     0     2     1     1  1420     0
   144     2     7     0     5     7     1     3     0     1     1     0     1     1     1     0   816     0
   145     1     1     2     2     4     6     8     0     1     1     0     1     3     0     0   700     0
   146     1     3     1     6     8     2     4     1     0     1     0     0     2     1     1   838     1
   147     1     4     1     8     2     4     6     0     1     1     1     1     2     1     1  1227     0
   148     1     4     1     8     2     4     6     1     0     1     1     0     1     1     1   687     0
   149     2     5     0     1     3     5     7     0     1     1     0     0     3     1     1   758     0
   150     2     8     1     7     1     3     5     1     1     0     1     0     2     1     0   798     0
   151     1     1     2     2     4     6     8     1     0     0     0     0     3     0     1   670     0
   152     1     1     2     2     4     6     8     1     0     0     0     1     1     0     0   847     0
   153     1     3     1     6     8     2     4     1     0     1     1     1     2     0     0   641     0
   154     1     4     1     8     2     4     6     1     0     1     1     1     2     0     0   722     0
   155     1     4     1     8     2     4     6     0     0     0     0     1     1     1     0   772     0
   156     1     2     2     4     6     8     2     0     1     0     0     1     2     0     1   712     0
   157     2     7     0     5     7     1     3     1     0     0     0     1     3     1     1   660     0
   158     2     7     0     5     7     1     3     1     1     1     0     0     1     0     1   669     0
   159     1     4     1     8     2     4     6     1     1     1     1     1     3     0     0   602     1
   160     2     5     0     1     3     5     7     1     1     0     0     0     3     0     0   627     0
   161     2     7     0     5     7     1     3     1     1     1     0     1     2     0     0   319     1
   162     1     4     1     8     2     4     6     0     0     1     0     0     3     1     1   868     0
   163     1     4     1     8     2     4     6     0     1     1     1     0     1     0     1   562     1
   164     1     2     2     4     6     8     2     0     0     0     1     1     2     0     1   868     1
   165     2     8     1     7     1     3     5     1     1     0     0     1     3     1     1  1500     2
   166     2     8     1     7     1     3     5     0     0     0     0     0     1     1     1   678     0
   167     1     1     2     2     4     6     8     0     0     0     1     1     3     0     0   512     0
   168     2     6     2     3     5     7     1     1     1     1     0     1     3     1     1   795     0
   169     1     4     1     8     2     4     6     0     1     0     1     1     3     1     0   759     1
   170     2     5     0     1     3     5     7     0     0     1     1     0     3     0     1   506     0
   171     1     3     1     6     8     2     4     0     0     1     0     0     3     0     0   628     0
   172     1     3     1     6     8     2     4     1     0     1     1     1     1     1     0   608     0
   173     1     3     1     6     8     2     4     0     1     1     0     0     1     1     1   561     0
   174     1     4     1     8     2     4     6     0     1     0     0     0     2     0     0   617     1
   175     2     8     1     7     1     3     5     0     1     0     1     0     3     0     0   580     0
   176     2     7     0     5     7     1     3     1     0     0     0     0     2     1     1   668     0
   177     2     6     2     3     5     7     1     0     1     0     0     0     2     1     1   559     0
   178     2     6     2     3     5     7     1     1     1     0     1     1     1     1     0   564     0
   179     1     3     1     6     8     2     4     0     1     1     1     1     3     1     0   596     0
   180     1     3     1     6     8     2     4     0     0     0     1     0     1     0     1   485     0
   181     1     1     2     2     4     6     8     0     1     1     0     1     2     0     1   811     0
   182     1     1     2     2     4     6     8     1     1     1     0     1     1     1     0   868     0
   183     2     7     0     5     7     1     3     1     1     0     0     1     3     0     0   526     0
   184     2     7     0     5     7     1     3     0     1     0     0     0     1     1     0   541     0
   185     2     5     0     1     3     5     7     1     0     0     0     1     2     1     1   723     0
   186     2     6     2     3     5     7     1     1     1     1     0     0     2     0     1   514     0
   187     1     3     1     6     8     2     4     1     0     1     0     1     3     0     1   541     0
   188     1     4     1     8     2     4     6     0     0     1     1     0     2     1     0   536     0
   189     2     6     2     3     5     7     1     1     0     1     1     1     3     1     0   702     0
   190     2     6     2     3     5     7     1     1     1     0     1     1     1     0     1   557     0
   191     1     4     1     8     2     4     6     0     0     1     0     0     3     1     1   957     0
   192     1     4     1     8     2     4     6     1     0     1     0     0     1     1     0   432     0
   193     2     6     2     3     5     7     1     0     0     0     1     1     3     1     0   489     0
   194     2     6     2     3     5     7     1     1     1     1     0     1     1     1     1   523     0
   195     2     5     0     1     3     5     7     1     1     0     1     1     2     0     0   787     1
   196     2     5     0     1     3     5     7     0     0     1     0     0     1     1     1   667     0
   197     2     8     1     7     1     3     5     1     0     1     1     0     2     1     0   697     1
   198     2     8     1     7     1     3     5     1     0     0     0     1     1     0     0   618     0
   199     2     8     1     7     1     3     5     0     1     1     1     1     1     1     1   680     0
   200     2     7     0     5     7     1     3     1     0     0     0     0     2     1     1   601     0
   201     1     4     1     8     2     4     6     1     1     0     0     1     3     0     1   541     0
   202     1     1     2     2     4     6     8     1     0     0     1     1     2     0     1   529     0
   203     2     5     0     1     3     5     7     0     1     1     1     1     3     1     1   485     0
   204     2     5     0     1     3     5     7     0     1     1     1     0     1     0     0   718     0
   205     1     4     1     8     2     4     6     1     0     0     0     1     3     1     1   485     0
   206     1     4     1     8     2     4     6     1     1     1     0     1     1     0     1   415     0
   207     2     5     0     1     3     5     7     0     1     1     1     0     3     1     0   500     0
   208     2     5     0     1     3     5     7     1     1     0     0     0     1     1     0   582     0
   209     1     4     1     8     2     4     6     0     0     1     0     1     3     1     1   531     0
   210     1     3     1     6     8     2     4     0     1     0     1     0     2     0     1   891     0
   211     1     2     2     4     6     8     2     0     1     0     0     1     2     0     0   809     1
   212     1     3     1     6     8     2     4     0     1     1     1     1     2     0     0  1124     0
   213     2     6     2     3     5     7     1     1     0     1     1     1     3     1     1   663     0
   214     2     6     2     3     5     7     1     1     0     1     1     0     1     0     0   668     1
   215     2     8     1     7     1     3     5     1     1     0     1     1     2     0     1   666     0
   216     2     8     1     7     1     3     5     1     0     1     0     0     1     0     1   524     0
   217     2     7     0     5     7     1     3     0     0     1     0     0     2     1     0   919     0
   218     2     5     0     1     3     5     7     1     1     1     1     1     2     1     1   459     0
   219     1     2     2     4     6     8     2     1     1     0     0     0     3     0     0   949     0
   220     1     2     2     4     6     8     2     0     1     1     0     0     1     1     0   604     0
   221     2     7     0     5     7     1     3     0     1     0     0     1     3     0     0   556     0
   222     2     8     1     7     1     3     5     0     0     0     0     1     2     0     1   564     0
   223     1     4     1     8     2     4     6     1     1     0     1     1     3     1     1  1119     0
   224     1     4     1     8     2     4     6     0     0     1     1     0     1     1     1   542     0
   225     1     1     2     2     4     6     8     1     0     1     0     0     2     1     0   843     0
   226     1     1     2     2     4     6     8     1     0     0     1     0     1     0     0   765     0
   227     1     1     2     2     4     6     8     1     1     0     1     1     1     0     1   469     0
   228     1     4     1     8     2     4     6     0     0     0     0     0     2     1     1   599     0
   229     2     8     1     7     1     3     5     1     0     1     0     1     3     1     0   836     0
   230     2     8     1     7     1     3     5     0     1     1     0     0     1     1     1   529     0
   231     1     1     2     2     4     6     8     1     0     0     0     0     3     1     1   616     0
   232     1     1     2     2     4     6     8     1     0     0     0     0     1     0     0   553     0
   233     2     7     0     5     7     1     3     0     0     0     1     1     3     1     0   553     0
   234     2     7     0     5     7     1     3     0     0     1     1     1     1     0     0   521     0
   235     2     6     2     3     5     7     1     1     1     0     1     0     2     1     1   480     0
   236     2     7     0     5     7     1     3     1     0     1     1     0     2     0     1   506     0
   237     2     5     0     1     3     5     7     1     1     0     0     0     2     0     1   829     0
   238     2     5     0     1     3     5     7     0     1     0     0     0     1     1     0   538     0
   239     1     2     2     4     6     8     2     0     1     0     1     0     3     0     0   549     0
   240     1     2     2     4     6     8     2     1     1     0     1     1     1     1     0  1148     0
   241     2     8     1     7     1     3     5     0     1     0     0     1     3     1     0   744     0
   242     2     8     1     7     1     3     5     1     0     1     0     1     1     1     1  1087     0
   243     1     3     1     6     8     2     4     1     1     1     1     1     3     0     1   641     0
   244     1     1     2     2     4     6     8     1     0     0     0     1     2     0     1   707     0
   245     1     2     2     4     6     8     2     0     1     0     1     0     2     1     1   993     0
   246     1     3     1     6     8     2     4     1     1     0     0     0     2     1     0   681     0
   247     2     6     2     3     5     7     1     1     1     0     0     0     3     0     0   880     0
   248     2     6     2     3     5     7     1     0     1     0     0     1     1     1     0   773     0
   249     2     8     1     7     1     3     5     1     1     0     1     0     2     1     0   638     0
   250     2     8     1     7     1     3     5     0     0     0     0     0     1     1     1   558     0
   251     2     7     0     5     7     1     3     0     1     1     1     0     2     0     1   577     0
   252     2     6     2     3     5     7     1     0     0     0     1     1     2     0     1   474     0
   253     1     1     2     2     4     6     8     0     0     1     1     1     3     0     0   880     0
   254     1     2     2     4     6     8     2     0     1     0     0     0     2     0     1   570     0
   255     1     2     2     4     6     8     2     1     0     1     1     1     1     1     1   630     0
   256     1     2     2     4     6     8     2     0     1     1     0     0     1     1     1   535     0
   257     1     2     2     4     6     8     2     0     0     0     0     0     1     0     1   546     0
   258     1     2     2     4     6     8     2     1     1     1     0     0     1     1     1   726     0
   259     1     1     2     2     4     6     8     0     1     1     0     1     2     1     0   961     0
   260     1     1     2     2     4     6     8     0     1     1     0     1     1     0     0   675     0
   261     1     4     1     8     2     4     6     0     0     1     1     0     2     0     1   565     0
   262     2     5     0     1     3     5     7     1     1     1     0     0     3     1     1   769     0
   263     2     7     0     5     7     1     3     1     0     1     0     0     2     0     1   569     0
   264     2     8     1     7     1     3     5     1     0     0     1     0     2     0     0   592     0
   265     1     3     1     6     8     2     4     1     1     0     0     0     3     0     1   513     0
   266     1     3     1     6     8     2     4     0     1     1     1     1     1     1     0   792     0
   267     2     8     1     7     1     3     5     0     0     0     1     1     3     0     1   528     0
   268     1     1     2     2     4     6     8     1     1     0     1     1     3     1     1   628     0
   269     2     5     0     1     3     5     7     1     1     0     0     1     3     0     0   521     0
   270     2     6     2     3     5     7     1     1     1     0     1     0     2     0     0   488     0
   271     2     8     1     7     1     3     5     0     0     1     1     1     2     1     1   538     0
   272     1     1     2     2     4     6     8     1     0     0     1     1     3     1     0  1354     0
   273     2     7     0     5     7     1     3     1     0     1     0     0     3     0     0   625     0
   274     2     7     0     5     7     1     3     1     0     1     0     0     1     0     0   439     0
   275     2     8     1     7     1     3     5     1     1     0     0     0     2     0     1   692     0
   276     2     8     1     7     1     3     5     1     0     0     0     1     1     0     1  1043     1
   277     1     3     1     6     8     2     4     1     0     0     0     0     3     0     0   504     0
   278     1     3     1     6     8     2     4     0     0     0     1     0     1     1     0   534     0
   279     1     2     2     4     6     8     2     0     1     1     0     0     2     0     1   465     0
   280     1     2     2     4     6     8     2     1     0     1     0     1     1     1     1   563     0
   281     1     3     1     6     8     2     4     1     0     1     0     0     2     0     0   382     1
   282     1     3     1     6     8     2     4     1     0     0     0     1     1     0     0   481     0
   283     2     5     0     1     3     5     7     1     1     0     0     0     3     0     1   619     0
   284     2     8     1     7     1     3     5     1     1     1     0     1     2     0     0   501     1
   285     2     6     2     3     5     7     1     1     0     0     1     0     2     0     1  1495     0
   286     2     8     1     7     1     3     5     0     1     0     1     1     2     1     1   761     0
   287     1     1     2     2     4     6     8     0     0     1     0     0     3     0     1   632     0
   288     1     4     1     8     2     4     6     0     0     1     0     0     2     0     0   741     0
   289     2     7     0     5     7     1     3     0     1     0     1     0     3     0     1   847     0
   290     2     7     0     5     7     1     3     0     0     0     0     0     1     0     1   589     0
   291     2     8     1     7     1     3     5     0     1     1     0     1     2     0     1   512     0
   292     1     3     1     6     8     2     4     0     0     0     1     0     3     0     1   427     0
   293     2     5     0     1     3     5     7     1     1     1     1     1     3     1     1   530     0
   294     2     5     0     1     3     5     7     1     1     0     0     0     1     0     0   721     0
   295     1     1     2     2     4     6     8     0     0     1     0     0     3     1     1   419     0
   296     1     1     2     2     4     6     8     1     1     0     0     1     1     1     1   512     0
   297     2     7     0     5     7     1     3     1     1     0     1     1     3     0     0   742     0
   298     1     4     1     8     2     4     6     0     0     0     0     0     3     1     1   501     0
   299     2     8     1     7     1     3     5     1     0     0     1     1     3     1     0   536     0
   300     2     8     1     7     1     3     5     1     1     1     0     1     1     0     1   436     0
   301     1     3     1     6     8     2     4     0     1     0     1     1     3     1     0   850     1
   302     1     3     1     6     8     2     4     0     0     1     1     0     1     0     1   638     0
   303     1     4     1     8     2     4     6     0     1     1     0     0     2     0     1   479     0
   304     1     4     1     8     2     4     6     1     1     1     1     1     1     1     0   505     0
   305     1     4     1     8     2     4     6     1     0     1     1     1     1     0     1   552     0
   306     1     4     1     8     2     4     6     1     1     1     1     0     1     0     1   536     0
   307     2     7     0     5     7     1     3     0     0     0     0     0     3     1     1   463     0
   308     2     7     0     5     7     1     3     0     0     1     1     0     1     0     0   409     0
   309     1     3     1     6     8     2     4     1     0     1     0     0     3     1     0   525     0
   310     1     3     1     6     8     2     4     1     1     1     0     1     1     0     1   493     0
   311     2     7     0     5     7     1     3     1     0     0     0     0     3     0     1   533     0
   312     2     7     0     5     7     1     3     0     1     1     1     0     1     1     1   508     0
   313     2     5     0     1     3     5     7     0     0     0     1     1     2     0     1   530     0
   314     2     5     0     1     3     5     7     0     0     0     0     1     1     0     0   445     1
   315     1     4     1     8     2     4     6     0     0     0     0     0     3     0     0   631     0
   316     1     2     2     4     6     8     2     1     1     0     0     0     2     1     1   776     0
   317     1     1     2     2     4     6     8     0     0     1     0     1     2     1     1   447     0
   318     1     2     2     4     6     8     2     1     1     0     0     0     2     1     1   738     0
   319     1     4     1     8     2     4     6     0     1     0     0     0     2     1     0   777     1
   320     1     4     1     8     2     4     6     0     1     1     1     0     1     0     0   728     0
   321     1     4     1     8     2     4     6     0     1     1     0     0     1     0     0   471     0
   322     1     3     1     6     8     2     4     1     0     0     1     1     2     1     1   624     0
   323     1     4     1     8     2     4     6     0     0     1     0     1     2     1     0   893     0
   324     1     4     1     8     2     4     6     0     1     0     0     0     1     0     1   511     1
   325     2     5     0     1     3     5     7     0     0     1     0     1     3     0     1   734     0
   326     2     8     1     7     1     3     5     0     1     1     0     1     2     0     1   741     0
   327     2     5     0     1     3     5     7     0     0     1     1     0     2     0     1   932     0
   328     2     5     0     1     3     5     7     1     1     1     1     0     1     1     1   670     0
   329     2     6     2     3     5     7     1     1     1     1     0     0     2     0     0   825     0
   330     2     6     2     3     5     7     1     1     0     1     1     1     1     0     1   606     0
   331     2     8     1     7     1     3     5     0     1     0     0     0     2     1     1   690     0
   332     2     8     1     7     1     3     5     0     1     1     1     0     1     0     0   468     0
   333     1     4     1     8     2     4     6     1     1     0     1     1     3     1     0   798     0
   334     1     4     1     8     2     4     6     0     0     0     0     1     1     1     1   934     0
   335     1     3     1     6     8     2     4     1     0     1     0     1     2     1     0   646     0
   336     2     8     1     7     1     3     5     0     1     1     1     1     3     1     1   434     0
   337     1     4     1     8     2     4     6     1     1     1     1     0     3     1     0  1059     0
   338     2     5     0     1     3     5     7     1     0     1     1     1     3     0     1   491     0
   339     2     8     1     7     1     3     5     1     0     1     0     1     2     0     0   422     1
   340     2     8     1     7     1     3     5     0     0     1     0     0     1     1     0   671     1
   341     1     1     2     2     4     6     8     1     0     1     0     0     3     1     0   855     0
   342     1     3     1     6     8     2     4     0     0     0     1     0     2     1     0   597     0
   343     1     2     2     4     6     8     2     1     0     1     0     0     2     1     0   762     0
   344     2     7     0     5     7     1     3     1     0     1     1     0     3     0     0   581     0
   345     1     3     1     6     8     2     4     0     1     0     1     0     3     1     1   530     0
   346     1     3     1     6     8     2     4     0     1     0     0     0     1     0     0  1133     0
   347     2     8     1     7     1     3     5     0     1     0     0     0     3     0     0   515     0
   348     1     3     1     6     8     2     4     1     1     1     0     0     3     1     0   578     0
   349     1     3     1     6     8     2     4     0     1     0     1     0     1     1     0   747     0
   350     1     4     1     8     2     4     6     0     0     0     0     0     2     0     1   681     0
   351     2     6     2     3     5     7     1     0     1     1     1     0     3     0     1   651     1
   352     1     3     1     6     8     2     4     0     0     0     1     0     3     0     1   532     0
   353     1     2     2     4     6     8     2     0     1     1     0     0     2     0     1   472     0
   354     2     5     0     1     3     5     7     1     0     1     0     1     3     1     1  1500     2
   355     2     8     1     7     1     3     5     1     0     0     0     0     2     0     0   532     0
   356     2     8     1     7     1     3     5     0     0     1     1     1     1     1     0   591     0
   357     1     4     1     8     2     4     6     1     0     0     1     1     3     1     0   675     0
   358     1     1     2     2     4     6     8     1     0     1     0     0     2     0     0   385     0
   359     1     4     1     8     2     4     6     0     0     0     0     0     2     1     0   497     0
   360     1     4     1     8     2     4     6     1     1     1     0     1     1     1     1   467     0
   361     1     1     2     2     4     6     8     1     0     1     1     0     2     0     1   314     0
   362     1     4     1     8     2     4     6     1     0     0     1     1     2     0     0   337     1
   363     2     6     2     3     5     7     1     0     1     1     1     1     3     1     1   604     0
   364     1     1     2     2     4     6     8     1     1     0     1     0     3     1     0   469     1
   365     2     7     0     5     7     1     3     0     0     1     1     0     3     1     1   883     0
   366     1     2     2     4     6     8     2     1     1     1     1     0     3     1     1   713     0
   367     2     6     2     3     5     7     1     1     1     1     0     0     3     0     0   803     0
   368     2     7     0     5     7     1     3     0     0     0     1     0     2     1     1   487     0
   369     2     7     0     5     7     1     3     0     0     0     1     0     1     0     0   473     0
   370     2     7     0     5     7     1     3     0     0     1     0     1     1     0     0   464     0
   371     1     3     1     6     8     2     4     1     0     0     0     1     3     1     0   578     0
   372     1     3     1     6     8     2     4     1     1     0     1     0     1     0     1   750     0
   373     1     1     2     2     4     6     8     1     1     1     0     0     2     0     0   662     0
   374     1     1     2     2     4     6     8     1     0     1     0     1     1     0     1   505     0
   375     2     7     0     5     7     1     3     0     1     1     0     1     3     1     1   760     0
   376     2     7     0     5     7     1     3     0     1     1     0     0     1     0     0   643     0
   377     1     2     2     4     6     8     2     1     0     0     0     0     3     1     1   441     0
   378     2     5     0     1     3     5     7     0     0     1     1     1     3     1     0   703     0
   379     1     4     1     8     2     4     6     1     1     0     0     1     3     1     1   566     0
   380     1     4     1     8     2     4     6     1     0     1     1     1     1     0     1   459     0
   381     2     7     0     5     7     1     3     1     0     1     0     0     3     0     0   504     0
   382     2     5     0     1     3     5     7     0     1     0     1     1     2     1     1   364     0
   383     1     1     2     2     4     6     8     1     0     1     0     0     3     1     1   504     0
   384     1     3     1     6     8     2     4     0     1     0     0     1     2     1     1   654     0
   385     1     3     1     6     8     2     4     1     1     1     1     0     1     1     0   732     0
   386     1     3     1     6     8     2     4     1     0     1     0     1     1     0     1   546     0
   387     1     2     2     4     6     8     2     1     0     0     1     0     2     0     0   522     0
   388     2     5     0     1     3     5     7     1     0     0     0     0     3     0     0   520     0
   389     1     2     2     4     6     8     2     0     0     0     0     0     3     1     0   491     0
   390     1     2     2     4     6     8     2     1     1     0     0     0     1     1     1   390     0
   391     2     5     0     1     3     5     7     0     0     0     0     1     3     1     1   910     0
   392     2     5     0     1     3     5     7     1     1     0     0     1     1     1     1   532     0
   393     2     8     1     7     1     3     5     1     1     0     0     1     2     0     0   490     0
   394     2     5     0     1     3     5     7     0     1     1     0     0     2     1     0   730     0
   395     2     6     2     3     5     7     1     0     1     0     1     0     2     0     0   509     0
   396     2     6     2     3     5     7     1     0     0     1     1     1     1     0     1   460     0
   397     1     4     1     8     2     4     6     1     0     1     1     1     3     1     0   534     0
   398     1     1     2     2     4     6     8     0     0     0     1     1     2     1     0   426     0
   399     2     8     1     7     1     3     5     0     0     1     1     1     3     0     0   458     0
   400     2     8     1     7     1     3     5     0     0     0     0     0     1     0     0   389     0
   401     2     7     0     5     7     1     3     0     0     1     0     0     2     0     0   416     0
   402     2     8     1     7     1     3     5     0     1     1     0     0     2     0     1   509     0
   403     2     8     1     7     1     3     5     0     1     0     1     1     1     0     0   533     0
   404     2     5     0     1     3     5     7     1     0     1     1     0     2     1     1   853     0
   405     1     1     2     2     4     6     8     0     0     1     1     0     3     1     0   518     0
   406     1     4     1     8     2     4     6     1     1     1     1     1     2     1     1   521     0
   407     1     1     2     2     4     6     8     1     1     0     0     1     2     0     0   544     0
   408     1     2     2     4     6     8     2     0     0     0     0     0     2     1     1   391     0
   409     2     5     0     1     3     5     7     1     0     0     1     1     3     1     0   415     1
   410     2     5     0     1     3     5     7     1     1     1     1     1     1     0     1   620     0
   411     1     3     1     6     8     2     4     1     0     1     1     1     3     0     1   489     0
   412     1     3     1     6     8     2     4     0     0     1     0     1     1     1     0   606     0
   413     1     4     1     8     2     4     6     0     0     0     0     0     2     0     0   380     0
   414     1     4     1     8     2     4     6     0     0     0     0     1     1     0     0   468     0
   415     1     4     1     8     2     4     6     0     0     0     1     1     1     0     0   530     0
   416     1     4     1     8     2     4     6     0     1     0     0     1     1     0     1   433     0
   417     2     6     2     3     5     7     1     0     0     1     1     1     3     0     1   359     0
   418     2     7     0     5     7     1     3     0     0     0     1     1     2     0     0   500     0
   419     2     5     0     1     3     5     7     1     1     0     0     1     2     1     1   587     0
   420     1     2     2     4     6     8     2     0     0     0     0     1     3     1     1   335     0
   421     2     5     0     1     3     5     7     1     0     1     0     1     3     1     0   751     0
   422     2     6     2     3     5     7     1     1     1     1     1     0     2     0     1   398     1
   423     2     6     2     3     5     7     1     0     0     1     0     1     1     1     1   530     0
   424     1     1     2     2     4     6     8     0     0     1     1     0     3     0     0   481     0
   425     2     8     1     7     1     3     5     0     1     1     1     0     3     0     1   395     0
   426     2     8     1     7     1     3     5     1     0     0     1     1     1     1     1   456     0
   427     2     5     0     1     3     5     7     1     0     1     1     1     2     0     0   538     0
   428     2     5     0     1     3     5     7     0     0     0     0     1     1     1     0   482     0
   429     2     5     0     1     3     5     7     1     1     1     1     0     1     1     1   539     0
   430     2     5     0     1     3     5     7     0     1     0     0     1     1     1     0   443     0
   431     1     1     2     2     4     6     8     1     1     0     0     0     3     1     0   551     0
   432     1     1     2     2     4     6     8     1     0     1     0     0     1     0     1   455     1
   433     1     4     1     8     2     4     6     0     0     1     0     0     2     1     0  1272     0
   434     1     3     1     6     8     2     4     1     1     1     1     1     2     1     1  1378     0
   435     1     1     2     2     4     6     8     0     1     1     1     0     2     1     0   550     1
   436     1     3     1     6     8     2     4     1     1     0     0     0     2     1     0   916     0
   437     2     8     1     7     1     3     5     0     0     1     0     1     3     1     1   415     0
   438     2     5     0     1     3     5     7     0     1     0     0     1     2     0     1  1312     0
   439     2     5     0     1     3     5     7     0     1     1     1     0     1     0     0   567     0
   440     2     5     0     1     3     5     7     1     1     0     0     1     1     1     0   647     0
   441     2     5     0     1     3     5     7     0     0     0     0     1     1     1     1   548     0
   442     1     4     1     8     2     4     6     0     0     0     1     1     3     0     0   469     0
   443     2     6     2     3     5     7     1     1     1     0     0     0     3     1     1   835     0
   444     1     1     2     2     4     6     8     0     1     1     0     1     3     1     0   532     0
   445     2     6     2     3     5     7     1     0     0     1     1     0     3     0     1   351     0
   446     2     6     2     3     5     7     1     1     1     0     0     0     1     1     1   420     0
   447     1     4     1     8     2     4     6     0     0     1     0     1     3     1     1   488     0
   448     1     1     2     2     4     6     8     0     1     1     0     0     2     0     1   455     0
   449     1     4     1     8     2     4     6     1     0     0     0     0     2     1     1  1500     2
   450     1     4     1     8     2     4     6     1     0     0     0     1     1     0     0   457     0
   451     2     5     0     1     3     5     7     0     1     1     0     1     3     1     1   470     0
   452     1     4     1     8     2     4     6     1     0     0     1     0     3     1     1   705     0
   453     2     7     0     5     7     1     3     0     1     0     1     0     3     1     1   731     0
   454     2     8     1     7     1     3     5     0     0     0     0     0     2     0     1   671     0
   455     1     3     1     6     8     2     4     1     1     1     1     0     3     1     1   649     0
   456     1     1     2     2     4     6     8     0     1     1     1     0     2     1     0   506     1
   457     2     6     2     3     5     7     1     1     0     0     1     0     3     1     1   843     0
   458     2     6     2     3     5     7     1     0     0     1     1     0     1     1     0   568     1
   459     1     2     2     4     6     8     2     0     0     1     1     1     3     0     0   778     0
   460     1     3     1     6     8     2     4     1     0     1     1     1     2     1     0   590     0
   461     2     7     0     5     7     1     3     1     0     1     1     1     3     0     0   478     0
   462     1     4     1     8     2     4     6     0     0     1     1     0     3     1     0   560     0
   463     1     3     1     6     8     2     4     0     1     0     0     0     2     0     1   563     0
   464     1     3     1     6     8     2     4     1     1     0     1     0     1     1     0   599     0
   465     2     6     2     3     5     7     1     1     1     1     1     1     3     0     0   476     0
   466     2     6     2     3     5     7     1     0     0     1     0     0     1     1     1   374     0
   467     1     4     1     8     2     4     6     0     0     0     1     0     3     0     0   530     0
   468     2     7     0     5     7     1     3     1     0     0     0     0     3     1     0   482     0
   469     2     5     0     1     3     5     7     0     0     0     1     1     2     1     0   428     0
   470     2     5     0     1     3     5     7     1     1     1     0     0     1     1     1   480     0
   471     1     3     1     6     8     2     4     1     1     1     0     1     3     0     0  1035     0
   472     1     3     1     6     8     2     4     0     1     0     1     0     1     1     0   576     0
   473     1     2     2     4     6     8     2     0     1     0     0     1     2     0     0   459     0
   474     1     2     2     4     6     8     2     0     1     1     0     0     1     0     0   857     0
   475     1     3     1     6     8     2     4     1     0     1     0     1     2     1     1   454     0
   476     1     1     2     2     4     6     8     0     0     1     0     0     2     1     0   600     0
   477     1     4     1     8     2     4     6     1     0     1     1     0     2     1     0   597     0
   478     1     4     1     8     2     4     6     1     0     0     1     0     1     0     0   403     0
   479     1     4     1     8     2     4     6     0     0     0     1     0     1     1     0   520     0
   480     1     4     1     8     2     4     6     0     1     1     1     0     1     0     1   442     0
   481     1     1     2     2     4     6     8     1     0     0     0     0     2     1     1   548     0
   482     1     1     2     2     4     6     8     0     0     1     1     0     1     1     0   463     0
   483     2     6     2     3     5     7     1     1     0     1     0     1     3     1     0   526     0
   484     2     5     0     1     3     5     7     1     1     1     1     1     2     0     1   541     0
   485     2     8     1     7     1     3     5     1     0     1     1     1     2     0     1   509     0
   486     2     8     1     7     1     3     5     1     1     1     0     1     1     0     1   588     0
   487     2     5     0     1     3     5     7     0     0     0     1     1     2     1     1   468     0
   488     2     6     2     3     5     7     1     1     0     0     0     1     2     1     0   543     0
   489     1     3     1     6     8     2     4     1     1     0     0     0     3     0     1   546     0
   490     1     2     2     4     6     8     2     0     1     1     0     0     2     1     0   786     0
   491     1     2     2     4     6     8     2     0     0     0     0     0     1     0     1   507     0
   492     1     3     1     6     8     2     4     1     1     1     1     1     2     1     1   821     0
   493     1     1     2     2     4     6     8     0     0     1     1     1     2     1     1   518     0
   494     1     1     2     2     4     6     8     1     0     0     1     0     1     1     0   580     0
   495     2     8     1     7     1     3     5     1     0     1     0     0     3     0     0   612     1
   496     2     8     1     7     1     3     5     1     0     0     1     0     1     0     0   855     0
   497     2     5     0     1     3     5     7     1     1     0     0     0     2     0     1   516     0
   498     2     5     0     1     3     5     7     0     1     1     0     0     1     1     0   567     0
   499     2     8     1     7     1     3     5     0     1     0     1     1     2     0     0   571     0
   500     2     8     1     7     1     3     5     1     0     0     0     0     1     1     1   383     0
   501     1     3     1     6     8     2     4     1     0     1     0     0     3     0     0   412     0
   502     1     4     1     8     2     4     6     1     0     0     0     1     2     0     0   545     0
   503     1     2     2     4     6     8     2     1     0     0     0     0     2     0     0   425     0
   504     1     2     2     4     6     8     2     0     1     0     1     1     1     1     1   694     0
   505     1     1     2     2     4     6     8     1     0     0     1     0     2     1     1   437     0
   506     1     2     2     4     6     8     2     0     0     0     0     0     2     1     0   491     0
   507     2     5     0     1     3     5     7     0     0     1     0     1     3     0     0   521     0
   508     2     5     0     1     3     5     7     0     0     0     1     0     1     0     0   409     0
   509     2     7     0     5     7     1     3     1     1     1     0     1     2     1     1   494     0
   510     2     8     1     7     1     3     5     1     0     1     0     0     2     0     1   457     0
   511     1     1     2     2     4     6     8     1     1     0     1     1     3     0     1   984     0
   512     1     1     2     2     4     6     8     0     1     0     1     1     1     1     0   663     0
   513     1     2     2     4     6     8     2     1     1     1     0     1     2     1     0   541     1
   514     1     1     2     2     4     6     8     0     1     0     1     1     2     1     0   971     0
   515     2     8     1     7     1     3     5     0     1     1     1     0     3     0     0   547     0
   516     2     5     0     1     3     5     7     0     0     0     1     0     2     0     1   530     0
   517     1     2     2     4     6     8     2     0     0     0     1     1     3     0     0   646     1
   518     1     2     2     4     6     8     2     1     1     0     1     1     1     1     1  1259     0
   519     2     6     2     3     5     7     1     1     1     0     1     0     3     0     0   440     0
   520     1     3     1     6     8     2     4     1     0     0     1     1     3     0     1   506     0
   521     1     2     2     4     6     8     2     0     0     1     0     0     2     1     0   757     0
   522     1     2     2     4     6     8     2     0     1     1     1     1     1     0     1   432     0
   523     1     3     1     6     8     2     4     0     0     1     0     0     2     0     1   594     0
   524     1     2     2     4     6     8     2     1     1     1     1     0     2     1     1   466     0
   525     1     1     2     2     4     6     8     0     1     0     1     1     2     1     0   629     0
   526     2     6     2     3     5     7     1     0     1     1     0     0     3     0     0   710     0
   527     2     6     2     3     5     7     1     1     0     1     1     0     1     1     1   336     0
   528     2     6     2     3     5     7     1     1     0     1     1     0     1     0     0   441     0
   529     1     1     2     2     4     6     8     0     1     1     0     1     3     1     1   459     0
   530     1     2     2     4     6     8     2     1     1     0     0     1     2     1     0   729     0
   531     1     4     1     8     2     4     6     0     1     1     0     1     2     1     0   577     0
   532     1     4     1     8     2     4     6     1     0     0     0     0     1     1     1   482     0
   533     1     1     2     2     4     6     8     1     1     0     0     0     2     0     1   460     0
   534     1     1     2     2     4     6     8     1     0     1     1     1     1     0     1   445     1
   535     2     5     0     1     3     5     7     0     1     1     0     1     3     1     1   474     0
   536     2     6     2     3     5     7     1     1     0     1     0     0     2     1     1   496     0
   537     2     8     1     7     1     3     5     1     0     1     1     0     2     0     0   524     0
   538     2     8     1     7     1     3     5     0     1     0     0     0     1     1     1   574     0
   539     1     1     2     2     4     6     8     0     1     0     1     0     3     0     0   747     0
   540     1     1     2     2     4     6     8     0     0     0     0     0     1     0     1   643     1
   541     2     7     0     5     7     1     3     1     0     1     1     1     3     1     0   675     0
   542     2     7     0     5     7     1     3     0     0     1     0     0     1     1     0   506     0
   543     1     3     1     6     8     2     4     0     0     0     1     0     3     0     0   536     0
   544     1     3     1     6     8     2     4     1     1     0     0     1     1     1     1   709     0
   545     2     5     0     1     3     5     7     1     0     0     1     1     3     0     1   500     0
   546     2     7     0     5     7     1     3     0     0     1     1     0     2     1     0   470     1
   547     1     3     1     6     8     2     4     0     1     0     1     1     3     0     1   559     0
   548     1     3     1     6     8     2     4     0     1     0     1     1     1     0     0   808     0
   549     2     5     0     1     3     5     7     1     0     0     1     1     3     1     1   824     0
   550     2     5     0     1     3     5     7     0     0     1     1     1     1     1     0   517     0
   551     1     2     2     4     6     8     2     0     1     1     0     0     3     0     1   467     0
   552     1     2     2     4     6     8     2     0     0     0     1     0     1     0     1   652     0
   553     1     4     1     8     2     4     6     1     1     1     1     0     2     1     1   813     0
   554     1     4     1     8     2     4     6     1     0     1     0     0     1     0     1   458     0
   555     2     6     2     3     5     7     1     1     0     1     1     0     3     0     0   511     0
   556     2     6     2     3     5     7     1     0     1     0     1     0     1     1     1   542     0
   557     2     5     0     1     3     5     7     0     1     0     1     1     2     0     0   594     1
   558     2     6     2     3     5     7     1     0     1     1     0     1     2     0     0   569     0
   559     1     3     1     6     8     2     4     0     0     1     1     0     3     0     1   477     0
   560     1     3     1     6     8     2     4     0     1     0     0     0     1     0     1   724     0
   561     1     3     1     6     8     2     4     0     1     0     1     0     1     0     0   986     0
   562     2     8     1     7     1     3     5     1     0     0     0     0     3     1     1   735     0
   563     2     8     1     7     1     3     5     0     0     0     1     1     1     1     0   478     0
   564     2     8     1     7     1     3     5     1     1     0     0     0     1     1     1   559     0
   565     1     1     2     2     4     6     8     1     1     1     1     0     3     0     0   719     0
   566     2     6     2     3     5     7     1     0     1     1     1     1     3     1     0   537     0
   567     2     7     0     5     7     1     3     0     0     1     0     1     2     0     1   580     0
   568     2     7     0     5     7     1     3     1     0     0     0     0     1     1     0   532     0
   569     2     6     2     3     5     7     1     1     1     0     0     0     2     0     1   532     0
   570     2     6     2     3     5     7     1     1     0     0     1     0     1     0     1   408     0
   571     2     5     0     1     3     5     7     1     0     1     0     0     2     0     0   553     0
   572     2     5     0     1     3     5     7     0     0     0     1     0     1     1     0   677     0
   573     2     7     0     5     7     1     3     1     0     1     0     0     2     1     0   602     0
   574     2     7     0     5     7     1     3     1     1     0     1     1     1     0     1   730     0
   575     1     4     1     8     2     4     6     0     1     0     0     1     3     1     0   553     1
   576     1     4     1     8     2     4     6     1     0     1     1     0     1     1     1   848     0
   577     2     7     0     5     7     1     3     0     0     1     1     1     3     1     0   578     0
   578     2     7     0     5     7     1     3     1     1     1     1     1     1     1     1   475     0
   579     2     7     0     5     7     1     3     1     0     0     1     1     1     0     1   478     0
   580     2     7     0     5     7     1     3     1     0     1     0     0     1     0     0   592     0
   581     2     5     0     1     3     5     7     0     1     0     0     1     2     1     1   616     0
   582     1     2     2     4     6     8     2     1     0     0     1     1     3     1     1   396     0
   583     2     7     0     5     7     1     3     0     0     1     1     1     3     1     0   554     0
   584     2     7     0     5     7     1     3     0     1     0     0     0     1     0     1   572     0
   585     1     2     2     4     6     8     2     1     1     1     1     0     3     1     0   625     0
   586     1     2     2     4     6     8     2     0     1     0     0     0     1     1     0   718     0
   587     2     7     0     5     7     1     3     0     0     0     0     0     3     0     1   440     0
   588     2     7     0     5     7     1     3     1     1     1     1     0     1     1     1   437     0
   589     2     8     1     7     1     3     5     1     1     1     0     0     2     0     0   535     0
   590     2     8     1     7     1     3     5     1     1     0     0     0     1     0     0   451     0
   591     2     7     0     5     7     1     3     1     0     1     1     0     2     0     1   354     0
   592     1     2     2     4     6     8     2     0     1     1     0     1     3     1     1   454     0
   593     2     5     0     1     3     5     7     0     1     1     0     1     3     0     0   436     0
   594     2     5     0     1     3     5     7     1     0     1     0     0     1     1     1   541     0
   595     2     7     0     5     7     1     3     1     1     0     1     0     2     0     1   547     0
   596     2     7     0     5     7     1     3     1     1     1     1     1     1     0     0   370     0
   597     1     4     1     8     2     4     6     0     1     0     0     1     3     1     0   550     0
   598     1     4     1     8     2     4     6     1     0     0     0     1     1     1     1   686     0
   599     1     3     1     6     8     2     4     0     1     0     0     1     2     1     1   744     1
   600     1     2     2     4     6     8     2     1     1     0     0     0     2     1     0   651     0
   601     1     4     1     8     2     4     6     0     0     1     0     1     2     1     1   453     0
   602     1     1     2     2     4     6     8     0     1     0     1     1     2     0     1   503     0
   603     2     8     1     7     1     3     5     0     0     1     0     1     3     0     1   477     0
   604     1     3     1     6     8     2     4     0     1     1     0     0     3     0     1   635     0
   605     2     7     0     5     7     1     3     1     0     0     0     0     3     1     1   544     0
   606     2     7     0     5     7     1     3     1     0     0     1     1     1     0     0   548     0
   607     1     2     2     4     6     8     2     1     0     0     1     1     3     0     0   527     0
   608     1     2     2     4     6     8     2     0     0     0     0     0     1     1     0   563     0
   609     1     3     1     6     8     2     4     0     0     1     1     0     2     0     0   718     0
   610     1     3     1     6     8     2     4     0     0     1     0     1     1     0     0   437     0
   611     1     2     2     4     6     8     2     1     1     0     1     1     2     1     1   578     0
   612     1     3     1     6     8     2     4     1     0     0     0     0     2     0     1   443     0
   613     1     2     2     4     6     8     2     1     0     0     0     0     2     0     0   565     0
   614     1     4     1     8     2     4     6     1     0     0     0     0     2     0     0   481     0
   615     2     5     0     1     3     5     7     1     0     0     1     1     3     0     0   499     0
   616     2     7     0     5     7     1     3     1     1     1     0     1     2     0     1   505     0
   617     1     4     1     8     2     4     6     0     1     1     1     0     3     1     0   840     0
   618     2     7     0     5     7     1     3     1     1     0     1     1     3     1     0   356     1
   619     2     5     0     1     3     5     7     1     0     1     0     0     2     0     1   595     0
   620     1     4     1     8     2     4     6     1     0     0     1     0     3     0     0   605     0
   621     2     8     1     7     1     3     5     1     1     0     0     1     3     0     1   478     0
   622     1     1     2     2     4     6     8     0     0     0     1     0     3     1     1   561     0
   623     1     4     1     8     2     4     6     0     0     0     1     1     2     0     0   492     0
   624     1     4     1     8     2     4     6     1     1     0     1     0     1     1     1   475     1
   625     2     8     1     7     1     3     5     0     0     1     1     1     3     1     1   737     0
   626     1     1     2     2     4     6     8     1     1     1     1     0     3     1     1   559     0
   627     1     3     1     6     8     2     4     0     0     1     1     0     2     1     1   527     0
   628     1     3     1     6     8     2     4     1     0     0     1     1     1     1     0   530     0
   629     2     5     0     1     3     5     7     0     1     0     1     0     3     1     1   446     0
   630     1     2     2     4     6     8     2     1     1     1     1     0     3     1     0   480     0
   631     1     2     2     4     6     8     2     0     0     0     1     0     1     1     1   671     0
   632     1     2     2     4     6     8     2     1     0     0     1     0     1     1     0   689     0
   633     2     8     1     7     1     3     5     1     1     0     0     1     3     0     1   600     0
   634     2     5     0     1     3     5     7     0     0     1     1     1     2     1     1   565     0
   635     2     6     2     3     5     7     1     1     1     0     1     1     2     1     1   501     0
   636     2     6     2     3     5     7     1     1     0     0     0     0     1     0     1   523     0
   637     2     8     1     7     1     3     5     1     1     0     0     0     2     0     1   558     0
   638     2     5     0     1     3     5     7     1     0     1     1     1     2     0     1   571     0
   639     2     7     0     5     7     1     3     1     1     1     0     0     2     0     1   543     0
   640     2     7     0     5     7     1     3     0     1     1     1     0     1     1     0   495     0
   641     2     6     2     3     5     7     1     0     1     0     1     0     2     0     0   490     0
   642     2     6     2     3     5     7     1     0     0     1     1     0     1     0     1   484     0
   643     2     7     0     5     7     1     3     1     0     1     1     0     2     1     0   647     0
   644     2     8     1     7     1     3     5     1     0     0     1     1     2     0     0   524     0
   645     1     2     2     4     6     8     2     0     1     0     0     1     3     1     1   547     0
   646     1     4     1     8     2     4     6     1     0     1     1     1     2     1     1   502     0
   647     1     2     2     4     6     8     2     1     1     0     1     1     2     0     1   462     0
   648     1     2     2     4     6     8     2     0     0     1     1     0     1     1     1   520     0
   649     2     8     1     7     1     3     5     1     1     1     0     0     3     1     1   479     0
   650     2     6     2     3     5     7     1     1     0     1     0     0     2     0     1   436     0
   651     2     6     2     3     5     7     1     0     0     1     0     1     1     1     0   577     1
   652     2     6     2     3     5     7     1     0     1     0     0     1     1     0     1   596     0
   653     1     1     2     2     4     6     8     0     0     1     1     0     3     0     1   485     0
   654     1     1     2     2     4     6     8     1     0     1     0     1     1     1     0   604     1
   655     2     6     2     3     5     7     1     1     0     1     1     0     3     0     0   547     0
   656     2     8     1     7     1     3     5     1     0     0     1     1     2     0     0   575     0
   657     1     2     2     4     6     8     2     0     1     0     0     0     3     1     1   530     0
   658     1     2     2     4     6     8     2     0     0     0     0     1     1     0     1   557     0
   659     1     1     2     2     4     6     8     1     1     0     1     1     2     1     1   601     0
   660     1     1     2     2     4     6     8     0     0     1     0     1     1     1     1   585     0
   661     2     7     0     5     7     1     3     1     1     0     1     1     3     1     1   549     0
   662     1     2     2     4     6     8     2     0     0     0     1     0     3     1     1   533     0
   663     2     6     2     3     5     7     1     0     1     1     1     1     3     0     1   960     0
   664     2     6     2     3     5     7     1     0     0     0     1     1     1     0     1   559     0
   665     2     8     1     7     1     3     5     0     0     0     1     1     2     0     0   703     0
   666     2     8     1     7     1     3     5     0     1     0     0     1     1     0     1   786     1
   667     2     6     2     3     5     7     1     0     0     1     0     1     2     0     1   538     0
   668     2     6     2     3     5     7     1     0     1     0     1     0     1     0     1   501     0
   669     2     6     2     3     5     7     1     0     0     1     0     0     1     0     1   603     0
   670     2     8     1     7     1     3     5     0     0     1     0     1     2     0     0   684     0
   671     2     5     0     1     3     5     7     0     0     1     1     0     2     0     0   638     0
   672     2     5     0     1     3     5     7     1     0     1     1     0     1     1     0   758     0
   673     1     1     2     2     4     6     8     1     1     0     1     0     3     0     1   797     0
   674     1     1     2     2     4     6     8     0     1     1     0     1     1     1     0   417     0
   675     2     6     2     3     5     7     1     1     1     1     0     1     3     1     0   561     0
   676     1     3     1     6     8     2     4     1     1     0     0     1     3     0     0   622     0
   677     1     4     1     8     2     4     6     0     1     1     0     0     2     1     0   764     0
   678     1     4     1     8     2     4     6     0     0     0     0     0     1     0     1   447     0
   679     2     7     0     5     7     1     3     0     0     1     0     1     3     0     0   481     1
   680     2     7     0     5     7     1     3     1     1     0     0     1     1     1     1   630     0
   681     1     3     1     6     8     2     4     0     1     0     0     1     3     1     0   616     0
   682     1     3     1     6     8     2     4     0     0     1     0     1     1     0     1   621     0
   683     1     4     1     8     2     4     6     1     1     0     1     0     2     1     1  1007     0
   684     1     2     2     4     6     8     2     0     0     0     0     1     2     1     1   612     0
   685     2     8     1     7     1     3     5     1     1     0     1     0     3     1     1   876     0
   686     2     5     0     1     3     5     7     0     1     1     0     1     2     1     0   537     0
   687     1     3     1     6     8     2     4     1     1     1     0     1     3     1     0   540     0
   688     1     3     1     6     8     2     4     0     0     0     1     1     1     1     1   491     0
   689     2     5     0     1     3     5     7     0     0     0     1     0     3     0     0   618     0
   690     2     5     0     1     3     5     7     1     1     0     1     0     1     1     1   455     0
   691     1     4     1     8     2     4     6     0     0     1     0     1     3     1     1   560     0
   692     1     4     1     8     2     4     6     1     1     0     1     0     1     1     1   480     0
   693     1     3     1     6     8     2     4     0     1     1     0     0     2     1     0   635     0
   694     1     3     1     6     8     2     4     1     1     0     0     1     1     1     0   491     0
   695     2     7     0     5     7     1     3     1     1     1     1     1     3     0     0   730     0
   696     2     7     0     5     7     1     3     0     1     1     0     1     1     1     0   477     0
   697     1     3     1     6     8     2     4     1     0     1     1     0     3     1     1   560     0
   698     1     3     1     6     8     2     4     1     0     0     0     0     1     0     0   536     0
   699     2     5     0     1     3     5     7     0     1     1     1     0     3     1     1   452     0
   700     2     5     0     1     3     5     7     1     0     0     1     1     1     1     1   767     0
   701     2     8     1     7     1     3     5     0     1     0     0     1     2     1     1   598     1
   702     2     8     1     7     1     3     5     1     1     0     1     1     1     1     0   750     0
   703     1     1     2     2     4     6     8     1     0     0     1     0     3     0     1   514     0
   704     1     1     2     2     4     6     8     1     0     0     0     1     1     0     0   873     0
   705     2     7     0     5     7     1     3     1     1     0     1     1     3     0     1   731     0
   706     2     8     1     7     1     3     5     1     1     0     0     1     2     0     0   499     0
   707     2     6     2     3     5     7     1     1     0     0     1     1     2     0     1   633     0
   708     2     6     2     3     5     7     1     0     0     1     1     0     1     1     0   887     0
   709     1     1     2     2     4     6     8     0     1     1     0     0     3     0     1   478     0
   710     1     1     2     2     4     6     8     1     1     0     1     0     1     1     0   456     0
   711     1     3     1     6     8     2     4     1     1     1     1     0     2     0     0   581     0
   712     1     3     1     6     8     2     4     0     1     1     1     0     1     1     0   657     0
   713     1     1     2     2     4     6     8     1     0     1     0     0     2     1     1   595     0
   714     1     1     2     2     4     6     8     1     1     0     1     1     1     0     1   528     0
   715     2     6     2     3     5     7     1     1     1     1     1     1     3     0     0   470     0
   716     1     3     1     6     8     2     4     0     0     0     1     1     3     1     1   528     0
   717     1     3     1     6     8     2     4     1     1     0     0     0     1     1     1   640     0
   718     1     3     1     6     8     2     4     0     1     1     1     0     1     1     0   601     0
   719     1     3     1     6     8     2     4     0     1     0     1     0     1     0     0   457     0
   720     2     6     2     3     5     7     1     0     0     0     0     0     3     0     1   499     0
   721     1     4     1     8     2     4     6     1     1     0     0     0     3     1     1   890     0
   722     1     4     1     8     2     4     6     1     0     1     1     0     1     0     1   724     0
   723     2     8     1     7     1     3     5     1     1     1     1     0     3     0     1   554     0
   724     2     8     1     7     1     3     5     0     1     0     1     0     1     1     0   670     0
   725     1     1     2     2     4     6     8     0     0     0     0     0     3     0     1   467     0
   726     1     1     2     2     4     6     8     0     1     1     1     0     1     0     1   445     0
   727     1     4     1     8     2     4     6     1     1     0     0     1     2     1     0   747     0
   728     1     1     2     2     4     6     8     0     0     1     0     0     2     1     1   473     0
   729     1     1     2     2     4     6     8     1     0     1     1     0     1     1     0   599     0
   730     1     2     2     4     6     8     2     0     1     0     0     0     2     1     1   570     0
   731     2     7     0     5     7     1     3     1     1     0     0     0     3     1     0   591     0
   732     2     7     0     5     7     1     3     1     0     1     1     1     1     0     1   731     0
   733     1     1     2     2     4     6     8     0     1     1     0     0     3     1     1   426     0
   734     2     8     1     7     1     3     5     1     0     1     1     0     3     1     1   559     0
   735     2     6     2     3     5     7     1     0     0     0     0     1     2     1     0   442     0
   736     2     6     2     3     5     7     1     0     1     0     1     0     1     0     1   507     0
   737     2     7     0     5     7     1     3     1     0     0     1     1     2     1     1  1279     0
   738     2     7     0     5     7     1     3     0     1     1     1     1     1     1     1   449     0
   739     2     6     2     3     5     7     1     0     1     1     1     0     2     0     0   538     0
   740     2     6     2     3     5     7     1     1     1     0     0     0     1     1     0   421     0
   741     1     3     1     6     8     2     4     1     0     0     0     0     3     0     1   458     0
   742     2     8     1     7     1     3     5     1     0     1     0     1     3     0     0   560     0
   743     1     2     2     4     6     8     2     1     1     1     1     0     3     0     1   456     0
   744     1     2     2     4     6     8     2     1     0     1     0     1     1     0     1   559     0
   745     1     2     2     4     6     8     2     1     0     0     0     0     1     0     0   398     0
   746     1     2     2     4     6     8     2     0     0     1     0     0     1     1     0   446     0
   747     2     5     0     1     3     5     7     1     1     1     0     0     3     1     1   400     0
   748     2     5     0     1     3     5     7     0     0     0     0     1     1     1     1   673     0
   749     1     3     1     6     8     2     4     1     1     0     0     0     3     1     1   582     0
   750     1     4     1     8     2     4     6     0     0     1     1     1     2     1     1   539     0
   751     2     5     0     1     3     5     7     1     0     0     0     1     3     1     0   514     0
   752     2     5     0     1     3     5     7     1     1     1     0     0     1     0     1   441     0
   753     1     3     1     6     8     2     4     1     1     0     1     1     3     0     0   858     0
   754     1     4     1     8     2     4     6     1     0     1     1     1     2     0     1   472     0
   755     2     5     0     1     3     5     7     1     0     1     1     1     3     0     0   922     0
   756     2     5     0     1     3     5     7     0     0     1     0     1     1     1     0   597     0
   757     1     3     1     6     8     2     4     0     0     1     1     0     3     0     0   549     0
   758     1     1     2     2     4     6     8     1     1     1     1     0     2     1     1   441     0
   759     1     3     1     6     8     2     4     1     1     0     1     0     2     0     0   604     0
   760     1     3     1     6     8     2     4     0     0     1     1     0     1     1     1   573     0
   761     2     5     0     1     3     5     7     1     0     1     1     1     3     1     0   609     0
   762     2     6     2     3     5     7     1     1     1     0     0     0     2     0     1   546     0
   763     2     7     0     5     7     1     3     1     0     0     0     1     2     0     1   414     0
   764     1     2     2     4     6     8     2     0     0     1     0     1     3     1     0   578     0
   765     2     5     0     1     3     5     7     1     0     0     0     0     3     1     0   546     0
   766     2     5     0     1     3     5     7     0     1     1     0     0     1     1     1   457     0
   767     2     5     0     1     3     5     7     1     0     0     1     1     1     1     1   432     0
   768     2     5     0     1     3     5     7     1     1     0     0     1     1     0     1   438     0
   769     1     3     1     6     8     2     4     1     1     0     0     1     3     0     0   784     0
   770     1     3     1     6     8     2     4     1     1     0     0     0     1     0     0   540     0
   771     2     8     1     7     1     3     5     0     0     1     1     0     3     1     1   455     0
   772     2     8     1     7     1     3     5     0     0     0     0     1     1     0     0   505     0
   773     1     2     2     4     6     8     2     1     1     0     0     0     3     1     1   516     0
   774     1     1     2     2     4     6     8     0     0     1     1     0     2     1     1   495     0
   775     1     2     2     4     6     8     2     0     0     0     0     1     2     0     0   485     0
   776     1     2     2     4     6     8     2     0     1     0     0     0     1     0     1   476     0
   777     2     6     2     3     5     7     1     0     0     1     0     1     3     0     1   410     0
   778     2     6     2     3     5     7     1     0     1     0     0     1     1     0     1   499     0
   779     2     7     0     5     7     1     3     1     0     0     1     1     2     1     1   537     0
   780     2     6     2     3     5     7     1     0     0     1     0     0     2     1     0   476     0
   781     1     3     1     6     8     2     4     1     0     0     1     0     3     1     0   499     0
   782     1     3     1     6     8     2     4     0     1     0     1     1     1     1     1   505     0
   783     2     7     0     5     7     1     3     0     1     1     1     1     3     0     0   657     0
   784     2     7     0     5     7     1     3     0     1     1     1     1     1     0     0   502     0
   785     2     8     1     7     1     3     5     0     0     1     1     1     2     0     1   718     0
   786     2     8     1     7     1     3     5     0     1     0     0     0     1     0     1   601     0
   787     1     2     2     4     6     8     2     1     1     1     0     1     3     1     0   834     0
   788     1     2     2     4     6     8     2     1     0     0     0     0     1     0     1   574     0
   789     2     6     2     3     5     7     1     1     1     0     0     0     3     0     1   413     0
   790     2     6     2     3     5     7     1     1     0     1     0     0     1     0     1   473     0
   791     1     1     2     2     4     6     8     1     0     1     1     1     3     0     0   604     0
   792     1     1     2     2     4     6     8     0     1     1     0     1     1     1     1   479     0
   793     2     7     0     5     7     1     3     0     0     1     1     0     3     0     1   490     0
   794     2     5     0     1     3     5     7     1     1     1     1     0     2     1     1   769     0
   795     2     8     1     7     1     3     5     1     1     0     0     0     2     0     0   593     0
   796     2     8     1     7     1     3     5     0     1     1     0     0     1     1     0   525     0
   797     2     8     1     7     1     3     5     0     0     0     1     1     1     0     1   544     0
   798     2     8     1     7     1     3     5     1     0     0     0     0     1     1     0   447     0
   799     2     8     1     7     1     3     5     0     1     1     1     0     1     1     1   429     0
   800     2     8     1     7     1     3     5     0     1     1     1     0     1     0     0   523     0
   801     1     3     1     6     8     2     4     0     1     1     0     0     3     0     0   526     0
   802     2     6     2     3     5     7     1     1     1     0     0     1     3     1     0   598     0
   803     1     2     2     4     6     8     2     1     1     1     1     0     3     0     0   446     0
   804     1     2     2     4     6     8     2     1     0     1     0     1     1     0     1   463     0
   805     2     5     0     1     3     5     7     0     1     0     1     0     3     1     1   461     0
   806     2     7     0     5     7     1     3     1     0     1     0     1     2     1     1   451     0
   807     2     6     2     3     5     7     1     0     1     0     1     0     2     1     1   481     0
   808     2     5     0     1     3     5     7     1     1     0     0     1     2     1     0   590     0
   809     1     3     1     6     8     2     4     0     1     0     0     0     3     1     0   547     0
   810     2     8     1     7     1     3     5     0     0     0     0     1     3     0     1   574     0
   811     2     8     1     7     1     3     5     1     0     0     0     0     1     1     0   498     0
   812     2     6     2     3     5     7     1     0     1     0     1     0     2     1     1   508     0
   813     2     5     0     1     3     5     7     1     1     0     1     1     2     1     0   731     0
   814     2     5     0     1     3     5     7     0     1     0     0     1     1     1     0   482     0
   815     2     7     0     5     7     1     3     1     0     1     1     0     2     1     1   437     0
   816     2     7     0     5     7     1     3     1     0     0     1     1     1     0     0   409     0
   817     1     3     1     6     8     2     4     0     1     1     0     0     3     1     1   519     0
   818     2     6     2     3     5     7     1     1     0     1     0     0     3     1     1   435     0
   819     2     6     2     3     5     7     1     1     0     0     0     0     1     0     0   356     0
   820     2     6     2     3     5     7     1     1     1     0     1     0     1     0     1   380     0
   821     1     4     1     8     2     4     6     1     1     1     1     1     3     0     0   365     0
   822     1     4     1     8     2     4     6     1     1     0     1     1     1     0     0   296     0
   823     1     1     2     2     4     6     8     1     0     1     1     0     2     0     1   326     1
   824     1     1     2     2     4     6     8     0     0     0     0     1     1     1     0  1192     0
   825     1     2     2     4     6     8     2     0     1     0     1     0     2     0     1   729     0
   826     1     2     2     4     6     8     2     0     1     1     0     1     1     0     0   496     0
   827     1     4     1     8     2     4     6     0     1     1     0     1     2     0     0   666     0
   828     2     7     0     5     7     1     3     1     1     1     1     0     3     1     0   539     0
   829     1     2     2     4     6     8     2     1     0     1     0     1     3     0     1   423     0
   830     1     2     2     4     6     8     2     1     0     1     0     0     1     0     0   428     0
   831     1     4     1     8     2     4     6     1     1     1     1     0     2     0     1   554     0
   832     1     4     1     8     2     4     6     0     1     1     1     0     1     1     0   422     0
   833     1     4     1     8     2     4     6     1     1     1     0     0     1     1     0   494     0
   834     1     4     1     8     2     4     6     1     0     1     1     1     1     0     1   528     0
   835     1     1     2     2     4     6     8     0     1     1     0     0     2     1     1  1136     0
   836     2     8     1     7     1     3     5     0     0     0     0     1     3     0     1   451     0
   837     1     4     1     8     2     4     6     1     1     0     1     1     3     1     1   538     0
   838     1     3     1     6     8     2     4     0     1     0     1     1     2     1     0   646     0
   839     1     4     1     8     2     4     6     1     0     1     1     1     2     1     1   511     0
   840     1     1     2     2     4     6     8     0     0     0     0     0     2     1     0   614     0
   841     2     8     1     7     1     3     5     1     0     1     0     1     3     1     0   594     0
   842     2     7     0     5     7     1     3     0     0     0     0     1     2     1     0   602     0
   843     2     6     2     3     5     7     1     1     1     0     0     1     2     1     1   535     0
   844     2     6     2     3     5     7     1     0     0     1     1     1     1     1     1   418     0
   845     1     2     2     4     6     8     2     1     0     0     1     1     3     1     0   540     0
   846     1     2     2     4     6     8     2     1     0     0     0     0     1     0     0   466     0
   847     2     6     2     3     5     7     1     1     1     0     0     0     3     0     1   349     0
   848     2     7     0     5     7     1     3     0     1     1     1     1     2     1     0   732     0
   849     2     7     0     5     7     1     3     0     0     0     1     1     1     0     1   471     0
   850     2     7     0     5     7     1     3     0     1     0     1     0     1     0     1   469     0
   851     1     1     2     2     4     6     8     1     0     0     1     0     3     1     1   567     0
   852     1     1     2     2     4     6     8     0     0     0     1     1     1     1     0   392     1
   853     2     5     0     1     3     5     7     0     1     0     1     0     3     0     1   579     0
   854     2     5     0     1     3     5     7     1     1     0     1     1     1     1     0   620     0
   855     2     8     1     7     1     3     5     0     1     0     0     1     2     1     0   649     1
   856     2     8     1     7     1     3     5     0     0     1     1     0     1     0     1   534     0
   857     1     1     2     2     4     6     8     1     1     0     1     0     3     1     1   469     0
   858     1     1     2     2     4     6     8     1     1     0     1     1     1     0     0   603     0
   859     1     4     1     8     2     4     6     0     1     0     1     0     2     1     0   641     0
   860     1     4     1     8     2     4     6     1     1     1     1     1     1     1     0   779     0
   861     2     7     0     5     7     1     3     0     1     0     1     0     3     1     0   730     0
   862     2     7     0     5     7     1     3     1     1     0     1     1     1     1     0   585     0
   863     2     7     0     5     7     1     3     1     0     0     0     1     1     0     1   474     0
   864     2     7     0     5     7     1     3     1     1     0     0     1     1     0     1   480     0
   865     1     1     2     2     4     6     8     1     0     0     1     1     3     0     1   551     1
   866     1     2     2     4     6     8     2     0     0     1     0     0     2     1     0   661     0
   867     2     6     2     3     5     7     1     1     0     0     1     0     3     1     0   528     0
   868     2     7     0     5     7     1     3     1     1     1     0     1     2     0     1   591     0
   869     2     8     1     7     1     3     5     1     0     0     1     0     2     0     1   523     0
   870     2     8     1     7     1     3     5     1     0     0     0     1     1     0     0   487     0
   871     2     8     1     7     1     3     5     0     1     1     1     0     1     1     1   500     0
   872     2     6     2     3     5     7     1     1     1     0     0     0     2     1     0   398     1
   873     2     8     1     7     1     3     5     0     0     1     0     1     2     1     1   514     0
   874     1     3     1     6     8     2     4     1     1     0     0     0     3     1     1   477     0
   875     1     1     2     2     4     6     8     1     1     1     0     0     2     0     0   411     0
   876     1     1     2     2     4     6     8     0     1     0     1     1     1     1     0   560     0
   877     2     5     0     1     3     5     7     1     0     0     1     0     3     1     1   479     0
   878     2     5     0     1     3     5     7     1     0     0     0     0     1     0     0   610     0
   879     1     2     2     4     6     8     2     0     0     1     1     0     3     1     0   490     1
   880     1     2     2     4     6     8     2     1     1     0     1     1     1     1     1   491     0
   881     2     6     2     3     5     7     1     1     1     1     1     1     3     0     0   501     0
   882     2     6     2     3     5     7     1     0     0     1     0     1     1     1     1   436     0
   883     2     5     0     1     3     5     7     1     1     0     1     0     2     1     1   589     0
   884     2     5     0     1     3     5     7     1     0     1     1     0     1     0     1   541     0
   885     2     6     2     3     5     7     1     1     1     0     1     1     2     0     1   436     0
   886     2     6     2     3     5     7     1     1     1     0     0     1     1     0     0   542     0
   887     2     6     2     3     5     7     1     0     1     0     0     0     1     1     0   522     0
   888     2     5     0     1     3     5     7     1     1     0     1     1     2     1     0   446     0
   889     1     2     2     4     6     8     2     1     1     1     1     1     3     0     0   499     0
   890     1     2     2     4     6     8     2     0     0     0     1     1     1     1     1   430     0
   891     1     1     2     2     4     6     8     1     0     0     1     0     2     1     0   503     1
   892     1     1     2     2     4     6     8     0     0     0     0     1     1     1     0   624     1
   893     2     5     0     1     3     5     7     1     1     1     1     0     3     1     1   597     0
   894     2     8     1     7     1     3     5     0     1     1     1     1     2     1     0   417     0
   895     2     6     2     3     5     7     1     1     0     0     1     1     2     1     1   513     0
   896     2     7     0     5     7     1     3     0     1     1     0     0     2     1     1   476     0
