     1     1     2     2     4     6     8     2     0     0     0     0     1     0     0     1   815     1
     2     1     2     2     4     6     8     2     1     0     1     1     1     1     1     0   589     0
     3     2     5     0     1     3     5     7     1     1     1     1     1     3     0     1   793     0
     4     2     5     0     1     3     5     7     0     0     0     1     1     1     1     1  1080     0
     5     1     2     2     4     6     8     2     0     1     0     1     0     3     0     1   823     0
     6     1     4     1     8     2     4     6     1     1     0     1     1     2     1     0  1207     0
     7     2     7     0     5     7     1     3     0     1     0     0     1     3     1     0   938     0
     8     2     7     0     5     7     1     3     1     0     1     1     1     1     1     1   540     1
     9     2     7     0     5     7     1     3     1     0     1     0     1     1     0     0   527     0
    10     1     2     2     4     6     8     2     0     0     0     1     0     3     1     0   606     0
    11     1     3     1     6     8     2     4     1     0     1     1     1     2     1     0   576     0
    12     1     1     2     2     4     6     8     1     0     0     1     1     2     0     0   546     0
    13     1     2     2     4     6     8     2     0     1     1     1     0     2     1     1   671     0
    14     1     2     2     4     6     8     2     1     1     1     1     0     1     1     0   624     0
    15     2     8     1     7     1     3     5     1     0     0     0     0     3     0     1  1030     0
    16     2     8     1     7     1     3     5     1     0     1     1     1     1     0     0   823     0
    17     2     8     1     7     1     3     5     0     1     1     0     0     1     1     1  1132     0
    18     2     8     1     7     1     3     5     1     1     1     1     0     1     1     0   974     0
    19     1     4     1     8     2     4     6     1     1     0     1     0     3     0     0   680     0
    20     2     7     0     5     7     1     3     0     1     1     0     1     3     1     0   758     0
    21     2     5     0     1     3     5     7     1     1     1     0     1     2     1     0   600     0
    22     2     5     0     1     3     5     7     0     0     0     1     0     1     1     1   632     0
    23     1     4     1     8     2     4     6     0     1     0     1     1     3     0     1   771     0
    24     1     4     1     8     2     4     6     0     0     1     0     0     1     0     1   836     0
    25     2     7     0     5     7     1     3     0     0     1     0     0     3     0     0   726     0
    26     2     7     0     5     7     1     3     1     1     1     0     1     1     1     1   640     0
    27     2     6     2     3     5     7     1     1     1     1     0     1     2     0     0   612     0
    28     2     6     2     3     5     7     1     0     1     0     0     0     1     1     0   577     0
    29     2     8     1     7     1     3     5     0     0     0     0     1     2     0     1  1106     0
    30     2     6     2     3     5     7     1     1     0     0     0     1     2     1     0   948     0
    31     2     8     1     7     1     3     5     1     0     1     1     1     2     0     0   734     0
    32     2     8     1     7     1     3     5     1     0     1     1     1     1     0     0   773     0
    33     1     4     1     8     2     4     6     0     0     1     0     1     3     1     0  1299     0
    34     1     3     1     6     8     2     4     1     1     1     1     1     2     1     1   733     0
    35     2     7     0     5     7     1     3     1     0     0     1     1     3     0     1   579     1
    36     2     7     0     5     7     1     3     0     1     0     1     1     1     1     1   788     0
    37     2     6     2     3     5     7     1     0     1     1     1     0     2     0     0   691     0
    38     2     6     2     3     5     7     1     0     1     0     1     1     1     0     0   453     0
    39     2     8     1     7     1     3     5     0     0     1     0     0     2     0     1   823     0
    40     2     8     1     7     1     3     5     0     1     1     1     1     1     0     1   811     0
    41     2     5     0     1     3     5     7     1     0     1     0     1     2     1     1   784     0
    42     2     5     0     1     3     5     7     0     1     0     1     1     1     1     1   594     0
    43     2     7     0     5     7     1     3     0     0     1     0     0     2     0     1   585     1
    44     2     7     0     5     7     1     3     1     1     1     0     0     1     1     1   836     0
    45     2     8     1     7     1     3     5     0     1     0     1     1     2     1     0   651     0
    46     2     5     0     1     3     5     7     0     0     1     0     1     2     0     1   636     0
    47     2     5     0     1     3     5     7     0     0     1     0     0     1     0     0  1137     0
    48     2     5     0     1     3     5     7     0     0     1     1     0     1     0     0   687     0
    49     1     4     1     8     2     4     6     0     1     1     1     0     3     0     1   494     1
    50     2     7     0     5     7     1     3     0     0     0     0     1     3     0     1   784     1
    51     1     2     2     4     6     8     2     1     0     1     0     0     3     1     0   849     0
    52     2     7     0     5     7     1     3     0     1     0     1     1     3     1     1   782     0
    53     1     3     1     6     8     2     4     1     0     1     1     1     3     1     1   916     0
    54     1     1     2     2     4     6     8     0     0     0     0     0     2     1     0  1031     0
    55     2     7     0     5     7     1     3     1     0     1     0     1     3     1     0   616     0
    56     1     2     2     4     6     8     2     0     1     0     0     1     3     1     1   596     0
    57     1     4     1     8     2     4     6     1     1     1     0     1     2     1     0   850     0
    58     1     4     1     8     2     4     6     1     0     1     0     0     1     0     1   699     0
    59     1     4     1     8     2     4     6     1     1     1     1     0     1     0     1   625     0
    60     1     4     1     8     2     4     6     1     1     1     0     0     1     0     0   608     0
    61     2     5     0     1     3     5     7     1     0     1     0     0     3     0     1   604     0
    62     2     5     0     1     3     5     7     0     0     0     1     0     1     1     0  1487     0
    63     1     1     2     2     4     6     8     0     0     0     0     0     3     0     0   600     0
    64     1     1     2     2     4     6     8     1     1     0     0     0     1     1     1   658     0
    65     2     5     0     1     3     5     7     0     0     1     1     0     3     1     1  1014     0
    66     1     2     2     4     6     8     2     0     1     0     1     0     3     0     1   644     0
    67     1     3     1     6     8     2     4     0     1     0     0     1     2     0     0   811     0
    68     1     2     2     4     6     8     2     0     1     1     0     1     2     0     0   498     0
    69     2     5     0     1     3     5     7     1     0     0     0     1     3     1     1   491     1
    70     2     8     1     7     1     3     5     0     1     1     1     0     2     1     1   899     0
    71     1     3     1     6     8     2     4     1     1     0     0     0     3     1     0   660     0
    72     1     3     1     6     8     2     4     0     0     1     0     1     1     1     1   556     1
    73     1     1     2     2     4     6     8     1     1     0     1     1     2     1     1   887     0
    74     1     1     2     2     4     6     8     0     0     0     0     0     1     1     1   682     0
    75     1     1     2     2     4     6     8     0     0     1     0     0     1     0     0   626     1
    76     2     8     1     7     1     3     5     1     0     1     0     1     3     1     0   909     0
    77     1     4     1     8     2     4     6     0     1     1     0     1     3     1     1   613     0
    78     2     5     0     1     3     5     7     1     0     0     1     1     3     1     1   773     0
    79     1     2     2     4     6     8     2     0     0     1     1     1     3     1     0  1054     0
    80     1     2     2     4     6     8     2     0     1     0     1     0     1     0     1   636     0
    81     1     3     1     6     8     2     4     1     1     0     1     1     2     1     0   801     0
    82     1     3     1     6     8     2     4     0     1     0     1     1     1     1     0   551     0
    83     1     2     2     4     6     8     2     1     1     0     1     0     2     1     0   653     0
    84     1     2     2     4     6     8     2     1     0     1     1     0     1     0     1   541     0
    85     2     7     0     5     7     1     3     1     0     1     1     1     3     0     0   698     0
    86     2     7     0     5     7     1     3     1     0     0     1     1     1     0     0   481     0
    87     1     3     1     6     8     2     4     0     1     0     0     0     3     1     1   530     0
    88     1     3     1     6     8     2     4     1     0     1     0     1     1     1     1   627     0
    89     1     1     2     2     4     6     8     0     0     1     0     0     2     1     0   875     1
    90     1     1     2     2     4     6     8     1     1     1     1     1     1     1     1   812     0
    91     2     7     0     5     7     1     3     0     0     0     1     1     3     1     1   585     0
    92     2     8     1     7     1     3     5     0     0     0     1     1     2     0     0   620     1
    93     2     7     0     5     7     1     3     1     1     1     1     1     2     1     1   599     0
    94     2     7     0     5     7     1     3     1     1     0     1     0     1     0     0   569     1
    95     2     5     0     1     3     5     7     1     0     1     1     0     2     0     1   626     1
    96     2     5     0     1     3     5     7     1     1     0     1     0     1     0     1   494     1
    97     1     2     2     4     6     8     2     0     0     1     0     0     3     1     1   744     0
    98     1     3     1     6     8     2     4     1     1     1     1     1     2     1     1   437     0
    99     2     6     2     3     5     7     1     0     1     0     1     0     3     1     0   924     0
   100     2     7     0     5     7     1     3     1     0     1     1     0     2     1     1   839     0
   101     2     8     1     7     1     3     5     1     0     0     0     1     2     0     0   710     0
   102     2     5     0     1     3     5     7     0     0     1     1     0     2     1     0  1154     0
   103     2     6     2     3     5     7     1     0     1     0     0     0     2     0     1   976     0
   104     2     6     2     3     5     7     1     1     1     1     1     0     1     1     0  1109     0
   105     2     5     0     1     3     5     7     1     1     1     0     1     2     0     0   680     0
   106     1     2     2     4     6     8     2     0     0     0     1     0     3     1     1   677     0
   107     2     8     1     7     1     3     5     1     0     1     1     1     3     1     0   819     0
   108     2     7     0     5     7     1     3     1     1     0     1     1     2     0     1   601     0
   109     2     6     2     3     5     7     1     1     0     0     1     0     2     0     1   612     0
   110     1     1     2     2     4     6     8     1     0     0     1     0     3     0     0   778     0
   111     2     8     1     7     1     3     5     0     0     0     1     0     3     1     0   520     0
   112     2     8     1     7     1     3     5     0     0     1     1     0     1     0     0   492     0
   113     1     3     1     6     8     2     4     0     1     1     0     1     3     0     1   677     0
   114     2     6     2     3     5     7     1     0     1     0     0     0     3     0     0   699     0
   115     1     4     1     8     2     4     6     0     1     1     0     0     3     0     0   507     0
   116     1     4     1     8     2     4     6     0     1     1     1     1     1     0     0   477     0
   117     1     4     1     8     2     4     6     0     0     0     1     0     1     0     1   501     0
   118     1     3     1     6     8     2     4     0     1     1     0     1     2     0     1   692     0
   119     2     7     0     5     7     1     3     1     1     1     0     1     3     1     0   646     0
   120     2     7     0     5     7     1     3     1     1     0     0     1     1     0     0   485     0
   121     2     5     0     1     3     5     7     0     1     0     0     0     2     1     0   677     0
   122     2     6     2     3     5     7     1     0     0     0     1     0     2     0     1   611     0
   123     1     2     2     4     6     8     2     1     1     0     0     1     3     1     1   509     0
   124     1     1     2     2     4     6     8     0     0     0     0     1     2     1     1   885     0
   125     2     6     2     3     5     7     1     0     1     1     1     0     3     0     1   900     1
   126     2     6     2     3     5     7     1     0     0     1     0     0     1     0     1   762     0
   127     1     1     2     2     4     6     8     0     1     1     0     1     3     0     1  1417     0
   128     1     4     1     8     2     4     6     0     1     1     0     0     2     0     0   611     0
   129     1     4     1     8     2     4     6     1     1     1     0     1     1     1     0   495     0
   130     1     4     1     8     2     4     6     0     0     0     1     0     1     1     1   511     0
   131     1     4     1     8     2     4     6     1     1     0     0     0     1     1     1   766     0
   132     1     4     1     8     2     4     6     0     0     0     0     1     1     1     1   632     0
   133     1     2     2     4     6     8     2     1     1     0     0     0     2     1     1   703     0
   134     1     2     2     4     6     8     2     0     1     0     1     0     1     1     0   564     0
   135     2     5     0     1     3     5     7     0     1     1     1     0     3     0     0   475     0
   136     2     7     0     5     7     1     3     0     0     0     1     1     2     0     1  1050     0
   137     2     5     0     1     3     5     7     0     0     0     1     0     2     0     0   972     0
   138     2     8     1     7     1     3     5     0     0     1     0     1     2     0     0  1500     2
   139     2     5     0     1     3     5     7     1     1     0     1     1     2     1     1   652     0
   140     2     5     0     1     3     5     7     0     0     0     0     0     1     1     1   515     0
   141     2     5     0     1     3     5     7     0     0     1     1     0     1     0     0   488     0
   142     1     4     1     8     2     4     6     0     0     1     0     1     3     0     0   648     0
   143     1     4     1     8     2     4     6     1     1     1     0     1     1     1     1  1334     0
   144     2     5     0     1     3     5     7     1     1     0     1     0     3     0     0   506     0
   145     1     4     1     8     2     4     6     0     0     0     1     0     3     1     1   519     0
   146     1     4     1     8     2     4     6     1     1     1     1     1     1     1     1   765     0
   147     2     8     1     7     1     3     5     1     1     0     0     0     3     0     0   621     0
   148     1     1     2     2     4     6     8     1     1     1     1     1     3     0     0   710     0
   149     2     8     1     7     1     3     5     0     0     0     0     1     3     1     1   571     0
   150     2     8     1     7     1     3     5     1     0     1     0     1     1     1     0   704     0
   151     1     2     2     4     6     8     2     0     1     1     0     1     3     1     1   602     0
   152     1     2     2     4     6     8     2     1     0     1     0     1     1     1     1   983     0
   153     2     8     1     7     1     3     5     0     1     1     0     1     3     1     1   545     0
   154     2     8     1     7     1     3     5     0     0     1     0     0     1     0     1   574     0
   155     2     7     0     5     7     1     3     1     0     0     0     0     2     1     0   607     1
   156     2     6     2     3     5     7     1     0     1     0     1     1     2     1     1   648     0
   157     1     3     1     6     8     2     4     0     0     1     0     0     3     0     1   574     0
   158     1     3     1     6     8     2     4     0     0     1     0     0     1     0     0   655     0
   159     2     5     0     1     3     5     7     1     1     0     1     1     3     1     1   868     0
   160     2     5     0     1     3     5     7     1     1     0     0     1     1     0     0   494     0
   161     1     4     1     8     2     4     6     0     1     0     0     0     3     1     0   618     1
   162     1     4     1     8     2     4     6     0     0     0     1     1     1     0     1   677     0
   163     2     8     1     7     1     3     5     1     0     0     0     0     3     1     0   957     0
   164     2     8     1     7     1     3     5     1     1     0     0     0     1     0     1   712     0
   165     1     3     1     6     8     2     4     1     0     0     0     1     3     0     1   532     0
   166     1     3     1     6     8     2     4     1     0     1     0     1     1     0     0   401     0
   167     1     4     1     8     2     4     6     1     1     1     0     1     2     0     1   685     0
   168     1     4     1     8     2     4     6     1     1     0     0     0     1     0     0   470     0
   169     2     8     1     7     1     3     5     0     1     1     1     0     3     1     0   547     0
   170     2     8     1     7     1     3     5     0     1     0     1     1     1     0     0   389     0
   171     1     2     2     4     6     8     2     0     1     0     0     1     3     0     0   721     1
   172     1     3     1     6     8     2     4     0     0     1     1     0     2     0     1   497     0
   173     2     8     1     7     1     3     5     1     1     0     1     0     3     1     1   520     0
   174     2     8     1     7     1     3     5     1     1     1     0     0     1     0     0   519     0
   175     1     1     2     2     4     6     8     0     0     0     0     0     3     1     1   677     0
   176     1     3     1     6     8     2     4     0     0     1     1     1     2     0     0   510     0
   177     1     3     1     6     8     2     4     0     0     0     0     1     1     0     0   510     0
   178     1     3     1     6     8     2     4     1     0     0     0     1     1     1     0   869     0
   179     2     6     2     3     5     7     1     1     1     1     1     0     3     0     1   700     0
   180     2     6     2     3     5     7     1     1     0     1     0     1     1     0     1   485     0
   181     1     2     2     4     6     8     2     1     0     1     1     1     3     0     0   594     0
   182     1     2     2     4     6     8     2     1     0     0     1     1     1     0     0   456     0
   183     1     4     1     8     2     4     6     1     0     1     0     0     2     0     0   964     0
   184     1     4     1     8     2     4     6     0     0     1     0     0     1     1     0   513     0
   185     2     6     2     3     5     7     1     1     1     1     0     1     3     1     1   855     0
   186     2     5     0     1     3     5     7     0     0     0     1     0     2     1     1   696     0
   187     1     4     1     8     2     4     6     0     1     1     1     0     3     0     1   791     0
   188     2     7     0     5     7     1     3     1     0     0     1     1     3     1     1   618     0
   189     1     3     1     6     8     2     4     0     1     1     1     1     3     1     1   609     0
   190     1     3     1     6     8     2     4     0     1     1     0     0     1     0     0   571     1
   191     2     6     2     3     5     7     1     0     0     0     0     0     3     0     1   600     0
   192     2     6     2     3     5     7     1     0     1     1     0     0     1     0     1   570     0
   193     1     2     2     4     6     8     2     0     1     0     1     1     3     0     0   717     1
   194     1     4     1     8     2     4     6     1     1     1     1     0     2     1     0   654     0
   195     2     7     0     5     7     1     3     0     1     1     1     1     3     1     0   720     0
   196     2     7     0     5     7     1     3     1     0     1     1     1     1     1     1   533     0
   197     1     3     1     6     8     2     4     0     1     0     0     0     3     1     1   745     0
   198     1     2     2     4     6     8     2     0     0     0     1     1     2     0     1  1075     0
   199     2     7     0     5     7     1     3     0     0     0     1     0     3     0     0   658     0
   200     2     6     2     3     5     7     1     1     1     0     0     0     2     1     1   610     0
   201     1     4     1     8     2     4     6     0     0     1     0     1     3     1     1   567     0
   202     1     4     1     8     2     4     6     0     1     0     1     0     1     0     1   804     0
   203     1     2     2     4     6     8     2     0     0     1     0     0     2     0     1   574     1
   204     1     3     1     6     8     2     4     0     1     1     1     1     2     0     1   518     0
   205     1     2     2     4     6     8     2     0     0     1     1     1     2     0     1   585     0
   206     1     2     2     4     6     8     2     0     0     1     0     0     1     0     0   666     0
   207     1     4     1     8     2     4     6     1     0     1     1     0     2     1     0   639     1
   208     1     2     2     4     6     8     2     0     1     0     0     1     2     1     1   799     0
   209     1     2     2     4     6     8     2     1     1     0     0     0     1     1     0   456     0
   210     1     2     2     4     6     8     2     0     0     1     1     1     1     1     1   700     0
   211     2     5     0     1     3     5     7     0     0     1     1     1     3     0     0   864     0
   212     2     7     0     5     7     1     3     1     0     0     1     1     2     1     0   728     1
   213     2     5     0     1     3     5     7     1     1     0     0     1     2     0     1   841     0
   214     2     5     0     1     3     5     7     0     0     1     1     0     1     1     1   670     0
   215     2     5     0     1     3     5     7     1     1     0     1     0     1     1     1   745     0
   216     2     5     0     1     3     5     7     1     1     0     1     1     1     0     0   581     0
   217     1     2     2     4     6     8     2     1     1     1     1     1     3     0     0   549     0
   218     1     2     2     4     6     8     2     0     0     0     0     1     1     1     1   670     0
   219     2     6     2     3     5     7     1     1     1     0     0     0     3     1     1   622     0
   220     2     6     2     3     5     7     1     0     1     1     1     0     1     1     0   551     0
   221     1     3     1     6     8     2     4     0     1     0     0     0     3     0     0   552     0
   222     1     1     2     2     4     6     8     0     0     0     0     1     2     0     1   768     0
   223     1     3     1     6     8     2     4     1     1     0     0     0     2     1     1   771     0
   224     1     3     1     6     8     2     4     1     0     0     1     0     1     0     1   608     0
   225     2     7     0     5     7     1     3     1     1     0     0     0     3     0     1   728     0
   226     2     7     0     5     7     1     3     1     0     1     1     1     1     0     1   486     0
   227     1     1     2     2     4     6     8     0     1     0     1     1     3     1     1   736     0
   228     1     1     2     2     4     6     8     0     0     1     0     1     1     0     1   657     1
   229     2     7     0     5     7     1     3     0     0     0     0     1     3     0     0   618     0
   230     2     7     0     5     7     1     3     1     0     0     1     1     1     1     0   726     0
   231     2     7     0     5     7     1     3     1     1     0     1     1     1     0     1   561     0
   232     2     8     1     7     1     3     5     0     1     1     0     1     2     1     0   618     0
   233     1     4     1     8     2     4     6     1     0     1     1     0     3     1     1   801     0
   234     1     1     2     2     4     6     8     1     0     0     0     0     2     0     0   783     0
   235     2     7     0     5     7     1     3     1     1     0     0     1     3     0     1   589     0
   236     1     4     1     8     2     4     6     0     1     1     1     1     3     1     0   625     0
   237     1     1     2     2     4     6     8     1     0     0     0     1     2     1     1   631     0
   238     1     2     2     4     6     8     2     0     1     1     0     1     2     1     1   625     0
   239     1     2     2     4     6     8     2     0     0     1     0     0     1     0     1   606     0
   240     1     4     1     8     2     4     6     1     1     1     1     0     2     1     1   632     0
   241     2     7     0     5     7     1     3     0     1     0     1     0     3     1     0   827     0
   242     2     8     1     7     1     3     5     0     1     1     0     0     2     0     0  1163     1
   243     2     6     2     3     5     7     1     0     0     0     0     1     2     0     1   851     0
   244     1     1     2     2     4     6     8     0     0     1     0     1     3     0     0   600     0
   245     2     6     2     3     5     7     1     0     1     0     0     0     3     0     1   622     0
   246     2     6     2     3     5     7     1     0     0     1     1     0     1     0     1   726     1
   247     2     6     2     3     5     7     1     1     1     0     0     1     1     1     1   483     0
   248     2     6     2     3     5     7     1     1     1     1     0     1     1     0     0   409     0
   249     1     2     2     4     6     8     2     0     0     1     0     1     3     1     1   772     0
   250     1     2     2     4     6     8     2     1     1     1     1     0     1     1     1   722     0
   251     2     7     0     5     7     1     3     0     0     1     1     1     3     1     1   642     0
   252     2     7     0     5     7     1     3     1     0     1     1     1     1     1     0   789     0
   253     2     6     2     3     5     7     1     1     0     1     1     1     2     0     0   793     0
   254     2     6     2     3     5     7     1     0     0     1     0     1     1     1     0   613     0
   255     1     4     1     8     2     4     6     0     0     0     0     0     3     0     0   544     0
   256     1     4     1     8     2     4     6     0     0     0     1     0     1     0     0   488     0
   257     2     6     2     3     5     7     1     1     0     1     0     0     3     1     0   712     0
   258     2     6     2     3     5     7     1     1     0     1     1     0     1     0     0   563     0
   259     2     8     1     7     1     3     5     0     0     0     0     1     2     1     0   619     0
   260     2     5     0     1     3     5     7     1     1     1     0     0     2     1     1   773     0
   261     1     3     1     6     8     2     4     1     1     0     1     1     3     0     0  1273     0
   262     1     3     1     6     8     2     4     0     0     0     1     1     1     1     1   565     0
   263     1     4     1     8     2     4     6     1     1     0     0     0     2     1     1   627     0
   264     1     4     1     8     2     4     6     1     0     1     1     0     1     0     1   596     0
   265     2     8     1     7     1     3     5     0     0     1     1     0     3     1     0  1408     0
   266     2     5     0     1     3     5     7     1     1     1     1     1     2     1     1   588     0
   267     2     7     0     5     7     1     3     1     1     1     0     0     2     0     0   720     1
   268     1     2     2     4     6     8     2     1     1     1     1     1     3     0     0   579     0
   269     2     7     0     5     7     1     3     1     1     0     0     0     3     0     0   840     0
   270     2     8     1     7     1     3     5     1     1     1     1     0     2     0     0   506     0
   271     2     5     0     1     3     5     7     0     1     0     1     0     2     1     0   602     0
   272     2     5     0     1     3     5     7     0     1     0     0     1     1     0     0   385     0
   273     2     8     1     7     1     3     5     0     1     1     0     1     2     0     0   560     0
   274     2     8     1     7     1     3     5     1     0     0     1     0     1     1     1   590     0
   275     2     6     2     3     5     7     1     1     1     0     0     0     2     0     1   544     0
   276     2     6     2     3     5     7     1     1     0     0     0     1     1     0     1   984     0
   277     2     5     0     1     3     5     7     1     0     1     0     1     2     0     0  1141     0
   278     2     5     0     1     3     5     7     1     0     0     1     0     1     0     0   444     0
   279     2     7     0     5     7     1     3     0     1     1     1     1     2     1     1   893     0
   280     2     5     0     1     3     5     7     0     1     1     0     1     2     0     0   647     0
   281     2     8     1     7     1     3     5     0     0     1     1     0     2     0     1   639     0
   282     2     5     0     1     3     5     7     1     1     0     1     1     2     1     1   570     0
   283     2     7     0     5     7     1     3     0     1     0     0     0     2     1     0   672     0
   284     1     4     1     8     2     4     6     1     0     1     1     1     3     1     1   717     0
   285     2     7     0     5     7     1     3     1     1     1     0     0     3     0     1   522     0
   286     2     7     0     5     7     1     3     0     1     1     1     1     1     1     0   578     0
   287     1     2     2     4     6     8     2     1     0     0     0     1     3     1     1   576     0
   288     1     2     2     4     6     8     2     1     1     1     0     0     1     0     1   492     0
   289     1     2     2     4     6     8     2     1     1     1     0     0     1     0     0   426     0
   290     2     7     0     5     7     1     3     0     0     0     1     1     3     1     1   578     0
   291     1     3     1     6     8     2     4     1     1     1     0     0     3     1     1   571     0
   292     1     3     1     6     8     2     4     0     1     1     1     1     1     1     0   576     0
   293     1     3     1     6     8     2     4     0     0     0     1     1     1     0     1   641     0
   294     1     3     1     6     8     2     4     0     1     0     0     1     1     0     1   535     0
   295     2     7     0     5     7     1     3     1     1     1     0     0     3     1     0   500     0
   296     2     7     0     5     7     1     3     1     1     1     0     1     1     0     0   421     0
   297     2     8     1     7     1     3     5     1     0     1     0     1     2     0     1   660     0
   298     2     8     1     7     1     3     5     0     1     0     1     0     1     1     1   704     0
   299     1     4     1     8     2     4     6     0     0     1     0     1     3     0     1   530     0
   300     1     4     1     8     2     4     6     0     0     1     0     1     1     0     0   642     1
   301     1     2     2     4     6     8     2     0     0     0     0     0     2     0     0   667     0
   302     1     2     2     4     6     8     2     0     1     0     1     1     1     0     1   505     0
   303     2     8     1     7     1     3     5     0     0     1     1     1     3     0     1   638     0
   304     2     8     1     7     1     3     5     0     1     0     1     1     1     0     1   494     0
   305     2     6     2     3     5     7     1     1     0     0     0     1     2     1     1  1150     0
   306     2     6     2     3     5     7     1     0     0     1     0     1     1     1     0   577     0
   307     1     1     2     2     4     6     8     1     1     1     1     0     3     1     1   634     0
   308     1     1     2     2     4     6     8     0     0     0     0     1     1     1     1   979     0
   309     1     2     2     4     6     8     2     0     0     0     1     1     2     0     0   618     0
   310     1     2     2     4     6     8     2     0     1     1     0     0     1     0     1   752     0
   311     1     3     1     6     8     2     4     0     1     0     1     0     2     0     0   958     1
   312     2     6     2     3     5     7     1     1     1     0     1     1     3     1     0  1066     0
   313     1     1     2     2     4     6     8     0     1     0     1     0     3     1     0   559     0
   314     1     1     2     2     4     6     8     0     1     1     0     1     1     0     0   519     0
   315     2     5     0     1     3     5     7     0     1     0     1     1     3     0     0   484     0
   316     2     6     2     3     5     7     1     0     0     1     0     1     2     0     1   482     0
   317     2     8     1     7     1     3     5     0     0     0     1     0     2     0     0   578     0
   318     2     8     1     7     1     3     5     0     0     1     1     1     1     0     0   489     0
   319     2     7     0     5     7     1     3     1     0     1     1     1     2     1     0   792     0
   320     2     7     0     5     7     1     3     1     0     0     1     1     1     0     0   419     0
   321     1     3     1     6     8     2     4     1     0     1     0     1     3     0     0   495     0
   322     1     3     1     6     8     2     4     0     1     0     1     1     1     1     1   755     0
   323     2     7     0     5     7     1     3     0     0     1     0     0     3     0     1   701     0
   324     1     4     1     8     2     4     6     0     0     1     0     1     3     0     0   690     0
   325     1     1     2     2     4     6     8     1     1     0     1     1     2     1     1  1281     0
   326     1     3     1     6     8     2     4     0     0     0     1     1     2     1     1   538     0
   327     1     4     1     8     2     4     6     1     0     1     0     0     2     1     0  1001     1
   328     1     4     1     8     2     4     6     1     1     0     0     1     1     0     1   695     0
   329     1     3     1     6     8     2     4     0     0     0     1     1     2     1     1   563     0
   330     1     1     2     2     4     6     8     0     0     1     1     1     2     0     0   640     0
   331     2     6     2     3     5     7     1     1     1     0     0     0     3     1     1   724     0
   332     1     1     2     2     4     6     8     1     0     1     1     0     3     0     1   549     0
   333     2     7     0     5     7     1     3     0     1     1     0     0     3     1     1   616     0
   334     2     7     0     5     7     1     3     1     1     0     0     1     1     1     0   578     0
   335     2     8     1     7     1     3     5     1     1     0     1     0     2     0     0   863     1
   336     2     8     1     7     1     3     5     0     1     1     0     1     1     1     0   518     0
   337     1     3     1     6     8     2     4     1     1     1     0     1     3     1     0   488     0
   338     1     3     1     6     8     2     4     0     0     0     1     1     1     1     1   643     0
   339     1     1     2     2     4     6     8     0     1     1     1     0     2     0     1   528     0
   340     1     4     1     8     2     4     6     0     1     1     0     0     2     0     0   482     0
   341     1     2     2     4     6     8     2     1     0     0     0     0     2     1     1   543     0
   342     1     3     1     6     8     2     4     1     0     0     0     1     2     0     0   674     0
   343     2     5     0     1     3     5     7     1     0     0     0     0     3     0     0   736     0
   344     2     5     0     1     3     5     7     1     0     0     1     0     1     0     0   590     0
   345     2     8     1     7     1     3     5     1     1     1     0     1     2     0     1   422     0
   346     2     8     1     7     1     3     5     0     0     0     1     1     1     1     1   501     0
   347     2     6     2     3     5     7     1     0     1     1     0     0     2     0     1   605     0
   348     2     6     2     3     5     7     1     0     0     0     1     0     1     0     1   668     0
   349     1     2     2     4     6     8     2     1     1     1     1     1     3     1     1   670     0
   350     1     2     2     4     6     8     2     1     1     0     0     0     1     0     0   405     0
   351     2     6     2     3     5     7     1     1     1     1     1     1     3     0     0   423     0
   352     2     5     0     1     3     5     7     0     1     1     1     1     2     1     0   575     0
   353     1     4     1     8     2     4     6     1     1     1     1     0     3     1     0   560     0
   354     1     2     2     4     6     8     2     0     1     1     1     0     2     1     0   842     0
   355     1     3     1     6     8     2     4     1     0     0     1     0     2     1     1   635     0
   356     1     4     1     8     2     4     6     0     1     1     1     1     2     1     1   514     0
   357     1     3     1     6     8     2     4     0     0     0     1     1     2     0     1   745     0
   358     2     8     1     7     1     3     5     0     1     0     1     1     3     0     1   466     0
   359     1     4     1     8     2     4     6     0     1     0     0     1     3     0     0   491     0
   360     1     1     2     2     4     6     8     0     1     1     1     1     2     0     0   463     0
   361     1     3     1     6     8     2     4     1     1     0     0     1     2     1     0   772     0
   362     2     6     2     3     5     7     1     1     1     1     1     1     3     0     0   413     0
   363     2     6     2     3     5     7     1     1     0     0     0     0     1     0     1   544     0
   364     2     8     1     7     1     3     5     0     1     1     0     1     2     1     1   475     0
   365     1     1     2     2     4     6     8     0     0     1     1     0     3     0     1   584     0
   366     2     8     1     7     1     3     5     1     1     0     1     0     3     1     1   533     0
   367     2     5     0     1     3     5     7     1     1     1     1     1     2     0     0   478     0
   368     2     5     0     1     3     5     7     1     1     0     0     0     1     0     0   520     0
   369     2     8     1     7     1     3     5     1     1     0     1     1     2     0     0   629     1
   370     2     6     2     3     5     7     1     1     1     0     1     1     2     0     0   384     0
   371     2     8     1     7     1     3     5     0     1     1     1     0     2     1     0   438     0
   372     2     5     0     1     3     5     7     1     1     1     1     0     2     1     0   482     0
   373     1     3     1     6     8     2     4     0     0     1     0     0     3     1     1  1190     0
   374     1     3     1     6     8     2     4     1     1     0     1     1     1     1     1   429     0
   375     1     2     2     4     6     8     2     0     1     0     0     1     2     1     0   424     0
   376     1     2     2     4     6     8     2     1     0     0     1     0     1     1     1   568     0
   377     1     3     1     6     8     2     4     1     1     0     0     0     2     0     1   508     0
   378     1     3     1     6     8     2     4     1     0     1     0     1     1     0     1   724     0
   379     1     1     2     2     4     6     8     1     0     1     1     1     2     0     0   766     0
   380     2     6     2     3     5     7     1     0     0     1     0     1     3     1     0   809     0
   381     2     5     0     1     3     5     7     0     0     1     0     1     2     0     0   774     0
   382     2     8     1     7     1     3     5     1     1     0     1     0     2     1     1   747     0
   383     1     1     2     2     4     6     8     0     0     1     0     0     3     1     1   607     0
   384     1     3     1     6     8     2     4     1     1     1     0     0     2     1     1   569     0
   385     1     3     1     6     8     2     4     0     1     0     1     0     1     1     0   477     0
   386     2     8     1     7     1     3     5     0     0     0     0     0     3     0     1   644     0
   387     2     7     0     5     7     1     3     0     1     0     1     1     2     0     1   629     0
   388     2     8     1     7     1     3     5     1     0     1     1     0     2     1     1   580     0
   389     2     7     0     5     7     1     3     0     0     0     0     0     2     1     0   657     0
   390     2     7     0     5     7     1     3     1     0     0     1     0     1     1     0   444     0
   391     2     5     0     1     3     5     7     1     0     1     0     0     2     0     0   496     0
   392     2     7     0     5     7     1     3     0     0     1     1     0     2     1     0   542     0
   393     2     7     0     5     7     1     3     1     0     1     0     1     1     1     0   358     0
   394     2     7     0     5     7     1     3     1     1     0     0     1     1     0     1   301     1
   395     2     6     2     3     5     7     1     0     1     0     0     1     2     1     0   674     0
   396     2     7     0     5     7     1     3     0     1     1     1     0     2     0     0   750     0
   397     1     4     1     8     2     4     6     1     1     0     0     0     3     1     0   822     0
   398     1     4     1     8     2     4     6     0     0     1     0     0     1     1     1   909     0
   399     1     1     2     2     4     6     8     1     0     1     1     1     2     1     0  1500     2
   400     1     3     1     6     8     2     4     0     1     0     1     0     2     1     1   542     0
   401     2     7     0     5     7     1     3     1     0     0     1     0     3     1     1   509     1
   402     2     8     1     7     1     3     5     0     1     0     1     1     2     1     1   648     0
   403     2     8     1     7     1     3     5     1     0     0     1     0     1     1     1   520     0
   404     2     8     1     7     1     3     5     0     0     1     0     0     1     1     0   472     0
   405     1     2     2     4     6     8     2     0     0     1     0     0     3     0     0   600     0
   406     1     2     2     4     6     8     2     0     1     1     0     1     1     0     1   507     0
   407     2     6     2     3     5     7     1     0     1     1     1     1     3     0     0   492     0
   408     2     7     0     5     7     1     3     0     1     1     0     0     2     0     0   540     0
   409     1     2     2     4     6     8     2     0     1     0     1     1     3     0     0   473     0
   410     1     2     2     4     6     8     2     1     0     1     1     0     1     1     1   833     0
   411     2     5     0     1     3     5     7     0     1     1     0     0     3     1     1   456     0
   412     1     2     2     4     6     8     2     1     1     0     0     1     3     1     0   666     0
   413     1     4     1     8     2     4     6     0     1     0     1     1     2     1     0   450     0
   414     1     4     1     8     2     4     6     1     1     0     0     1     1     1     0   375     0
   415     2     8     1     7     1     3     5     0     0     1     0     0     3     1     1   781     0
   416     2     8     1     7     1     3     5     0     0     0     1     1     1     0     0   542     0
   417     2     7     0     5     7     1     3     0     0     1     0     0     2     0     0   633     0
   418     2     7     0     5     7     1     3     0     1     1     1     1     1     0     1   563     0
   419     2     6     2     3     5     7     1     0     1     0     1     1     2     0     0   673     0
   420     2     6     2     3     5     7     1     0     1     0     1     1     1     0     0   380     0
   421     2     5     0     1     3     5     7     1     1     0     1     0     2     1     0   657     0
   422     2     5     0     1     3     5     7     1     0     1     1     0     1     0     1   529     0
   423     2     5     0     1     3     5     7     0     0     0     0     1     1     1     0   774     0
   424     2     5     0     1     3     5     7     0     1     0     1     1     1     0     1   692     0
   425     2     7     0     5     7     1     3     1     1     1     1     1     2     1     0  1065     1
   426     2     7     0     5     7     1     3     0     0     0     1     1     1     1     1   700     0
   427     2     7     0     5     7     1     3     0     1     0     0     1     1     0     1   509     0
   428     2     5     0     1     3     5     7     1     0     1     1     1     2     1     1   639     0
   429     1     2     2     4     6     8     2     1     0     1     1     1     3     0     0   717     0
   430     2     5     0     1     3     5     7     1     1     1     1     1     3     0     1   492     0
   431     2     8     1     7     1     3     5     1     1     0     1     0     2     0     0   651     0
   432     2     7     0     5     7     1     3     0     0     1     1     1     2     1     1  1070     0
   433     2     5     0     1     3     5     7     1     0     0     1     0     2     1     0  1134     0
   434     2     5     0     1     3     5     7     1     0     1     0     1     1     0     0   435     0
   435     2     8     1     7     1     3     5     1     0     1     1     0     2     0     0   599     0
   436     1     3     1     6     8     2     4     1     1     1     1     0     3     0     1   688     0
   437     1     1     2     2     4     6     8     0     1     1     0     0     2     1     0   595     0
   438     1     1     2     2     4     6     8     1     1     0     1     1     1     1     0   467     0
   439     1     3     1     6     8     2     4     0     1     0     1     1     2     1     0   642     0
   440     1     4     1     8     2     4     6     1     0     1     1     0     2     1     1   648     0
   441     1     1     2     2     4     6     8     0     0     0     0     1     2     1     0   800     0
   442     1     2     2     4     6     8     2     0     1     0     1     0     2     0     1   419     0
   443     2     7     0     5     7     1     3     1     1     1     1     1     3     1     0   566     0
   444     2     7     0     5     7     1     3     0     1     0     0     0     1     1     0   562     0
   445     1     1     2     2     4     6     8     1     0     0     1     1     3     1     1   707     0
   446     1     1     2     2     4     6     8     1     1     0     0     1     1     0     1   481     0
   447     1     4     1     8     2     4     6     0     0     1     1     0     2     1     1   597     0
   448     1     4     1     8     2     4     6     1     0     0     1     1     1     1     0   656     0
   449     1     3     1     6     8     2     4     0     1     0     1     1     2     1     1   760     0
   450     1     2     2     4     6     8     2     0     1     1     0     1     2     0     0   440     0
   451     2     7     0     5     7     1     3     0     0     0     1     1     3     0     1   463     0
   452     2     7     0     5     7     1     3     1     1     1     0     1     1     1     1   540     0
   453     1     3     1     6     8     2     4     1     0     0     1     1     3     0     1   645     0
   454     1     4     1     8     2     4     6     0     0     1     1     0     2     1     0   739     0
   455     1     4     1     8     2     4     6     1     0     1     0     0     1     1     0   591     0
   456     1     1     2     2     4     6     8     0     0     1     0     0     2     1     0   611     0
   457     2     7     0     5     7     1     3     0     1     1     0     1     3     0     1   425     0
   458     2     7     0     5     7     1     3     1     1     1     0     1     1     1     0   677     0
   459     2     8     1     7     1     3     5     1     1     0     0     0     2     0     0   522     0
   460     2     7     0     5     7     1     3     0     1     0     1     0     2     1     0   666     0
   461     1     3     1     6     8     2     4     0     1     1     0     0     3     0     0   495     0
   462     1     2     2     4     6     8     2     0     1     1     1     1     2     0     0   408     0
   463     1     1     2     2     4     6     8     0     0     1     1     1     2     0     1   509     0
   464     2     6     2     3     5     7     1     1     1     1     1     0     3     1     1   740     0
   465     1     1     2     2     4     6     8     0     0     1     1     1     3     1     1   654     0
   466     2     8     1     7     1     3     5     0     1     0     0     1     3     0     1   472     0
   467     1     4     1     8     2     4     6     0     0     0     1     1     3     0     1   613     0
   468     1     4     1     8     2     4     6     1     0     0     0     0     1     1     0   526     0
   469     2     7     0     5     7     1     3     1     1     1     1     0     3     0     1   444     0
   470     2     8     1     7     1     3     5     0     1     0     0     0     2     1     0   658     0
   471     2     8     1     7     1     3     5     0     0     0     0     0     1     0     1   715     0
   472     2     5     0     1     3     5     7     1     1     1     1     1     2     1     1   702     0
   473     2     5     0     1     3     5     7     0     1     0     1     0     1     1     0   430     0
   474     2     5     0     1     3     5     7     1     1     0     0     1     1     1     0   346     0
   475     2     5     0     1     3     5     7     1     0     0     0     1     1     0     1   563     0
   476     1     2     2     4     6     8     2     0     0     1     0     1     3     1     0   631     0
   477     1     1     2     2     4     6     8     1     1     0     1     1     2     1     1   571     0
   478     1     2     2     4     6     8     2     0     0     0     1     0     2     1     1   976     0
   479     1     3     1     6     8     2     4     0     0     0     1     0     2     0     0   513     0
   480     1     4     1     8     2     4     6     1     0     1     0     0     2     1     0  1090     0
   481     2     6     2     3     5     7     1     0     0     0     1     0     3     1     0   518     0
   482     2     8     1     7     1     3     5     0     0     1     1     0     2     0     0   588     1
   483     1     2     2     4     6     8     2     1     1     0     1     1     3     1     1   728     0
   484     2     5     0     1     3     5     7     1     1     0     0     0     3     0     0   596     0
   485     1     3     1     6     8     2     4     1     0     0     1     1     3     0     1   648     0
   486     1     3     1     6     8     2     4     0     1     1     1     1     1     1     1   651     0
   487     2     7     0     5     7     1     3     0     1     1     1     0     3     0     0   805     0
   488     2     8     1     7     1     3     5     0     1     0     1     0     2     0     0   562     1
   489     1     1     2     2     4     6     8     0     0     1     0     0     3     0     1   835     0
   490     1     1     2     2     4     6     8     0     1     1     1     1     1     0     1   487     0
   491     2     6     2     3     5     7     1     0     0     1     0     1     3     0     1   783     0
   492     2     6     2     3     5     7     1     0     1     0     0     1     1     0     1   514     0
   493     2     6     2     3     5     7     1     1     0     1     0     1     1     1     1   653     0
   494     2     6     2     3     5     7     1     1     1     1     1     0     1     0     1   470     0
   495     1     3     1     6     8     2     4     1     1     0     0     1     3     0     0   768     0
   496     2     8     1     7     1     3     5     0     0     1     0     1     3     1     1   607     0
   497     1     1     2     2     4     6     8     0     0     0     0     0     3     0     0   703     0
   498     1     1     2     2     4     6     8     1     1     1     1     1     1     1     1   602     0
   499     1     4     1     8     2     4     6     0     1     1     1     0     2     1     0   774     0
   500     1     4     1     8     2     4     6     1     1     0     0     1     1     1     0   647     0
   501     1     3     1     6     8     2     4     0     0     1     0     1     2     1     1   653     0
   502     1     3     1     6     8     2     4     1     0     1     0     0     1     1     0   802     0
   503     2     8     1     7     1     3     5     0     1     0     1     1     3     1     1   525     0
   504     2     8     1     7     1     3     5     1     1     1     0     0     1     1     0   826     0
   505     2     6     2     3     5     7     1     0     0     1     1     0     2     1     1   537     0
   506     1     3     1     6     8     2     4     0     1     1     0     0     3     0     1   563     0
   507     2     7     0     5     7     1     3     1     1     0     1     1     3     1     0   621     0
   508     2     7     0     5     7     1     3     1     1     0     1     1     1     0     0   452     0
   509     1     2     2     4     6     8     2     1     0     1     0     0     3     0     1   523     0
   510     1     4     1     8     2     4     6     0     1     1     1     1     2     1     1   558     0
   511     1     2     2     4     6     8     2     0     1     0     1     1     2     0     0   598     0
   512     1     2     2     4     6     8     2     1     0     1     1     0     1     1     1   638     0
   513     1     1     2     2     4     6     8     0     0     0     0     1     2     1     0  1087     0
   514     1     4     1     8     2     4     6     0     1     0     1     0     2     0     1   477     0
   515     2     6     2     3     5     7     1     1     0     0     1     0     3     1     1   678     0
   516     2     6     2     3     5     7     1     0     1     0     1     1     1     1     1   548     0
   517     1     1     2     2     4     6     8     1     1     1     0     1     3     1     0   501     0
   518     1     1     2     2     4     6     8     1     1     1     0     1     1     0     0   449     0
   519     2     5     0     1     3     5     7     1     0     1     1     0     3     0     1   564     0
   520     2     5     0     1     3     5     7     1     1     1     0     1     1     0     1   452     0
   521     2     7     0     5     7     1     3     0     0     0     0     1     2     1     1   759     0
   522     2     7     0     5     7     1     3     0     0     1     1     1     1     0     0   531     0
   523     1     3     1     6     8     2     4     1     1     1     1     0     3     1     1   777     0
   524     1     3     1     6     8     2     4     0     0     0     1     1     1     1     1   581     0
   525     1     1     2     2     4     6     8     0     0     0     1     0     2     0     0   781     0
   526     1     1     2     2     4     6     8     0     1     0     0     0     1     0     1   529     0
   527     1     3     1     6     8     2     4     0     1     1     1     0     2     0     0   659     0
   528     1     3     1     6     8     2     4     1     1     0     0     1     1     1     0   874     0
   529     1     3     1     6     8     2     4     1     0     1     0     1     1     0     1   388     1
   530     1     3     1     6     8     2     4     0     0     1     0     0     1     1     0   515     0
   531     2     6     2     3     5     7     1     1     0     1     1     0     3     1     0   565     0
   532     2     6     2     3     5     7     1     1     1     0     0     0     1     0     1   454     0
   533     1     2     2     4     6     8     2     0     0     1     0     1     3     1     1   808     0
   534     2     5     0     1     3     5     7     0     1     0     1     1     3     0     1   547     0
   535     1     1     2     2     4     6     8     0     0     1     0     0     3     0     1   753     0
   536     1     2     2     4     6     8     2     0     0     1     0     0     2     0     0   722     0
   537     1     4     1     8     2     4     6     0     0     0     0     0     2     0     0   759     0
   538     1     2     2     4     6     8     2     1     1     0     0     1     2     1     1   665     0
   539     2     5     0     1     3     5     7     1     1     1     1     0     3     0     0   499     0
   540     2     5     0     1     3     5     7     1     0     1     0     1     1     0     1   525     0
   541     1     3     1     6     8     2     4     1     0     1     1     0     3     0     0   642     0
   542     1     3     1     6     8     2     4     0     0     0     1     0     1     1     0   588     0
   543     1     3     1     6     8     2     4     0     0     0     1     0     1     0     0   527     0
   544     1     4     1     8     2     4     6     1     0     1     1     0     2     1     0   955     0
   545     1     2     2     4     6     8     2     1     1     0     1     0     2     0     1   513     0
   546     1     3     1     6     8     2     4     0     1     1     0     1     2     1     0   561     1
   547     2     6     2     3     5     7     1     0     1     1     1     1     3     0     0   488     0
   548     2     6     2     3     5     7     1     1     1     1     0     0     1     1     0   451     0
   549     2     6     2     3     5     7     1     0     1     0     1     0     1     1     0   332     0
   550     2     6     2     3     5     7     1     1     0     1     1     0     1     1     1   681     0
   551     2     8     1     7     1     3     5     0     0     1     1     0     2     1     0   769     0
   552     2     8     1     7     1     3     5     0     0     0     1     0     1     0     0   431     0
   553     2     7     0     5     7     1     3     0     1     1     1     0     2     0     1   425     0
   554     2     6     2     3     5     7     1     1     0     0     0     0     2     1     1   659     0
   555     1     4     1     8     2     4     6     0     0     0     1     1     3     1     0   566     0
   556     1     3     1     6     8     2     4     1     0     0     0     0     2     1     0   533     0
   557     2     7     0     5     7     1     3     1     1     0     0     1     3     0     1   495     0
   558     2     7     0     5     7     1     3     1     1     0     1     0     1     0     0   415     1
   559     2     5     0     1     3     5     7     0     0     1     0     1     2     1     1   872     0
   560     2     5     0     1     3     5     7     1     1     0     1     1     1     1     1   970     0
   561     2     6     2     3     5     7     1     0     0     0     0     0     2     1     1   736     0
   562     2     7     0     5     7     1     3     0     0     1     1     1     2     0     0   515     0
   563     2     8     1     7     1     3     5     0     0     0     1     1     2     0     0   709     0
   564     1     3     1     6     8     2     4     0     1     0     1     1     3     0     1   515     0
   565     1     2     2     4     6     8     2     0     1     0     0     1     2     0     0   459     0
   566     1     1     2     2     4     6     8     1     0     1     1     1     2     1     1   686     0
   567     2     8     1     7     1     3     5     0     0     1     0     1     3     1     0   522     0
   568     2     6     2     3     5     7     1     0     0     1     0     0     2     0     0   468     0
   569     2     8     1     7     1     3     5     1     0     1     1     0     2     1     0   553     0
   570     2     5     0     1     3     5     7     0     0     0     1     1     2     1     0   518     0
   571     2     8     1     7     1     3     5     1     1     0     0     0     2     1     1   587     0
   572     2     8     1     7     1     3     5     1     1     1     1     0     1     0     0   552     0
   573     2     7     0     5     7     1     3     1     1     1     1     0     2     0     0   566     0
   574     2     5     0     1     3     5     7     0     1     1     1     0     2     1     0   619     0
   575     2     7     0     5     7     1     3     1     0     0     0     1     2     1     1   621     0
   576     2     6     2     3     5     7     1     1     1     1     0     0     2     0     1   466     0
   577     2     6     2     3     5     7     1     1     1     1     0     1     1     0     0   398     0
   578     2     6     2     3     5     7     1     0     0     1     0     1     1     1     1   686     0
   579     1     2     2     4     6     8     2     0     0     1     1     0     3     0     0   560     1
   580     1     2     2     4     6     8     2     0     0     1     0     0     1     0     0   524     0
   581     2     6     2     3     5     7     1     0     1     1     0     0     3     0     1   502     0
   582     2     7     0     5     7     1     3     0     0     0     0     0     2     0     1   568     0
   583     1     2     2     4     6     8     2     1     0     0     1     1     3     1     0   478     0
   584     1     1     2     2     4     6     8     0     0     1     0     1     2     1     0   666     0
   585     2     5     0     1     3     5     7     0     1     1     0     1     3     0     1   461     0
   586     2     5     0     1     3     5     7     0     0     1     0     0     1     0     1   451     0
   587     1     1     2     2     4     6     8     0     1     1     1     0     3     0     1   588     0
   588     1     1     2     2     4     6     8     0     0     1     1     1     1     0     1   471     0
   589     2     7     0     5     7     1     3     0     1     1     0     0     3     0     1   585     0
   590     2     7     0     5     7     1     3     1     0     0     1     0     1     1     1   697     0
   591     1     4     1     8     2     4     6     1     1     0     0     1     3     0     1   693     0
   592     1     1     2     2     4     6     8     0     0     0     0     1     2     1     1   466     0
   593     2     5     0     1     3     5     7     0     0     0     1     0     3     0     0   709     0
   594     2     5     0     1     3     5     7     1     0     0     0     0     1     1     0   640     0
   595     1     2     2     4     6     8     2     0     0     0     1     1     3     1     0   622     0
   596     1     2     2     4     6     8     2     0     1     0     0     0     1     0     1   544     0
   597     1     1     2     2     4     6     8     1     0     1     1     1     2     1     1   610     0
   598     1     1     2     2     4     6     8     1     1     1     1     0     1     0     1   587     0
   599     2     8     1     7     1     3     5     0     0     0     0     1     3     1     1   540     0
   600     2     8     1     7     1     3     5     0     0     1     1     0     1     0     0   437     0
   601     2     5     0     1     3     5     7     0     1     1     1     0     2     0     1   488     0
   602     2     5     0     1     3     5     7     1     1     0     0     0     1     1     0   490     0
   603     1     4     1     8     2     4     6     0     0     1     0     0     3     1     1   514     0
   604     1     4     1     8     2     4     6     1     1     1     1     1     1     1     1   516     0
   605     2     8     1     7     1     3     5     0     1     0     1     0     3     1     0   589     0
   606     2     8     1     7     1     3     5     1     1     0     0     1     1     1     0   557     0
   607     1     4     1     8     2     4     6     1     0     0     1     1     3     0     1   609     0
   608     2     7     0     5     7     1     3     0     0     1     1     1     3     1     0   641     0
   609     1     1     2     2     4     6     8     1     1     1     0     1     3     1     1   493     0
   610     1     1     2     2     4     6     8     1     1     1     1     1     1     0     0   441     0
   611     1     2     2     4     6     8     2     1     0     0     0     0     2     0     1   501     0
   612     1     3     1     6     8     2     4     0     0     0     0     1     2     1     0   726     0
   613     1     2     2     4     6     8     2     1     0     1     0     1     2     1     0   626     0
   614     1     2     2     4     6     8     2     0     0     1     1     1     1     1     0   551     0
   615     1     1     2     2     4     6     8     0     1     1     0     0     2     0     1   649     0
   616     1     2     2     4     6     8     2     0     0     0     1     1     2     0     1   579     0
   617     1     2     2     4     6     8     2     1     0     0     0     0     1     1     0   627     0
   618     2     5     0     1     3     5     7     1     1     0     0     0     3     0     1   543     0
   619     1     4     1     8     2     4     6     0     1     0     0     0     3     1     0   562     0
   620     1     4     1     8     2     4     6     0     0     1     1     0     1     0     1   543     0
   621     2     5     0     1     3     5     7     0     0     0     0     1     3     0     0   600     0
   622     2     6     2     3     5     7     1     0     1     1     1     0     2     0     1   476     0
   623     1     2     2     4     6     8     2     0     0     0     1     0     3     0     1   603     0
   624     1     2     2     4     6     8     2     0     0     0     1     1     1     0     0   503     0
   625     1     1     2     2     4     6     8     1     0     0     1     1     2     1     0   593     0
   626     1     1     2     2     4     6     8     0     0     1     0     0     1     1     0   621     0
   627     2     6     2     3     5     7     1     1     1     0     0     1     3     1     1   549     0
   628     1     3     1     6     8     2     4     0     1     0     1     0     3     1     0   722     0
   629     2     5     0     1     3     5     7     0     0     0     0     1     3     0     1   551     0
   630     1     4     1     8     2     4     6     0     1     0     1     1     3     0     1   472     0
   631     1     3     1     6     8     2     4     0     1     0     0     1     2     0     0   574     0
   632     1     4     1     8     2     4     6     1     0     1     1     1     2     1     1   651     0
   633     1     1     2     2     4     6     8     1     0     1     1     1     2     0     0   569     0
   634     1     2     2     4     6     8     2     0     0     1     0     1     2     1     0   582     0
   635     1     4     1     8     2     4     6     1     1     0     1     0     2     1     1   509     0
   636     2     5     0     1     3     5     7     0     0     0     1     1     3     1     1   724     0
   637     2     7     0     5     7     1     3     1     0     1     1     0     2     1     0   610     0
   638     1     2     2     4     6     8     2     1     1     0     0     0     3     0     1   572     0
   639     2     6     2     3     5     7     1     0     1     1     0     1     3     1     0   626     1
   640     2     6     2     3     5     7     1     0     1     0     1     1     1     0     0   483     0
   641     1     1     2     2     4     6     8     1     1     1     1     1     3     1     0   729     0
   642     1     1     2     2     4     6     8     1     0     1     0     1     1     0     1   417     0
   643     1     1     2     2     4     6     8     1     1     1     0     1     1     0     1   491     0
   644     1     1     2     2     4     6     8     0     1     0     0     1     1     1     0   605     0
   645     2     7     0     5     7     1     3     0     0     1     0     1     3     0     1   563     0
   646     2     7     0     5     7     1     3     0     0     0     0     0     1     0     0   536     0
   647     2     5     0     1     3     5     7     1     0     1     0     1     2     1     0   616     0
   648     2     5     0     1     3     5     7     0     0     1     0     1     1     1     0   528     0
   649     2     8     1     7     1     3     5     1     0     0     1     0     2     1     0   639     0
   650     2     8     1     7     1     3     5     1     0     0     1     0     1     0     0   491     0
   651     1     2     2     4     6     8     2     0     0     0     1     0     3     1     0   545     0
   652     1     2     2     4     6     8     2     0     0     1     1     1     1     0     0   519     0
   653     1     4     1     8     2     4     6     0     0     0     1     0     2     0     0   564     0
   654     1     4     1     8     2     4     6     1     0     0     0     0     1     1     0   384     0
   655     2     5     0     1     3     5     7     0     0     0     1     1     3     1     0   445     0
   656     2     5     0     1     3     5     7     1     0     0     0     0     1     1     0   357     0
   657     2     5     0     1     3     5     7     1     0     0     1     1     1     0     0   347     0
   658     2     5     0     1     3     5     7     0     0     1     0     1     1     1     0   320     0
   659     2     5     0     1     3     5     7     0     1     1     0     0     1     0     1   410     1
   660     2     6     2     3     5     7     1     0     0     0     0     1     2     0     1   464     0
   661     2     7     0     5     7     1     3     1     1     1     0     0     2     1     1   829     0
   662     2     7     0     5     7     1     3     1     1     1     0     1     1     0     0   617     0
   663     1     4     1     8     2     4     6     0     0     0     0     0     3     1     1   464     0
   664     1     1     2     2     4     6     8     0     0     1     1     1     2     0     0   556     0
   665     1     4     1     8     2     4     6     0     1     1     0     1     2     0     1   521     0
   666     1     4     1     8     2     4     6     1     0     1     0     0     1     1     1   529     0
   667     1     4     1     8     2     4     6     1     1     0     1     1     1     0     1   477     0
   668     1     1     2     2     4     6     8     1     1     1     1     0     2     0     0   458     0
   669     1     1     2     2     4     6     8     1     0     0     0     1     1     0     1   512     0
   670     1     1     2     2     4     6     8     1     0     1     1     1     1     0     0   559     0
   671     1     1     2     2     4     6     8     1     0     1     1     1     1     0     0   419     0
   672     1     1     2     2     4     6     8     0     0     0     0     0     1     1     0   533     0
   673     1     2     2     4     6     8     2     1     0     0     0     0     2     1     0   592     1
   674     1     2     2     4     6     8     2     1     0     0     0     1     1     0     0   745     0
   675     1     4     1     8     2     4     6     0     1     1     0     0     2     1     1   536     0
   676     1     4     1     8     2     4     6     0     1     1     1     0     1     0     0   577     0
   677     1     1     2     2     4     6     8     1     0     1     1     1     2     1     1   443     0
   678     1     1     2     2     4     6     8     0     0     1     0     1     1     1     0   807     0
   679     1     3     1     6     8     2     4     0     1     0     1     1     2     0     1  1399     0
   680     1     3     1     6     8     2     4     0     1     0     1     1     1     0     0  1500     2
   681     1     4     1     8     2     4     6     0     0     1     0     0     2     0     1  1323     1
   682     1     4     1     8     2     4     6     0     0     0     0     1     1     0     0   985     0
   683     2     7     0     5     7     1     3     1     1     1     1     0     3     1     1   689     0
   684     2     7     0     5     7     1     3     0     1     1     0     1     1     1     0   845     0
   685     1     1     2     2     4     6     8     1     1     1     0     1     3     1     0   735     0
   686     1     2     2     4     6     8     2     0     0     0     1     0     2     1     1   655     0
   687     2     8     1     7     1     3     5     1     1     1     0     1     3     1     1   598     0
   688     2     8     1     7     1     3     5     0     0     0     1     0     1     1     1   635     0
   689     1     3     1     6     8     2     4     0     1     1     1     1     3     0     1   460     0
   690     1     3     1     6     8     2     4     1     0     1     0     1     1     1     1   565     0
   691     2     7     0     5     7     1     3     0     1     1     0     0     3     1     1   565     0
   692     1     4     1     8     2     4     6     1     0     1     0     0     3     1     1   558     0
   693     2     6     2     3     5     7     1     0     0     0     0     0     3     1     0   508     0
   694     2     8     1     7     1     3     5     0     0     1     1     0     2     0     0   484     0
   695     2     6     2     3     5     7     1     0     0     0     0     0     2     0     0   420     0
   696     1     3     1     6     8     2     4     0     1     1     1     0     3     0     1   479     0
   697     2     8     1     7     1     3     5     0     1     1     1     0     3     0     0   450     0
   698     1     1     2     2     4     6     8     0     1     0     1     1     3     0     0   477     0
   699     1     3     1     6     8     2     4     0     0     0     1     0     2     0     1   495     0
   700     1     3     1     6     8     2     4     1     0     0     0     1     1     1     0   666     0
   701     2     7     0     5     7     1     3     1     1     1     0     1     3     0     1   557     0
   702     2     5     0     1     3     5     7     1     1     0     0     0     2     0     0   559     0
   703     2     6     2     3     5     7     1     1     1     0     0     1     2     0     0   462     0
   704     2     6     2     3     5     7     1     1     1     0     0     0     1     0     0   499     0
   705     1     3     1     6     8     2     4     0     0     0     0     1     3     1     1   727     0
   706     1     3     1     6     8     2     4     0     0     0     1     1     1     0     0   999     0
   707     2     5     0     1     3     5     7     0     0     0     1     0     3     0     0  1043     0
   708     2     5     0     1     3     5     7     1     1     1     0     1     1     1     1   548     0
   709     2     8     1     7     1     3     5     1     0     0     0     1     2     0     1   536     0
   710     2     8     1     7     1     3     5     1     0     1     1     1     1     0     0   483     0
   711     2     8     1     7     1     3     5     1     1     1     1     0     1     0     1   400     1
   712     2     8     1     7     1     3     5     0     1     0     0     0     1     1     0   603     0
   713     1     1     2     2     4     6     8     0     0     1     0     0     3     0     1  1260     0
   714     2     6     2     3     5     7     1     1     1     1     1     1     3     1     1   559     0
   715     2     5     0     1     3     5     7     1     1     1     0     1     2     0     0   484     0
   716     2     5     0     1     3     5     7     1     1     0     0     1     1     0     0   389     0
   717     2     5     0     1     3     5     7     0     1     0     0     0     1     1     0   762     0
   718     2     5     0     1     3     5     7     0     0     0     0     0     1     0     1   535     0
   719     1     4     1     8     2     4     6     0     1     0     0     0     3     0     1   628     0
   720     1     3     1     6     8     2     4     1     1     0     1     0     2     1     0   629     0
   721     2     6     2     3     5     7     1     0     1     0     0     1     3     1     0   516     0
   722     2     8     1     7     1     3     5     1     1     0     0     0     2     1     0   613     0
   723     1     4     1     8     2     4     6     1     1     1     1     0     3     0     0   422     0
   724     1     4     1     8     2     4     6     0     1     0     0     0     1     1     0   778     0
   725     2     6     2     3     5     7     1     0     1     1     0     1     3     0     0   535     0
   726     2     6     2     3     5     7     1     0     1     1     1     1     1     0     0   383     0
   727     1     1     2     2     4     6     8     1     0     0     0     1     3     1     1   489     0
   728     1     1     2     2     4     6     8     0     1     0     0     1     1     1     1   469     0
   729     1     2     2     4     6     8     2     1     0     0     1     1     2     1     1   456     1
   730     1     2     2     4     6     8     2     1     0     1     0     0     1     0     0   556     0
   731     2     6     2     3     5     7     1     1     1     1     0     1     3     0     1   666     0
   732     2     6     2     3     5     7     1     1     1     0     0     0     1     0     0   471     0
   733     2     8     1     7     1     3     5     0     1     1     1     1     2     1     0   897     0
   734     2     8     1     7     1     3     5     1     0     0     1     0     1     1     1   666     0
   735     1     4     1     8     2     4     6     0     1     1     1     0     3     1     1   596     0
   736     1     4     1     8     2     4     6     0     0     1     0     1     1     0     1   689     0
   737     2     6     2     3     5     7     1     0     0     0     0     1     3     0     0   481     0
   738     2     6     2     3     5     7     1     0     0     1     1     1     1     0     0   539     0
   739     1     4     1     8     2     4     6     1     1     0     1     1     3     1     1   489     0
   740     2     5     0     1     3     5     7     1     0     1     1     0     3     0     1   695     0
   741     2     8     1     7     1     3     5     0     0     0     0     1     2     1     0   774     0
   742     2     7     0     5     7     1     3     0     1     0     1     0     2     0     1   499     0
   743     1     2     2     4     6     8     2     0     1     0     1     1     3     0     0   501     0
   744     1     2     2     4     6     8     2     1     0     1     1     0     1     1     1   610     0
   745     2     8     1     7     1     3     5     0     1     0     0     0     3     1     1   711     0
   746     1     1     2     2     4     6     8     0     1     0     0     0     3     0     0   585     0
   747     2     6     2     3     5     7     1     1     1     1     1     0     3     1     0   485     0
   748     1     3     1     6     8     2     4     0     0     0     1     1     3     1     1   691     0
   749     2     7     0     5     7     1     3     0     1     0     0     1     3     0     1   512     0
   750     2     7     0     5     7     1     3     1     0     1     1     0     1     1     1   533     0
   751     1     2     2     4     6     8     2     0     0     0     0     1     3     1     0   762     0
   752     1     2     2     4     6     8     2     0     1     0     1     1     1     0     1   403     0
   753     1     3     1     6     8     2     4     0     0     1     0     0     2     0     1   791     0
   754     1     4     1     8     2     4     6     0     0     1     0     0     2     0     0   761     0
   755     2     5     0     1     3     5     7     0     1     0     1     1     3     0     1   631     0
   756     2     7     0     5     7     1     3     0     1     1     0     0     2     0     0   639     1
   757     2     8     1     7     1     3     5     1     0     0     1     0     2     1     1   680     0
   758     2     8     1     7     1     3     5     1     0     0     0     0     1     0     0   423     0
   759     2     6     2     3     5     7     1     0     0     1     1     1     2     1     0   531     0
   760     1     1     2     2     4     6     8     1     0     0     1     1     3     1     0   518     0
   761     1     4     1     8     2     4     6     1     0     1     0     0     2     0     0   405     0
   762     1     4     1     8     2     4     6     1     0     0     0     1     1     0     0   349     0
   763     1     1     2     2     4     6     8     1     0     0     0     1     2     0     0   578     0
   764     1     1     2     2     4     6     8     1     1     1     0     1     1     0     1   566     0
   765     1     1     2     2     4     6     8     1     1     1     0     1     1     0     0   653     0
   766     2     6     2     3     5     7     1     1     1     0     0     1     3     0     0   474     0
   767     1     1     2     2     4     6     8     1     0     0     1     0     3     0     1   485     0
   768     1     1     2     2     4     6     8     0     0     1     1     0     1     1     0   823     0
   769     1     3     1     6     8     2     4     1     0     1     1     1     2     1     0   750     0
   770     1     3     1     6     8     2     4     1     1     0     0     1     1     0     1   576     0
   771     2     8     1     7     1     3     5     0     0     0     0     0     3     1     1   748     0
   772     2     8     1     7     1     3     5     1     0     1     0     0     1     1     0   580     0
   773     1     2     2     4     6     8     2     0     0     0     0     0     3     1     0  1135     1
   774     2     7     0     5     7     1     3     1     1     1     1     1     3     1     1   511     0
   775     1     3     1     6     8     2     4     0     0     1     1     1     3     1     1   623     0
   776     1     3     1     6     8     2     4     0     1     0     1     0     1     0     1   592     0
   777     1     3     1     6     8     2     4     1     0     0     1     0     1     1     1   443     1
   778     2     8     1     7     1     3     5     0     1     0     1     1     3     1     1   700     0
   779     1     4     1     8     2     4     6     0     0     1     0     1     3     0     1   503     0
   780     1     1     2     2     4     6     8     0     1     0     0     1     2     0     1   454     0
   781     2     6     2     3     5     7     1     0     0     1     0     1     3     0     1   380     1
   782     2     7     0     5     7     1     3     1     0     1     0     0     2     1     0   769     0
   783     1     3     1     6     8     2     4     1     0     0     0     0     3     0     0   663     0
   784     1     3     1     6     8     2     4     1     0     0     1     1     1     0     0   568     0
   785     1     1     2     2     4     6     8     1     0     1     0     0     2     0     0   704     0
   786     1     1     2     2     4     6     8     0     0     0     0     1     1     1     0   653     0
   787     2     5     0     1     3     5     7     1     0     1     0     1     3     1     0   767     0
   788     2     6     2     3     5     7     1     0     1     1     1     1     2     1     1   515     0
   789     2     6     2     3     5     7     1     1     1     1     0     1     1     1     0   446     0
   790     2     5     0     1     3     5     7     1     1     1     1     1     2     0     0   534     0
   791     2     8     1     7     1     3     5     0     1     0     0     0     2     1     0   627     0
   792     2     6     2     3     5     7     1     1     1     1     0     0     2     1     0   417     0
   793     2     5     0     1     3     5     7     0     1     1     1     0     2     1     0   454     0
   794     1     4     1     8     2     4     6     0     0     0     1     1     3     0     1   601     0
   795     1     1     2     2     4     6     8     0     0     0     0     0     2     0     0   530     0
   796     1     1     2     2     4     6     8     0     0     1     1     1     1     0     0   427     0
   797     2     8     1     7     1     3     5     1     1     0     0     1     3     1     1   523     1
   798     2     8     1     7     1     3     5     1     1     1     0     0     1     0     0   521     0
   799     2     6     2     3     5     7     1     1     0     1     0     1     2     0     1   486     0
   800     2     6     2     3     5     7     1     0     0     1     0     0     1     1     0   551     0
   801     1     3     1     6     8     2     4     1     0     1     1     0     3     1     0  1000     1
   802     1     3     1     6     8     2     4     0     0     0     1     1     1     1     0   829     0
   803     2     5     0     1     3     5     7     0     0     0     1     0     3     0     0   598     0
   804     1     4     1     8     2     4     6     1     1     1     0     0     3     1     1   477     0
   805     1     1     2     2     4     6     8     0     0     1     0     1     2     1     1  1486     0
   806     2     8     1     7     1     3     5     0     0     1     0     0     3     0     0   765     0
   807     2     5     0     1     3     5     7     0     1     1     0     0     2     0     1   652     0
   808     2     6     2     3     5     7     1     0     0     0     1     0     2     0     1   587     0
   809     1     2     2     4     6     8     2     1     1     1     0     0     3     1     1   685     0
   810     1     3     1     6     8     2     4     1     0     0     0     0     2     0     1   663     0
   811     2     5     0     1     3     5     7     0     0     0     0     1     3     1     0   732     0
   812     2     8     1     7     1     3     5     0     1     0     0     0     2     0     1   618     0
   813     1     2     2     4     6     8     2     1     0     1     1     1     3     1     1   630     0
   814     1     1     2     2     4     6     8     0     1     1     0     1     2     1     1   566     0
   815     1     1     2     2     4     6     8     0     0     1     1     0     1     0     1   715     0
   816     1     1     2     2     4     6     8     1     1     0     1     0     1     1     1   487     0
   817     1     4     1     8     2     4     6     1     1     1     1     1     2     0     0   492     0
   818     1     4     1     8     2     4     6     0     1     0     1     0     1     1     0   539     1
   819     1     3     1     6     8     2     4     1     1     0     1     1     2     1     0   861     0
   820     1     3     1     6     8     2     4     1     0     0     0     0     1     0     1   637     0
   821     2     5     0     1     3     5     7     1     0     0     0     0     3     0     0   640     0
   822     2     6     2     3     5     7     1     1     1     1     1     0     2     0     1   573     0
   823     1     4     1     8     2     4     6     1     1     1     1     0     3     0     0   544     0
   824     1     1     2     2     4     6     8     1     0     1     0     0     2     0     1   597     0
   825     2     6     2     3     5     7     1     1     1     0     0     1     3     0     1   492     0
   826     2     7     0     5     7     1     3     0     0     0     1     1     2     1     1   783     0
   827     2     8     1     7     1     3     5     1     1     0     0     1     2     1     1   507     0
   828     1     1     2     2     4     6     8     0     0     1     1     1     3     1     1   658     0
   829     1     4     1     8     2     4     6     1     0     0     1     0     2     1     0   668     0
   830     1     2     2     4     6     8     2     1     1     0     1     1     2     0     1   415     0
   831     1     4     1     8     2     4     6     0     0     1     0     1     2     1     1   545     0
   832     1     4     1     8     2     4     6     1     0     1     0     1     1     1     0   466     0
   833     1     3     1     6     8     2     4     1     0     0     1     1     2     0     0   485     1
   834     1     3     1     6     8     2     4     0     1     1     1     0     1     1     1   562     0
   835     1     2     2     4     6     8     2     0     1     0     1     1     2     0     0   392     0
   836     1     2     2     4     6     8     2     0     1     1     0     0     1     0     0   624     0
   837     2     6     2     3     5     7     1     0     0     1     1     0     3     0     1   844     0
   838     2     6     2     3     5     7     1     0     0     1     0     1     1     0     0  1025     0
   839     2     6     2     3     5     7     1     1     1     0     1     1     1     1     1   597     0
   840     2     7     0     5     7     1     3     0     1     1     0     1     2     1     0   408     0
   841     2     6     2     3     5     7     1     0     0     1     0     1     2     0     1   474     0
   842     2     6     2     3     5     7     1     1     0     0     1     0     1     1     0   493     0
   843     2     8     1     7     1     3     5     0     0     0     1     0     2     1     0   775     0
   844     2     8     1     7     1     3     5     1     0     0     0     0     1     1     0   492     0
   845     1     1     2     2     4     6     8     0     0     1     0     1     3     1     0   685     0
   846     1     1     2     2     4     6     8     1     1     0     0     1     1     1     1   796     0
   847     2     6     2     3     5     7     1     0     0     0     0     0     3     1     1   874     0
   848     2     6     2     3     5     7     1     1     0     1     1     0     1     1     0   672     0
   849     2     8     1     7     1     3     5     0     1     1     0     0     2     1     1   667     1
   850     1     3     1     6     8     2     4     1     1     0     0     1     3     1     0   562     0
   851     2     5     0     1     3     5     7     1     0     0     1     0     3     0     1   903     0
   852     2     5     0     1     3     5     7     1     1     0     1     0     1     0     1   636     0
   853     2     7     0     5     7     1     3     1     1     1     0     0     2     0     0   586     0
   854     2     7     0     5     7     1     3     1     1     0     0     1     1     0     0   517     0
   855     1     1     2     2     4     6     8     1     1     0     1     1     3     0     0   596     0
   856     1     1     2     2     4     6     8     0     0     0     0     0     1     1     1   428     0
   857     1     2     2     4     6     8     2     1     0     1     1     1     2     1     0   613     0
   858     1     3     1     6     8     2     4     1     0     1     0     1     2     0     0   573     0
   859     1     2     2     4     6     8     2     0     0     1     0     1     2     1     0   475     0
   860     1     2     2     4     6     8     2     1     0     0     1     0     1     1     0   534     0
   861     1     2     2     4     6     8     2     1     0     0     1     0     1     0     0   459     0
   862     1     2     2     4     6     8     2     1     1     0     1     1     1     0     1   382     1
   863     1     1     2     2     4     6     8     0     1     0     0     1     2     1     0  1093     1
   864     1     1     2     2     4     6     8     1     0     0     1     0     1     1     1   697     0
   865     1     1     2     2     4     6     8     0     0     0     1     0     1     1     0   792     0
   866     1     1     2     2     4     6     8     1     0     1     0     0     1     1     0   638     0
   867     1     4     1     8     2     4     6     0     0     0     0     0     2     1     0   697     0
   868     1     4     1     8     2     4     6     1     1     1     1     0     1     1     1   785     0
   869     1     3     1     6     8     2     4     0     0     1     1     1     2     1     1   793     0
   870     1     4     1     8     2     4     6     1     0     0     1     1     2     1     0   673     0
   871     1     3     1     6     8     2     4     1     1     0     0     1     2     0     1   638     0
   872     1     3     1     6     8     2     4     0     1     1     0     0     1     1     0   953     0
   873     1     1     2     2     4     6     8     0     0     1     1     0     2     0     1   567     0
   874     1     4     1     8     2     4     6     0     0     1     0     0     2     0     0   834     0
   875     2     6     2     3     5     7     1     1     0     1     0     1     3     1     0   772     0
   876     2     6     2     3     5     7     1     0     0     0     0     0     1     1     0   537     0
   877     1     1     2     2     4     6     8     1     0     1     0     1     3     1     0   572     0
   878     1     1     2     2     4     6     8     0     0     1     1     0     1     1     0   614     0
   879     1     2     2     4     6     8     2     1     1     0     1     0     2     1     1   769     0
   880     1     2     2     4     6     8     2     0     1     1     0     1     1     1     0   655     0
   881     1     1     2     2     4     6     8     1     0     0     0     1     2     1     1   789     0
   882     1     2     2     4     6     8     2     1     1     1     1     1     2     0     1   535     0
   883     1     2     2     4     6     8     2     1     1     1     0     0     1     0     0   439     0
   884     2     7     0     5     7     1     3     1     1     1     0     1     3     0     0   656     0
   885     2     8     1     7     1     3     5     0     0     0     1     0     2     1     1   600     1
   886     1     3     1     6     8     2     4     0     1     1     0     0     3     0     1   471     0
   887     1     3     1     6     8     2     4     1     1     0     0     1     1     1     0   433     0
   888     2     6     2     3     5     7     1     1     1     0     1     0     3     0     0   582     0
   889     2     5     0     1     3     5     7     0     0     1     1     1     2     1     1   615     0
   890     2     5     0     1     3     5     7     1     0     0     1     0     1     1     0   573     0
   891     2     7     0     5     7     1     3     0     0     0     0     0     2     1     0  1202     0
   892     2     7     0     5     7     1     3     0     0     1     1     1     1     0     0   492     0
   893     2     5     0     1     3     5     7     1     0     1     1     1     2     1     0  1016     1
   894     2     6     2     3     5     7     1     0     0     1     1     0     2     1     0   577     0
   895     2     6     2     3     5     7     1     0     0     1     0     1     1     0     0   480     0
   896     2     5     0     1     3     5     7     1     0     0     1     1     2     1     0   610     0
