     1     2     5     0     1     3     5     7     1     1     1     1     1     3     1     0  1079     0
     2     2     8     1     7     1     3     5     1     0     1     0     1     2     0     1   532     0
     3     2     7     0     5     7     1     3     1     1     0     1     1     2     0     1   543     0
     4     2     7     0     5     7     1     3     0     0     0     0     0     1     1     1   707     0
     5     2     7     0     5     7     1     3     1     0     1     0     1     1     1     0   846     0
     6     2     7     0     5     7     1     3     0     0     0     0     1     1     1     0   508     0
     7     1     3     1     6     8     2     4     0     1     0     0     0     3     0     1   666     0
     8     2     6     2     3     5     7     1     0     1     0     1     1     3     0     0   536     0
     9     2     5     0     1     3     5     7     0     0     1     1     0     2     0     1   543     0
    10     2     5     0     1     3     5     7     0     0     0     0     1     1     0     0   371     0
    11     1     3     1     6     8     2     4     1     1     0     1     0     3     1     1   772     0
    12     1     3     1     6     8     2     4     1     0     1     1     0     1     0     1   612     0
    13     1     4     1     8     2     4     6     0     0     0     1     0     2     1     0   681     0
    14     1     3     1     6     8     2     4     0     1     0     1     0     2     0     1   536     0
    15     2     7     0     5     7     1     3     1     0     1     0     0     3     1     1   852     0
    16     2     7     0     5     7     1     3     1     1     0     1     0     1     0     1   569     0
    17     1     2     2     4     6     8     2     1     1     1     0     1     3     0     0   834     0
    18     1     2     2     4     6     8     2     1     0     0     0     0     1     0     1   695     0
    19     1     2     2     4     6     8     2     0     0     0     1     0     1     1     0   522     0
    20     1     2     2     4     6     8     2     1     0     1     0     0     1     1     0   472     0
    21     2     6     2     3     5     7     1     0     0     1     0     1     3     1     0  1219     0
    22     2     6     2     3     5     7     1     1     1     1     1     0     1     1     1   580     0
    23     1     4     1     8     2     4     6     1     0     1     0     0     3     0     1  1303     0
    24     1     4     1     8     2     4     6     1     0     0     1     0     1     0     0   582     0
    25     2     6     2     3     5     7     1     1     1     0     1     0     3     0     1   593     0
    26     2     6     2     3     5     7     1     0     1     0     0     1     1     1     0   793     0
    27     1     2     2     4     6     8     2     0     1     1     0     0     3     0     0   619     1
    28     1     2     2     4     6     8     2     0     0     0     1     0     1     0     1   530     0
    29     2     7     0     5     7     1     3     0     0     1     0     1     3     0     0   541     0
    30     2     7     0     5     7     1     3     0     1     1     1     1     1     0     1   904     0
    31     2     5     0     1     3     5     7     0     0     1     1     1     2     0     1  1011     0
    32     2     5     0     1     3     5     7     0     1     0     0     0     1     0     1   531     0
    33     1     4     1     8     2     4     6     0     1     0     0     0     3     0     0   563     0
    34     1     2     2     4     6     8     2     1     1     0     1     0     2     1     0  1059     0
    35     2     7     0     5     7     1     3     0     0     1     1     1     3     1     1   673     0
    36     2     5     0     1     3     5     7     1     0     1     1     1     2     1     0   587     0
    37     1     2     2     4     6     8     2     1     0     1     1     1     3     0     0   551     0
    38     1     2     2     4     6     8     2     0     0     0     1     1     1     1     0   450     0
    39     1     3     1     6     8     2     4     1     0     0     0     1     2     1     0   588     0
    40     1     3     1     6     8     2     4     1     1     1     0     1     1     0     1   576     0
    41     2     6     2     3     5     7     1     0     1     0     1     1     3     1     0  1025     1
    42     2     6     2     3     5     7     1     0     1     1     0     0     1     0     0   692     0
    43     2     6     2     3     5     7     1     1     0     1     1     0     1     1     1   475     0
    44     2     6     2     3     5     7     1     0     0     0     0     0     1     1     0   569     0
    45     1     3     1     6     8     2     4     1     1     1     1     1     3     1     1   621     0
    46     1     3     1     6     8     2     4     0     1     1     1     0     1     1     0   763     1
    47     1     4     1     8     2     4     6     0     1     0     1     0     2     0     0  1437     0
    48     1     4     1     8     2     4     6     0     0     1     0     1     1     0     1   585     0
    49     1     1     2     2     4     6     8     1     1     0     1     1     2     1     1   938     0
    50     1     1     2     2     4     6     8     0     0     0     0     1     1     1     1   501     0
    51     2     8     1     7     1     3     5     0     0     1     0     1     3     0     0   527     0
    52     2     6     2     3     5     7     1     0     1     0     0     0     2     0     1   698     0
    53     2     6     2     3     5     7     1     0     0     1     1     1     1     0     1   541     0
    54     2     6     2     3     5     7     1     0     1     0     0     0     1     0     1   444     0
    55     1     3     1     6     8     2     4     1     1     0     0     0     3     1     0   934     0
    56     1     3     1     6     8     2     4     0     1     1     0     1     1     1     0   762     0
    57     2     6     2     3     5     7     1     1     1     0     1     1     3     1     0   613     0
    58     2     6     2     3     5     7     1     0     1     0     0     0     1     1     0   582     0
    59     1     3     1     6     8     2     4     1     0     0     1     1     3     1     1  1162     0
    60     2     6     2     3     5     7     1     0     1     0     1     0     3     1     1   517     0
    61     2     7     0     5     7     1     3     1     1     1     1     1     2     1     0   537     0
    62     2     6     2     3     5     7     1     0     1     0     0     0     2     1     0   697     0
    63     1     1     2     2     4     6     8     0     0     1     1     0     3     0     1   547     0
    64     1     3     1     6     8     2     4     1     0     1     0     1     2     1     0   639     1
    65     2     7     0     5     7     1     3     0     0     1     0     0     3     1     0   687     0
    66     2     5     0     1     3     5     7     1     0     0     1     0     2     1     0   546     0
    67     1     1     2     2     4     6     8     1     1     0     0     0     3     0     1   602     0
    68     2     8     1     7     1     3     5     0     0     1     0     1     3     1     1   571     1
    69     2     8     1     7     1     3     5     0     1     0     0     1     1     0     1   559     0
    70     2     8     1     7     1     3     5     0     0     0     0     1     1     0     1   510     1
    71     2     7     0     5     7     1     3     1     0     1     0     1     2     1     0   500     0
    72     2     7     0     5     7     1     3     1     1     1     1     0     1     0     1   494     0
    73     1     3     1     6     8     2     4     1     0     0     1     1     3     0     1   617     0
    74     1     1     2     2     4     6     8     0     1     1     1     1     2     1     1   537     0
    75     2     8     1     7     1     3     5     0     0     1     1     1     3     0     1   553     0
    76     2     6     2     3     5     7     1     0     0     0     0     1     2     0     0   569     0
    77     2     7     0     5     7     1     3     1     1     0     0     0     2     1     1   665     0
    78     1     4     1     8     2     4     6     0     1     1     0     1     3     1     0   547     0
    79     2     5     0     1     3     5     7     0     0     1     1     0     3     0     1   519     1
    80     2     6     2     3     5     7     1     0     0     1     1     0     2     0     0   693     0
    81     1     2     2     4     6     8     2     1     0     1     1     1     3     1     0   651     0
    82     1     3     1     6     8     2     4     0     1     1     1     0     2     1     1   748     0
    83     1     3     1     6     8     2     4     0     1     0     1     0     1     0     0   691     0
    84     1     3     1     6     8     2     4     0     0     0     1     0     1     0     1   557     0
    85     1     3     1     6     8     2     4     1     0     1     1     0     1     1     0   712     0
    86     1     1     2     2     4     6     8     1     0     1     0     1     2     0     0  1018     0
    87     2     8     1     7     1     3     5     0     1     1     1     0     3     1     1   471     0
    88     2     8     1     7     1     3     5     1     1     0     0     0     1     1     0   434     0
    89     2     5     0     1     3     5     7     1     0     0     0     1     2     0     1   726     0
    90     2     5     0     1     3     5     7     0     0     1     0     1     1     1     0   508     0
    91     1     2     2     4     6     8     2     1     1     0     1     1     3     1     1   548     1
    92     2     7     0     5     7     1     3     1     1     1     1     0     3     0     0   667     0
    93     2     5     0     1     3     5     7     0     0     1     1     1     2     1     1   637     0
    94     2     5     0     1     3     5     7     0     0     1     0     1     1     0     0   602     0
    95     1     4     1     8     2     4     6     0     0     0     0     0     3     0     0   575     0
    96     1     4     1     8     2     4     6     0     0     1     0     0     1     0     0   799     0
    97     1     2     2     4     6     8     2     0     1     1     0     1     2     0     1   478     0
    98     2     5     0     1     3     5     7     0     1     1     1     1     3     0     0   532     0
    99     2     7     0     5     7     1     3     1     0     0     0     0     2     1     1   635     0
   100     2     7     0     5     7     1     3     0     1     1     1     0     1     1     1   588     0
   101     2     8     1     7     1     3     5     0     1     0     1     0     2     0     0   636     0
   102     1     3     1     6     8     2     4     0     0     0     0     0     3     0     1   446     1
   103     1     4     1     8     2     4     6     0     0     0     1     1     2     0     0   558     0
   104     1     1     2     2     4     6     8     0     0     1     1     0     2     0     0   521     0
   105     1     3     1     6     8     2     4     1     0     0     0     0     2     1     0   557     0
   106     2     8     1     7     1     3     5     1     0     1     1     1     3     0     0   436     0
   107     1     4     1     8     2     4     6     0     1     1     0     1     3     1     1   489     0
   108     2     5     0     1     3     5     7     0     1     0     1     0     3     0     0   659     0
   109     1     3     1     6     8     2     4     0     1     1     0     1     3     0     0   737     0
   110     1     3     1     6     8     2     4     0     1     0     1     0     1     0     0   748     0
   111     2     5     0     1     3     5     7     0     1     0     0     1     3     0     0   450     0
   112     2     5     0     1     3     5     7     0     1     1     0     1     1     0     0   447     0
   113     2     7     0     5     7     1     3     0     0     0     0     0     2     0     1   672     0
   114     2     5     0     1     3     5     7     0     1     1     1     1     2     0     1   647     0
   115     1     2     2     4     6     8     2     0     1     0     1     0     3     0     0   749     0
   116     1     2     2     4     6     8     2     1     1     0     1     1     1     1     0   513     0
   117     2     5     0     1     3     5     7     0     1     1     1     1     3     1     0   463     0
   118     2     5     0     1     3     5     7     0     1     0     1     0     1     0     0   365     0
   119     1     4     1     8     2     4     6     0     1     1     0     1     3     0     0   466     0
   120     1     1     2     2     4     6     8     0     1     1     0     0     2     0     0   504     0
   121     2     6     2     3     5     7     1     1     1     0     1     0     3     1     0   676     0
   122     2     8     1     7     1     3     5     1     0     1     0     1     2     0     1   529     1
   123     1     1     2     2     4     6     8     1     0     1     1     0     3     0     0   607     0
   124     1     1     2     2     4     6     8     0     1     0     1     1     1     1     1   695     0
   125     1     1     2     2     4     6     8     0     0     0     0     1     1     0     1  1018     0
   126     1     1     2     2     4     6     8     1     0     1     0     1     1     1     0  1358     0
   127     2     8     1     7     1     3     5     0     0     0     1     1     3     1     0   649     0
   128     2     8     1     7     1     3     5     0     0     1     1     1     1     0     0   434     0
   129     1     1     2     2     4     6     8     1     1     0     0     0     3     1     1   564     0
   130     1     3     1     6     8     2     4     0     1     1     1     1     2     1     0   556     0
   131     1     2     2     4     6     8     2     0     1     0     1     1     2     0     0   635     1
   132     1     2     2     4     6     8     2     1     1     1     0     1     1     1     0   556     0
   133     1     2     2     4     6     8     2     0     1     0     0     1     1     1     0   524     0
   134     2     5     0     1     3     5     7     0     1     0     0     0     3     0     0   720     0
   135     1     3     1     6     8     2     4     1     0     0     0     1     3     1     1   710     0
   136     2     8     1     7     1     3     5     0     0     1     1     0     3     1     0   569     0
   137     1     4     1     8     2     4     6     1     1     0     1     0     3     1     1   457     0
   138     1     4     1     8     2     4     6     0     0     1     0     1     1     1     1   638     1
   139     1     4     1     8     2     4     6     1     1     1     1     0     1     1     1   631     0
   140     1     4     1     8     2     4     6     0     0     0     1     1     1     1     1   676     0
   141     2     6     2     3     5     7     1     0     0     0     1     0     3     0     0   582     0
   142     2     6     2     3     5     7     1     1     1     0     0     0     1     1     1   542     0
   143     2     6     2     3     5     7     1     0     0     1     0     1     1     1     1   754     0
   144     2     7     0     5     7     1     3     0     1     1     0     0     2     0     1   785     0
   145     1     2     2     4     6     8     2     1     0     1     0     1     3     1     1   597     0
   146     1     2     2     4     6     8     2     0     0     0     1     1     1     1     0   585     1
   147     2     8     1     7     1     3     5     0     0     0     1     0     3     0     0   545     0
   148     2     5     0     1     3     5     7     1     1     1     0     1     2     1     1   568     0
   149     1     3     1     6     8     2     4     1     0     0     1     1     3     0     1   745     0
   150     2     6     2     3     5     7     1     0     0     0     1     0     3     1     0   620     0
   151     1     1     2     2     4     6     8     0     1     1     0     1     3     0     1   693     0
   152     1     4     1     8     2     4     6     0     1     1     1     1     2     0     0   711     0
   153     1     1     2     2     4     6     8     1     1     0     0     0     2     1     0   573     0
   154     1     1     2     2     4     6     8     1     1     1     1     0     1     0     0   469     0
   155     2     7     0     5     7     1     3     0     1     1     1     1     3     1     0   786     0
   156     2     7     0     5     7     1     3     0     0     1     0     1     1     0     1   671     0
   157     2     7     0     5     7     1     3     0     1     0     1     1     1     0     1  1058     0
   158     2     7     0     5     7     1     3     0     0     1     1     0     1     0     1   755     0
   159     2     5     0     1     3     5     7     0     1     1     0     0     2     0     1   598     0
   160     2     6     2     3     5     7     1     1     0     0     1     0     2     1     1  1435     1
   161     2     6     2     3     5     7     1     1     1     0     0     0     1     0     1   454     0
   162     1     3     1     6     8     2     4     1     0     0     0     1     3     0     1   698     0
   163     2     7     0     5     7     1     3     1     1     0     0     0     3     0     1   576     1
   164     2     7     0     5     7     1     3     1     1     0     1     0     1     0     0   527     0
   165     2     6     2     3     5     7     1     1     1     1     1     0     2     0     0   623     0
   166     2     6     2     3     5     7     1     1     1     0     0     0     1     0     0   475     0
   167     2     6     2     3     5     7     1     0     0     1     0     1     1     1     1   558     0
   168     2     6     2     3     5     7     1     1     1     1     1     1     1     1     1   462     0
   169     1     2     2     4     6     8     2     1     0     0     0     0     3     0     1   500     0
   170     1     1     2     2     4     6     8     0     1     0     1     0     2     1     1   794     0
   171     2     7     0     5     7     1     3     0     1     0     1     0     3     0     0   702     0
   172     2     8     1     7     1     3     5     1     0     1     1     1     2     1     1   656     0
   173     1     2     2     4     6     8     2     1     1     0     0     0     3     0     1   553     0
   174     1     2     2     4     6     8     2     1     0     1     1     1     1     0     1  1101     0
   175     2     6     2     3     5     7     1     1     0     1     1     0     3     0     0   486     0
   176     2     6     2     3     5     7     1     1     0     0     0     1     1     0     0   485     0
   177     1     1     2     2     4     6     8     0     0     1     1     1     3     1     0   708     0
   178     1     3     1     6     8     2     4     0     0     1     1     0     2     0     0   626     0
   179     1     4     1     8     2     4     6     1     0     0     0     0     2     1     0   480     0
   180     1     4     1     8     2     4     6     1     0     0     1     0     1     0     0   352     0
   181     2     8     1     7     1     3     5     1     0     1     1     0     3     0     0   767     0
   182     1     1     2     2     4     6     8     0     1     0     0     0     3     1     1   595     0
   183     1     4     1     8     2     4     6     0     1     0     0     0     2     0     0   572     0
   184     1     1     2     2     4     6     8     0     0     1     1     0     2     0     1   667     0
   185     1     4     1     8     2     4     6     1     1     0     0     1     2     1     1   484     0
   186     1     4     1     8     2     4     6     1     1     0     1     1     1     0     0   407     0
   187     2     6     2     3     5     7     1     0     0     1     0     0     3     1     1   540     0
   188     2     6     2     3     5     7     1     1     1     1     0     0     1     1     1   534     0
   189     2     8     1     7     1     3     5     1     1     1     0     1     2     0     0   541     1
   190     1     3     1     6     8     2     4     1     0     0     1     0     3     0     1   692     0
   191     2     5     0     1     3     5     7     1     1     0     0     0     3     0     1   535     0
   192     2     5     0     1     3     5     7     0     0     1     0     0     1     1     1   573     0
   193     1     1     2     2     4     6     8     0     1     1     0     1     3     0     1   585     0
   194     1     1     2     2     4     6     8     0     0     0     1     0     1     0     1   637     0
   195     2     8     1     7     1     3     5     0     1     0     1     1     3     0     1   551     0
   196     2     8     1     7     1     3     5     1     0     1     1     0     1     1     1   635     0
   197     1     1     2     2     4     6     8     1     0     0     0     0     3     0     0   789     0
   198     1     1     2     2     4     6     8     1     0     0     0     1     1     0     0   592     0
   199     2     5     0     1     3     5     7     1     0     1     0     0     3     0     0   749     0
   200     2     5     0     1     3     5     7     0     1     0     1     1     1     1     1   656     0
   201     2     6     2     3     5     7     1     1     1     1     1     1     2     1     0   676     0
   202     2     5     0     1     3     5     7     0     0     0     1     1     2     1     1   596     0
   203     1     1     2     2     4     6     8     1     1     0     1     1     3     1     1   520     0
   204     1     1     2     2     4     6     8     1     1     0     1     1     1     0     0   519     1
   205     1     3     1     6     8     2     4     1     1     0     1     0     2     0     0  1377     0
   206     1     3     1     6     8     2     4     1     1     1     1     0     1     0     0   468     0
   207     1     4     1     8     2     4     6     1     1     1     0     0     2     0     0   630     0
   208     1     4     1     8     2     4     6     1     0     0     0     0     1     0     1   686     0
   209     1     1     2     2     4     6     8     0     0     0     1     0     2     1     0   861     0
   210     1     1     2     2     4     6     8     1     1     1     1     1     1     1     1   831     0
   211     1     3     1     6     8     2     4     1     1     1     1     0     2     0     0   528     0
   212     1     3     1     6     8     2     4     0     1     1     1     0     1     1     0   595     0
   213     1     1     2     2     4     6     8     1     1     0     1     1     2     1     0   647     0
   214     1     1     2     2     4     6     8     1     1     0     1     1     1     0     0   449     0
   215     2     8     1     7     1     3     5     1     1     0     0     1     3     0     0   787     0
   216     2     8     1     7     1     3     5     0     1     1     0     0     1     1     0   527     0
   217     1     4     1     8     2     4     6     0     1     0     1     0     3     0     0   675     0
   218     2     7     0     5     7     1     3     0     0     0     1     0     3     0     1   798     0
   219     2     5     0     1     3     5     7     1     0     1     0     0     2     1     0   890     0
   220     2     5     0     1     3     5     7     0     0     0     1     0     1     1     0   580     0
   221     2     6     2     3     5     7     1     1     1     1     0     0     2     1     1   700     0
   222     2     6     2     3     5     7     1     0     0     1     0     1     1     1     1   687     0
   223     1     3     1     6     8     2     4     0     1     1     0     1     3     0     1   680     0
   224     1     3     1     6     8     2     4     1     1     1     1     1     1     1     0   523     0
   225     1     1     2     2     4     6     8     1     0     0     0     1     2     0     1   871     0
   226     2     8     1     7     1     3     5     1     0     0     0     0     3     0     0   682     0
   227     1     4     1     8     2     4     6     1     1     1     1     0     3     0     1   588     0
   228     1     2     2     4     6     8     2     0     0     1     1     0     2     1     1   957     0
   229     1     3     1     6     8     2     4     1     0     1     1     1     2     1     0   592     1
   230     1     3     1     6     8     2     4     1     1     0     1     0     1     0     1   780     0
   231     2     8     1     7     1     3     5     0     0     1     1     0     3     1     1   723     0
   232     2     8     1     7     1     3     5     1     1     1     1     0     1     1     1   618     1
   233     1     2     2     4     6     8     2     1     1     1     0     0     3     0     0   543     0
   234     1     4     1     8     2     4     6     1     0     1     0     0     2     0     1   539     0
   235     2     5     0     1     3     5     7     0     0     0     0     0     3     1     0  1134     0
   236     2     5     0     1     3     5     7     1     1     1     1     1     1     1     1   701     0
   237     2     8     1     7     1     3     5     0     0     1     0     1     2     1     1   631     0
   238     2     8     1     7     1     3     5     1     0     0     1     0     1     1     0   620     0
   239     1     2     2     4     6     8     2     0     0     0     0     0     3     1     0   556     0
   240     1     2     2     4     6     8     2     1     1     0     0     0     1     1     1   509     0
   241     1     2     2     4     6     8     2     0     0     0     0     0     1     1     1   447     0
   242     1     1     2     2     4     6     8     0     1     0     1     0     2     0     1   926     0
   243     2     8     1     7     1     3     5     1     0     0     1     0     3     1     1   636     0
   244     2     8     1     7     1     3     5     0     0     1     1     1     1     1     0   614     0
   245     1     4     1     8     2     4     6     1     0     1     0     1     3     1     0   738     1
   246     1     4     1     8     2     4     6     0     0     1     0     1     1     1     0   773     0
   247     2     6     2     3     5     7     1     1     1     1     1     0     3     1     1   918     0
   248     2     7     0     5     7     1     3     1     0     0     0     0     2     0     1   644     0
   249     2     5     0     1     3     5     7     1     0     0     0     1     2     0     0   814     0
   250     2     5     0     1     3     5     7     1     0     1     0     1     1     0     0   454     0
   251     2     6     2     3     5     7     1     1     1     1     1     1     2     0     1   402     1
   252     2     5     0     1     3     5     7     1     1     0     0     1     2     0     0   519     1
   253     1     2     2     4     6     8     2     1     0     0     1     1     3     0     1   678     0
   254     2     7     0     5     7     1     3     0     1     0     0     0     3     1     1   625     0
   255     2     8     1     7     1     3     5     0     0     0     1     1     2     0     1   669     0
   256     2     8     1     7     1     3     5     1     0     0     0     0     1     1     0  1147     0
   257     2     6     2     3     5     7     1     1     0     0     0     0     2     0     0   402     0
   258     2     7     0     5     7     1     3     1     0     0     0     1     2     0     0   483     0
   259     2     6     2     3     5     7     1     1     0     0     1     1     2     0     0   381     0
   260     2     5     0     1     3     5     7     0     0     1     1     0     2     1     0  1161     0
   261     2     7     0     5     7     1     3     0     0     0     0     1     2     0     0   399     0
   262     2     8     1     7     1     3     5     1     0     0     0     0     2     1     0   511     0
   263     2     8     1     7     1     3     5     0     0     0     0     1     1     1     0   383     0
   264     2     8     1     7     1     3     5     0     1     0     0     0     1     0     1   480     0
   265     1     3     1     6     8     2     4     0     1     1     1     1     3     0     0   669     0
   266     1     3     1     6     8     2     4     1     0     1     1     0     1     1     1   892     1
   267     2     7     0     5     7     1     3     0     0     1     0     0     3     1     0   525     0
   268     2     7     0     5     7     1     3     1     1     0     0     1     1     1     1   553     0
   269     2     5     0     1     3     5     7     1     1     1     1     1     2     0     0   557     1
   270     2     5     0     1     3     5     7     0     1     0     0     0     1     1     0   615     1
   271     2     6     2     3     5     7     1     1     0     0     1     1     2     1     1   940     0
   272     2     6     2     3     5     7     1     1     1     1     0     1     1     0     1   515     0
   273     2     7     0     5     7     1     3     0     1     1     0     1     2     1     0   567     0
   274     2     8     1     7     1     3     5     1     0     1     0     0     2     1     1   710     0
   275     1     1     2     2     4     6     8     1     1     1     1     1     3     0     1   629     0
   276     1     1     2     2     4     6     8     0     0     0     0     1     1     1     1   815     0
   277     2     7     0     5     7     1     3     1     1     0     0     0     3     1     1   704     0
   278     2     8     1     7     1     3     5     0     0     1     1     1     2     1     1   590     0
   279     2     5     0     1     3     5     7     0     1     0     0     1     2     0     1   743     0
   280     1     4     1     8     2     4     6     1     0     0     1     1     3     1     1   770     0
   281     2     7     0     5     7     1     3     0     0     0     1     0     3     1     0   741     0
   282     1     2     2     4     6     8     2     1     1     1     0     0     3     1     1   555     1
   283     1     3     1     6     8     2     4     1     1     1     1     1     2     0     0   582     0
   284     1     3     1     6     8     2     4     0     0     0     0     1     1     1     1   595     0
   285     2     7     0     5     7     1     3     0     0     0     0     1     3     0     0   488     0
   286     2     6     2     3     5     7     1     1     0     0     1     1     2     1     0   574     0
   287     1     2     2     4     6     8     2     1     0     1     0     0     3     0     0   466     0
   288     1     3     1     6     8     2     4     0     0     1     0     0     2     1     0   707     1
   289     1     4     1     8     2     4     6     1     1     1     0     0     2     1     1   797     1
   290     1     4     1     8     2     4     6     1     0     1     1     0     1     0     1   868     0
   291     1     2     2     4     6     8     2     0     0     0     0     1     2     1     0   973     1
   292     1     2     2     4     6     8     2     0     1     0     1     0     1     0     1   772     0
   293     1     1     2     2     4     6     8     0     1     0     1     1     2     0     0   840     0
   294     1     1     2     2     4     6     8     0     1     1     0     0     1     0     0   569     0
   295     2     8     1     7     1     3     5     0     0     1     1     0     3     0     1   541     0
   296     2     5     0     1     3     5     7     1     0     1     0     1     2     1     0  1184     0
   297     2     7     0     5     7     1     3     1     0     1     1     1     2     0     0   743     0
   298     1     2     2     4     6     8     2     1     0     0     1     1     3     0     0   494     0
   299     1     3     1     6     8     2     4     1     0     1     0     0     2     0     0   617     0
   300     1     3     1     6     8     2     4     1     0     0     1     1     1     0     0   467     0
   301     2     6     2     3     5     7     1     1     1     0     0     1     3     0     1   525     0
   302     2     6     2     3     5     7     1     1     1     0     1     1     1     0     0   636     0
   303     1     4     1     8     2     4     6     0     1     0     0     1     3     1     0  1229     0
   304     1     3     1     6     8     2     4     1     0     1     1     1     2     1     1   621     0
   305     2     5     0     1     3     5     7     1     1     0     1     1     3     0     1   710     0
   306     1     4     1     8     2     4     6     0     0     0     0     0     3     1     1   625     0
   307     1     2     2     4     6     8     2     1     1     1     0     1     2     1     1   786     0
   308     1     4     1     8     2     4     6     0     0     1     1     0     2     1     1   725     0
   309     1     1     2     2     4     6     8     0     1     0     0     1     2     0     1   649     0
   310     1     1     2     2     4     6     8     0     1     1     1     0     1     0     0   699     0
   311     2     5     0     1     3     5     7     1     0     0     0     1     3     1     1   662     0
   312     2     6     2     3     5     7     1     0     0     1     1     1     2     1     0   772     1
   313     1     1     2     2     4     6     8     1     0     0     1     0     3     1     0   710     1
   314     1     1     2     2     4     6     8     1     0     0     0     0     1     0     0   608     0
   315     1     1     2     2     4     6     8     0     0     0     1     1     1     1     0   482     0
   316     1     2     2     4     6     8     2     1     1     1     0     0     2     1     1   548     0
   317     1     1     2     2     4     6     8     0     0     1     1     0     2     1     1   607     0
   318     2     8     1     7     1     3     5     0     1     1     1     1     3     0     1   569     0
   319     1     2     2     4     6     8     2     1     1     1     0     1     3     1     0   677     0
   320     1     2     2     4     6     8     2     0     1     1     1     1     1     1     0   499     0
   321     2     7     0     5     7     1     3     1     0     1     1     1     3     1     1   853     1
   322     1     4     1     8     2     4     6     0     0     1     0     1     3     1     0   645     1
   323     1     3     1     6     8     2     4     0     1     0     1     1     2     0     1   709     1
   324     1     4     1     8     2     4     6     0     1     1     0     1     2     0     0   767     0
   325     1     2     2     4     6     8     2     0     0     0     1     1     2     0     1   595     0
   326     1     3     1     6     8     2     4     1     1     1     0     1     2     1     1   568     0
   327     2     6     2     3     5     7     1     0     1     0     1     1     3     1     0   776     0
   328     2     6     2     3     5     7     1     0     1     1     1     0     1     0     0   395     0
   329     1     3     1     6     8     2     4     0     1     1     1     0     3     0     0   737     1
   330     1     3     1     6     8     2     4     1     0     1     0     1     1     1     1   764     0
   331     1     4     1     8     2     4     6     1     0     1     1     0     2     0     0   622     0
   332     1     4     1     8     2     4     6     0     0     1     0     1     1     1     0   507     0
   333     1     2     2     4     6     8     2     1     1     0     1     1     2     1     1   709     0
   334     1     4     1     8     2     4     6     1     0     0     0     0     2     0     1   872     0
   335     2     5     0     1     3     5     7     0     1     0     1     0     3     1     1   595     0
   336     2     7     0     5     7     1     3     1     0     1     1     0     2     1     1   558     1
   337     1     2     2     4     6     8     2     1     0     0     0     1     3     0     0   596     0
   338     2     5     0     1     3     5     7     0     0     1     1     1     3     1     0   805     0
   339     1     1     2     2     4     6     8     0     1     1     0     0     3     0     1   861     0
   340     1     2     2     4     6     8     2     0     0     0     1     0     2     0     1   567     0
   341     1     3     1     6     8     2     4     1     0     0     0     0     2     1     0   766     0
   342     1     3     1     6     8     2     4     0     0     1     0     1     1     1     0   671     1
   343     1     2     2     4     6     8     2     0     0     0     0     0     2     0     0   496     0
   344     1     3     1     6     8     2     4     0     0     0     0     1     2     0     0   870     0
   345     2     7     0     5     7     1     3     0     0     0     0     0     3     0     0   420     0
   346     2     8     1     7     1     3     5     0     0     1     1     1     2     0     0   426     0
   347     2     6     2     3     5     7     1     0     0     0     1     1     2     0     0   451     0
   348     2     6     2     3     5     7     1     1     0     0     1     0     1     1     0   504     0
   349     1     2     2     4     6     8     2     0     0     1     1     0     3     1     0   603     0
   350     1     3     1     6     8     2     4     0     0     1     0     0     2     0     0   483     0
   351     2     8     1     7     1     3     5     0     1     1     0     1     3     0     1   437     0
   352     2     8     1     7     1     3     5     1     1     1     1     1     1     1     0   443     0
   353     2     8     1     7     1     3     5     1     0     0     1     1     1     0     1   629     0
   354     2     8     1     7     1     3     5     1     1     1     0     1     1     0     1   538     1
   355     2     7     0     5     7     1     3     0     1     0     1     1     2     1     0   641     0
   356     2     8     1     7     1     3     5     0     1     0     0     1     2     0     0   638     0
   357     1     3     1     6     8     2     4     0     0     1     0     1     3     0     1   731     0
   358     1     4     1     8     2     4     6     1     0     0     0     1     2     1     0   846     1
   359     1     4     1     8     2     4     6     0     1     1     1     0     1     1     1   594     0
   360     1     2     2     4     6     8     2     1     1     0     0     1     2     1     0   599     0
   361     2     5     0     1     3     5     7     1     0     0     1     1     3     0     1   800     0
   362     2     5     0     1     3     5     7     0     1     1     1     1     1     1     1   825     0
   363     2     6     2     3     5     7     1     1     0     1     0     0     2     1     1   813     0
   364     2     7     0     5     7     1     3     0     0     0     1     0     2     1     0   618     0
   365     2     8     1     7     1     3     5     1     0     1     0     0     2     1     0   983     0
   366     1     1     2     2     4     6     8     1     0     0     1     0     3     0     0   483     0
   367     2     5     0     1     3     5     7     1     0     1     0     0     3     0     0   521     0
   368     2     5     0     1     3     5     7     1     0     1     0     0     1     0     0   456     0
   369     2     8     1     7     1     3     5     1     1     1     1     0     2     0     1   533     0
   370     2     6     2     3     5     7     1     1     1     0     0     0     2     0     0   589     0
   371     2     5     0     1     3     5     7     0     0     1     0     1     2     1     1   658     0
   372     1     2     2     4     6     8     2     1     1     0     1     1     3     1     1   651     0
   373     2     5     0     1     3     5     7     1     1     0     1     0     3     0     0   658     0
   374     2     8     1     7     1     3     5     1     0     0     1     1     2     0     1   616     0
   375     1     3     1     6     8     2     4     1     0     0     1     1     3     0     0   621     0
   376     1     2     2     4     6     8     2     0     1     0     0     1     2     1     1   566     0
   377     1     3     1     6     8     2     4     0     1     1     1     0     2     0     0   691     1
   378     1     4     1     8     2     4     6     1     1     0     1     1     2     1     0   704     0
   379     2     6     2     3     5     7     1     1     1     1     1     0     3     0     0   552     0
   380     2     6     2     3     5     7     1     0     1     0     0     1     1     1     0   520     0
   381     2     6     2     3     5     7     1     0     1     0     0     0     1     0     0   507     0
   382     1     3     1     6     8     2     4     0     0     0     0     1     3     0     1   542     0
   383     1     1     2     2     4     6     8     0     0     1     0     0     2     0     0   544     1
   384     1     4     1     8     2     4     6     0     0     0     1     0     2     0     0   928     0
   385     1     4     1     8     2     4     6     1     1     1     0     0     1     1     1   615     0
   386     2     7     0     5     7     1     3     1     0     1     1     1     3     0     1   603     0
   387     1     2     2     4     6     8     2     0     0     0     1     1     3     1     0   723     0
   388     1     2     2     4     6     8     2     0     1     0     1     1     1     0     1   546     0
   389     1     4     1     8     2     4     6     1     1     1     0     1     2     1     0   605     0
   390     1     4     1     8     2     4     6     1     1     0     0     1     1     0     0   650     0
   391     2     5     0     1     3     5     7     1     1     0     0     0     3     0     0   567     0
   392     1     2     2     4     6     8     2     0     0     1     1     1     3     1     1   587     0
   393     2     7     0     5     7     1     3     0     0     0     0     1     3     0     0   702     0
   394     2     6     2     3     5     7     1     0     1     0     1     0     2     0     1   537     0
   395     2     6     2     3     5     7     1     0     1     0     0     1     1     0     0   585     0
   396     2     7     0     5     7     1     3     0     0     0     1     0     2     0     1   686     0
   397     2     8     1     7     1     3     5     0     0     0     1     1     2     0     0   736     0
   398     2     8     1     7     1     3     5     1     0     0     1     0     1     1     0   516     0
   399     2     8     1     7     1     3     5     1     0     0     1     0     1     0     0   502     0
   400     2     8     1     7     1     3     5     0     1     0     1     1     1     1     1   601     0
   401     2     7     0     5     7     1     3     0     0     1     1     0     2     0     1   637     0
   402     2     8     1     7     1     3     5     0     0     1     0     1     2     0     0   629     0
   403     2     5     0     1     3     5     7     1     1     0     1     1     2     1     1   895     0
   404     1     2     2     4     6     8     2     0     0     0     0     0     3     1     1   518     0
   405     1     3     1     6     8     2     4     1     1     0     1     0     2     1     1   577     0
   406     1     3     1     6     8     2     4     0     1     1     1     1     1     1     0   537     0
   407     1     4     1     8     2     4     6     1     1     1     0     0     2     1     0   492     0
   408     1     4     1     8     2     4     6     0     1     1     1     0     1     1     0   343     0
   409     2     5     0     1     3     5     7     1     0     0     0     1     3     1     1   726     0
   410     2     5     0     1     3     5     7     0     1     0     1     0     1     1     1   525     0
   411     1     1     2     2     4     6     8     1     1     1     1     0     3     1     0   552     0
   412     1     2     2     4     6     8     2     1     0     1     0     0     2     0     1   552     0
   413     1     4     1     8     2     4     6     1     1     0     1     1     2     0     1   680     0
   414     1     4     1     8     2     4     6     1     1     0     1     1     1     0     0   466     0
   415     2     8     1     7     1     3     5     1     1     0     1     0     3     0     0   632     0
   416     2     8     1     7     1     3     5     1     0     1     1     0     1     0     1   556     0
   417     1     4     1     8     2     4     6     1     1     1     1     0     3     0     1   565     0
   418     1     4     1     8     2     4     6     1     1     0     0     0     1     0     0   462     0
   419     2     6     2     3     5     7     1     0     0     1     0     1     3     1     1   609     0
   420     2     6     2     3     5     7     1     0     0     1     0     1     1     0     0   557     0
   421     2     5     0     1     3     5     7     0     0     0     1     0     2     0     0   620     0
   422     2     5     0     1     3     5     7     0     0     1     1     0     1     0     0   406     0
   423     2     5     0     1     3     5     7     1     0     0     0     1     1     1     0   482     0
   424     2     5     0     1     3     5     7     0     0     1     1     0     1     1     0   577     0
   425     1     2     2     4     6     8     2     1     1     1     0     0     3     1     1   668     0
   426     1     2     2     4     6     8     2     0     0     1     0     0     1     1     1   562     0
   427     2     8     1     7     1     3     5     0     0     1     0     0     3     0     0   562     0
   428     2     7     0     5     7     1     3     0     1     0     0     1     2     0     1   579     0
   429     2     7     0     5     7     1     3     0     1     1     0     0     1     0     0   682     0
   430     2     7     0     5     7     1     3     0     0     0     1     0     1     0     1   628     0
   431     1     3     1     6     8     2     4     1     0     1     0     1     3     1     0   677     0
   432     1     3     1     6     8     2     4     0     0     0     0     1     1     1     0   578     0
   433     2     5     0     1     3     5     7     0     0     0     1     1     3     0     0   731     1
   434     2     5     0     1     3     5     7     0     1     0     1     1     1     0     1   586     0
   435     1     1     2     2     4     6     8     1     0     1     0     0     3     1     1   859     0
   436     1     1     2     2     4     6     8     0     0     0     0     1     1     1     0   483     0
   437     1     3     1     6     8     2     4     1     1     0     0     0     2     1     1   546     0
   438     1     3     1     6     8     2     4     0     1     1     0     0     1     1     0   570     0
   439     1     2     2     4     6     8     2     0     1     0     1     1     2     0     0   759     0
   440     1     2     2     4     6     8     2     1     1     0     0     0     1     1     0   554     0
   441     1     3     1     6     8     2     4     1     0     0     1     0     2     0     1   854     0
   442     2     8     1     7     1     3     5     0     1     1     1     1     3     1     1   628     0
   443     2     7     0     5     7     1     3     1     0     1     0     1     2     1     1   577     0
   444     2     7     0     5     7     1     3     1     1     1     0     1     1     0     1   693     0
   445     1     4     1     8     2     4     6     0     1     0     0     0     3     1     0   559     0
   446     2     5     0     1     3     5     7     0     1     1     0     1     3     0     0   503     0
   447     2     8     1     7     1     3     5     1     1     1     0     1     2     1     0   438     0
   448     2     8     1     7     1     3     5     1     1     1     0     0     1     0     0   388     0
   449     1     1     2     2     4     6     8     1     1     0     1     1     3     0     0   618     0
   450     1     1     2     2     4     6     8     0     0     0     0     1     1     1     1   578     0
   451     1     4     1     8     2     4     6     1     1     0     0     0     2     1     1   682     0
   452     1     3     1     6     8     2     4     0     1     0     0     0     2     1     0   625     0
   453     1     4     1     8     2     4     6     1     0     0     1     1     2     1     1  1090     0
   454     1     4     1     8     2     4     6     1     1     1     0     1     1     0     1   636     0
   455     1     4     1     8     2     4     6     0     0     1     1     0     1     1     1   913     0
   456     2     7     0     5     7     1     3     1     1     1     0     1     3     1     1   719     0
   457     1     4     1     8     2     4     6     0     0     0     1     1     3     1     1   761     0
   458     2     5     0     1     3     5     7     1     1     0     0     1     3     1     1   601     0
   459     2     5     0     1     3     5     7     1     1     1     1     0     1     0     0   449     0
   460     2     6     2     3     5     7     1     1     0     1     0     1     2     0     1   558     0
   461     2     5     0     1     3     5     7     0     0     0     0     0     2     1     0   673     0
   462     2     5     0     1     3     5     7     1     0     0     0     1     1     1     0   486     0
   463     1     4     1     8     2     4     6     1     0     1     0     1     3     0     0   852     0
   464     2     5     0     1     3     5     7     0     1     0     0     1     3     1     1   558     0
   465     2     8     1     7     1     3     5     0     0     1     1     1     2     0     1   830     0
   466     2     6     2     3     5     7     1     0     0     1     0     1     2     0     0   575     1
   467     1     1     2     2     4     6     8     1     0     0     0     0     3     1     0   523     0
   468     1     2     2     4     6     8     2     0     1     1     1     1     2     1     1   694     0
   469     2     7     0     5     7     1     3     1     0     1     1     1     3     1     1   636     0
   470     2     7     0     5     7     1     3     0     0     1     1     0     1     1     0   460     0
   471     1     1     2     2     4     6     8     0     0     1     1     1     3     0     0   822     0
   472     1     1     2     2     4     6     8     1     0     1     0     0     1     1     0   479     0
   473     2     5     0     1     3     5     7     1     0     1     0     1     3     0     0   425     0
   474     2     8     1     7     1     3     5     1     1     0     0     1     2     0     1   562     0
   475     1     2     2     4     6     8     2     1     0     0     0     0     3     0     1   721     0
   476     2     7     0     5     7     1     3     0     1     1     1     0     3     1     1   789     0
   477     2     6     2     3     5     7     1     1     0     1     0     1     2     1     1   533     0
   478     2     6     2     3     5     7     1     0     0     1     0     0     1     1     0   677     0
   479     1     1     2     2     4     6     8     0     0     0     0     0     3     0     0   544     0
   480     1     1     2     2     4     6     8     0     1     0     0     1     1     0     1   467     0
   481     1     3     1     6     8     2     4     0     1     0     1     1     2     0     0   749     0
   482     1     4     1     8     2     4     6     0     1     0     1     1     2     0     0  1040     0
   483     2     8     1     7     1     3     5     0     0     1     0     1     3     0     1   533     0
   484     2     8     1     7     1     3     5     0     0     1     0     0     1     0     0   473     0
   485     2     7     0     5     7     1     3     1     0     1     0     0     2     1     0   608     0
   486     2     7     0     5     7     1     3     0     1     0     1     1     1     1     1   560     0
   487     2     7     0     5     7     1     3     1     1     1     1     1     1     1     0   496     0
   488     2     7     0     5     7     1     3     0     1     0     0     0     1     1     0   476     0
   489     2     5     0     1     3     5     7     1     1     1     1     0     2     1     0   521     0
   490     2     5     0     1     3     5     7     1     0     1     0     0     1     0     1   497     0
   491     2     7     0     5     7     1     3     1     1     0     1     1     2     0     1   600     1
   492     1     2     2     4     6     8     2     1     1     0     1     0     3     0     0   611     0
   493     1     1     2     2     4     6     8     1     1     1     1     1     2     0     0   624     0
   494     1     2     2     4     6     8     2     1     1     0     0     1     2     0     0   516     0
   495     2     8     1     7     1     3     5     1     0     0     1     0     3     0     1   567     0
   496     2     8     1     7     1     3     5     0     0     1     1     1     1     1     0   590     0
   497     1     4     1     8     2     4     6     0     1     0     1     1     3     0     1   658     0
   498     1     1     2     2     4     6     8     1     0     1     1     0     2     1     1   544     0
   499     1     2     2     4     6     8     2     0     0     1     1     1     2     1     0  1115     0
   500     1     4     1     8     2     4     6     0     1     1     0     1     2     0     1   506     0
   501     2     7     0     5     7     1     3     0     0     1     1     0     3     0     1   500     0
   502     2     8     1     7     1     3     5     1     1     1     1     0     2     1     1   543     0
   503     1     1     2     2     4     6     8     0     1     0     1     0     3     1     0   575     0
   504     1     2     2     4     6     8     2     1     0     0     0     1     2     1     1   839     0
   505     1     3     1     6     8     2     4     0     0     1     1     0     2     1     0   641     0
   506     1     4     1     8     2     4     6     1     1     1     1     1     2     1     1   478     0
   507     1     1     2     2     4     6     8     1     0     1     1     1     2     0     1   600     0
   508     2     6     2     3     5     7     1     1     1     1     1     1     3     0     1   465     0
   509     1     3     1     6     8     2     4     1     0     1     1     0     3     0     1   560     0
   510     1     3     1     6     8     2     4     0     1     0     0     0     1     1     1   692     0
   511     2     6     2     3     5     7     1     0     1     0     0     0     3     0     0   503     0
   512     2     5     0     1     3     5     7     1     0     1     1     1     2     1     1   842     0
   513     2     6     2     3     5     7     1     1     0     1     0     0     2     0     0   754     0
   514     2     6     2     3     5     7     1     0     1     0     0     1     1     1     1   490     0
   515     2     8     1     7     1     3     5     1     1     1     1     1     2     1     0   589     0
   516     2     7     0     5     7     1     3     0     0     1     0     1     2     1     1   601     0
   517     2     6     2     3     5     7     1     1     1     1     0     0     2     1     1   662     0
   518     2     8     1     7     1     3     5     0     0     0     1     1     2     1     1   604     0
   519     1     4     1     8     2     4     6     0     0     0     0     0     3     0     0   644     0
   520     1     2     2     4     6     8     2     1     0     1     0     0     2     1     0   506     0
   521     2     8     1     7     1     3     5     0     1     0     0     0     3     1     1   557     0
   522     2     8     1     7     1     3     5     1     1     0     1     1     1     1     0   505     1
   523     1     1     2     2     4     6     8     1     0     0     1     1     3     0     1   527     0
   524     1     1     2     2     4     6     8     0     1     0     0     0     1     1     1   994     0
   525     2     5     0     1     3     5     7     1     1     1     1     0     3     1     0   498     0
   526     2     5     0     1     3     5     7     1     1     1     1     0     1     0     0   421     0
   527     1     3     1     6     8     2     4     1     0     1     0     0     3     0     1   511     0
   528     1     3     1     6     8     2     4     1     0     0     1     0     1     0     0   622     1
   529     2     6     2     3     5     7     1     1     0     1     0     1     3     0     0   535     0
   530     1     3     1     6     8     2     4     0     0     0     1     0     3     1     0   623     0
   531     1     1     2     2     4     6     8     0     0     1     0     1     2     0     0   752     0
   532     1     1     2     2     4     6     8     0     1     1     1     0     1     0     1   593     0
   533     2     8     1     7     1     3     5     1     0     0     0     1     3     1     1   609     0
   534     1     3     1     6     8     2     4     0     1     0     1     0     3     1     1   777     0
   535     2     8     1     7     1     3     5     1     1     0     0     1     3     1     0   529     0
   536     2     5     0     1     3     5     7     1     0     0     0     1     2     0     1   668     0
   537     1     2     2     4     6     8     2     0     1     1     1     0     3     1     1   715     0
   538     2     7     0     5     7     1     3     1     0     0     0     0     3     1     1   569     0
   539     1     2     2     4     6     8     2     0     0     0     1     1     3     1     0   809     0
   540     1     2     2     4     6     8     2     1     0     0     0     0     1     1     0   455     0
   541     2     6     2     3     5     7     1     0     0     0     1     1     3     1     0   552     0
   542     2     6     2     3     5     7     1     0     1     1     0     0     1     0     1   528     0
   543     1     1     2     2     4     6     8     0     0     1     1     0     3     0     1   759     0
   544     1     3     1     6     8     2     4     0     0     0     0     1     2     0     0   532     0
   545     2     8     1     7     1     3     5     1     0     0     0     1     3     1     0   556     0
   546     2     5     0     1     3     5     7     0     1     1     0     1     2     1     1   523     0
   547     1     4     1     8     2     4     6     0     1     1     0     1     3     0     0   474     0
   548     1     4     1     8     2     4     6     1     1     1     0     1     1     1     0   393     0
   549     1     1     2     2     4     6     8     1     0     0     0     0     2     0     1   561     0
   550     1     1     2     2     4     6     8     0     1     0     1     0     1     1     1   585     0
   551     2     8     1     7     1     3     5     1     0     1     1     0     3     1     1   592     0
   552     2     8     1     7     1     3     5     1     0     1     1     1     1     0     0   616     0
   553     1     2     2     4     6     8     2     1     1     0     1     0     3     0     1   549     0
   554     1     2     2     4     6     8     2     1     1     1     0     1     1     0     0   552     0
   555     2     8     1     7     1     3     5     1     0     1     1     0     3     0     1   591     0
   556     2     8     1     7     1     3     5     0     1     0     0     1     1     1     1   571     0
   557     2     8     1     7     1     3     5     1     1     1     0     0     1     1     0   420     0
   558     2     5     0     1     3     5     7     0     1     1     1     1     2     1     0   601     0
   559     1     4     1     8     2     4     6     0     0     1     0     0     3     0     1   837     0
   560     1     4     1     8     2     4     6     1     0     0     1     0     1     1     0   566     0
   561     1     1     2     2     4     6     8     0     1     1     1     1     2     1     1   849     0
   562     1     1     2     2     4     6     8     0     1     1     1     1     1     0     0   367     0
   563     2     8     1     7     1     3     5     1     1     1     1     0     3     1     0   604     0
   564     1     1     2     2     4     6     8     1     0     1     0     1     3     0     1   463     0
   565     2     6     2     3     5     7     1     1     0     1     1     0     3     0     0   592     0
   566     2     6     2     3     5     7     1     0     0     0     1     1     1     1     0   460     0
   567     1     1     2     2     4     6     8     1     0     0     1     0     3     1     0   397     0
   568     1     1     2     2     4     6     8     1     0     0     0     1     1     0     0   427     1
   569     1     4     1     8     2     4     6     0     1     0     1     0     2     1     1   712     1
   570     1     4     1     8     2     4     6     0     0     0     0     0     1     0     1   906     0
   571     1     4     1     8     2     4     6     0     1     1     1     0     1     0     1   516     0
   572     1     4     1     8     2     4     6     1     0     1     0     1     1     1     1  1500     0
   573     1     1     2     2     4     6     8     1     0     1     0     0     2     0     0   444     0
   574     2     6     2     3     5     7     1     1     0     0     0     0     3     0     0   425     0
   575     2     8     1     7     1     3     5     1     1     0     0     1     2     0     1   498     0
   576     2     8     1     7     1     3     5     1     1     0     1     1     1     0     0   457     0
   577     2     5     0     1     3     5     7     0     1     1     1     1     2     1     0   684     0
   578     2     5     0     1     3     5     7     0     1     1     1     0     1     0     0   347     0
   579     2     5     0     1     3     5     7     0     1     1     0     0     1     0     0   331     0
   580     2     5     0     1     3     5     7     1     0     1     0     0     1     1     1   491     0
   581     1     2     2     4     6     8     2     1     0     0     0     0     3     0     0   589     0
   582     1     2     2     4     6     8     2     1     0     0     1     0     1     0     0   724     0
   583     1     2     2     4     6     8     2     1     1     0     0     1     1     0     1   648     0
   584     1     1     2     2     4     6     8     1     1     0     1     0     2     0     0   509     0
   585     1     3     1     6     8     2     4     0     1     0     0     0     2     1     0   820     0
   586     1     3     1     6     8     2     4     1     1     0     0     1     1     1     0   609     0
   587     2     5     0     1     3     5     7     1     1     1     1     0     3     0     0   721     0
   588     2     5     0     1     3     5     7     1     0     0     1     1     1     0     1   467     0
   589     2     7     0     5     7     1     3     1     0     1     0     1     2     0     0   613     0
   590     2     7     0     5     7     1     3     1     1     1     0     1     1     0     1   487     0
   591     1     4     1     8     2     4     6     1     0     0     1     0     3     0     1   666     0
   592     2     7     0     5     7     1     3     0     1     0     1     0     3     1     1   533     0
   593     1     2     2     4     6     8     2     1     1     1     0     0     3     1     0   612     0
   594     1     2     2     4     6     8     2     1     1     1     1     1     1     0     0   523     0
   595     1     3     1     6     8     2     4     0     1     0     1     0     2     1     0   834     0
   596     1     3     1     6     8     2     4     1     0     0     0     0     1     1     1   638     0
   597     2     5     0     1     3     5     7     0     0     0     0     1     3     1     0  1123     0
   598     2     5     0     1     3     5     7     0     0     1     1     1     1     0     0   502     0
   599     1     1     2     2     4     6     8     0     1     0     1     1     3     0     1   593     0
   600     1     1     2     2     4     6     8     1     1     1     1     1     1     1     0   533     0
   601     2     5     0     1     3     5     7     1     0     1     1     1     3     0     1   629     0
   602     1     2     2     4     6     8     2     0     1     1     0     1     3     1     1   599     0
   603     2     8     1     7     1     3     5     0     0     1     1     0     3     0     1   574     0
   604     2     5     0     1     3     5     7     0     1     1     0     0     2     0     1   522     0
   605     1     4     1     8     2     4     6     1     1     0     0     1     3     1     0   537     0
   606     1     4     1     8     2     4     6     1     0     0     1     1     1     0     1   544     0
   607     1     1     2     2     4     6     8     0     0     0     1     0     2     1     0  1156     0
   608     1     2     2     4     6     8     2     1     1     1     0     1     2     1     1   895     0
   609     2     7     0     5     7     1     3     0     1     0     0     1     3     1     0  1500     2
   610     2     7     0     5     7     1     3     0     1     0     1     0     1     0     0   575     0
   611     1     2     2     4     6     8     2     1     1     0     0     1     3     1     0   561     1
   612     1     3     1     6     8     2     4     0     0     0     0     1     2     1     1   817     0
   613     2     7     0     5     7     1     3     0     0     1     0     1     3     0     0   554     0
   614     1     2     2     4     6     8     2     0     1     0     0     0     3     0     1   682     0
   615     2     6     2     3     5     7     1     1     0     1     0     1     3     1     1   596     0
   616     2     6     2     3     5     7     1     1     1     1     1     1     1     0     1   708     0
   617     2     5     0     1     3     5     7     1     0     0     0     1     2     0     1   854     0
   618     2     5     0     1     3     5     7     0     1     0     1     0     1     1     1   598     0
   619     2     5     0     1     3     5     7     0     1     0     0     1     1     0     0   487     0
   620     1     4     1     8     2     4     6     0     0     1     1     0     3     0     1   899     1
   621     1     3     1     6     8     2     4     0     1     1     0     0     2     0     1   661     0
   622     1     1     2     2     4     6     8     1     1     1     0     0     2     1     0   615     0
   623     1     4     1     8     2     4     6     0     0     1     1     0     2     1     1   920     0
   624     1     4     1     8     2     4     6     1     1     1     0     0     1     1     1   591     0
   625     2     7     0     5     7     1     3     1     1     1     0     1     3     0     0   727     1
   626     2     7     0     5     7     1     3     0     0     0     0     0     1     1     1   761     0
   627     2     7     0     5     7     1     3     1     0     0     0     1     1     1     0   456     0
   628     2     7     0     5     7     1     3     0     0     1     1     0     1     1     0   402     0
   629     2     5     0     1     3     5     7     0     1     0     1     1     2     0     1   647     0
   630     2     6     2     3     5     7     1     0     1     0     0     0     2     0     0   889     0
   631     2     5     0     1     3     5     7     0     0     1     1     1     2     0     1   668     0
   632     2     5     0     1     3     5     7     1     0     0     0     0     1     1     0   558     0
   633     1     2     2     4     6     8     2     1     1     0     0     0     3     0     1   590     0
   634     1     2     2     4     6     8     2     0     0     0     0     0     1     1     1   499     0
   635     2     5     0     1     3     5     7     1     0     1     0     0     3     1     0   674     0
   636     2     5     0     1     3     5     7     0     0     1     0     0     1     1     0   543     0
   637     2     6     2     3     5     7     1     0     1     1     0     0     2     0     1   679     0
   638     2     8     1     7     1     3     5     0     1     0     0     1     2     0     0   706     0
   639     2     6     2     3     5     7     1     1     1     1     1     0     2     1     0   477     0
   640     1     1     2     2     4     6     8     1     0     0     1     1     3     0     1   676     0
   641     2     7     0     5     7     1     3     0     0     0     1     1     3     1     0   646     0
   642     2     7     0     5     7     1     3     0     1     0     1     1     1     0     1   575     0
   643     2     8     1     7     1     3     5     1     1     1     1     1     2     1     0   608     0
   644     2     7     0     5     7     1     3     0     1     0     0     0     2     1     0   692     1
   645     2     5     0     1     3     5     7     1     1     0     0     1     2     1     0   657     0
   646     2     5     0     1     3     5     7     0     1     0     1     0     1     1     0   559     0
   647     2     6     2     3     5     7     1     0     1     0     0     1     2     0     0   467     0
   648     2     8     1     7     1     3     5     0     1     1     0     1     2     0     0   502     0
   649     1     3     1     6     8     2     4     0     0     0     0     0     3     0     1   500     1
   650     1     4     1     8     2     4     6     0     1     1     1     1     2     0     1   573     0
   651     2     6     2     3     5     7     1     0     0     1     1     1     3     0     1   557     0
   652     2     6     2     3     5     7     1     0     1     0     0     1     1     0     1   564     0
   653     2     8     1     7     1     3     5     1     1     1     1     0     2     1     0   432     0
   654     2     8     1     7     1     3     5     1     0     0     0     1     1     0     1   622     0
   655     2     6     2     3     5     7     1     1     0     1     0     1     2     0     0   490     0
   656     2     6     2     3     5     7     1     0     0     1     0     1     1     1     0   465     0
   657     1     3     1     6     8     2     4     1     0     1     1     0     3     1     0   946     1
   658     2     6     2     3     5     7     1     1     0     0     1     1     3     0     0  1047     0
   659     1     2     2     4     6     8     2     0     0     1     1     1     3     1     0   528     0
   660     1     3     1     6     8     2     4     0     1     1     0     1     2     0     1   623     0
   661     2     6     2     3     5     7     1     1     0     0     0     0     3     1     1   392     0
   662     1     1     2     2     4     6     8     1     1     0     1     0     3     0     1   541     0
   663     1     3     1     6     8     2     4     1     1     0     1     0     2     0     0   612     0
   664     1     3     1     6     8     2     4     0     1     1     0     0     1     1     0   597     0
   665     1     4     1     8     2     4     6     0     1     1     0     1     2     0     0   601     0
   666     1     4     1     8     2     4     6     0     1     0     0     1     1     0     0   654     0
   667     1     3     1     6     8     2     4     0     0     1     0     0     2     0     1   844     0
   668     1     4     1     8     2     4     6     0     0     1     0     1     2     0     0   781     0
   669     2     6     2     3     5     7     1     1     1     0     1     1     3     1     1   557     0
   670     2     6     2     3     5     7     1     1     0     0     0     1     1     0     1   629     0
   671     2     5     0     1     3     5     7     0     0     0     0     0     2     1     0   674     0
   672     2     5     0     1     3     5     7     1     1     0     1     1     1     1     1   615     0
   673     1     2     2     4     6     8     2     1     1     0     1     1     3     0     0   662     0
   674     1     2     2     4     6     8     2     1     0     1     0     0     1     0     1   547     0
   675     2     5     0     1     3     5     7     0     0     0     1     1     3     1     0   978     0
   676     2     7     0     5     7     1     3     1     0     0     0     0     2     1     0   555     0
   677     1     3     1     6     8     2     4     1     1     0     0     1     3     0     1   463     0
   678     1     3     1     6     8     2     4     0     0     0     0     1     1     1     1   732     0
   679     1     1     2     2     4     6     8     1     0     0     1     0     2     1     0   876     0
   680     1     1     2     2     4     6     8     0     0     1     1     0     1     1     0   609     0
   681     2     6     2     3     5     7     1     0     0     0     0     1     3     0     0   546     0
   682     2     7     0     5     7     1     3     1     1     0     1     1     2     1     1   567     0
   683     2     6     2     3     5     7     1     0     0     1     0     0     2     1     1   547     0
   684     2     6     2     3     5     7     1     1     0     0     1     0     1     1     0   603     0
   685     2     6     2     3     5     7     1     0     0     0     1     1     1     1     0   419     0
   686     2     6     2     3     5     7     1     1     0     1     1     0     1     1     0   348     0
   687     1     4     1     8     2     4     6     0     0     0     0     1     3     1     0   539     0
   688     1     1     2     2     4     6     8     0     0     1     1     1     2     0     0   514     0
   689     2     6     2     3     5     7     1     1     0     0     1     0     3     1     0   385     0
   690     1     1     2     2     4     6     8     1     1     0     1     0     3     0     1   498     0
   691     1     4     1     8     2     4     6     0     0     1     1     0     2     1     1   788     0
   692     1     1     2     2     4     6     8     1     1     1     1     0     2     1     1   565     0
   693     1     2     2     4     6     8     2     1     1     1     1     0     2     0     0   557     0
   694     1     2     2     4     6     8     2     0     1     0     1     0     1     1     0   592     0
   695     2     7     0     5     7     1     3     1     0     0     0     0     3     1     1   696     0
   696     2     7     0     5     7     1     3     0     1     0     1     0     1     1     1   571     0
   697     2     5     0     1     3     5     7     1     0     0     1     0     2     1     1   575     0
   698     2     6     2     3     5     7     1     1     1     1     0     1     2     0     1   524     0
   699     2     7     0     5     7     1     3     1     0     0     0     0     2     0     1   604     0
   700     2     7     0     5     7     1     3     0     1     0     0     1     1     1     1   513     0
   701     2     7     0     5     7     1     3     1     0     0     1     0     1     1     1   491     1
   702     2     7     0     5     7     1     3     1     0     0     1     0     1     0     0   549     0
   703     2     8     1     7     1     3     5     0     0     0     0     1     2     1     0   921     0
   704     2     8     1     7     1     3     5     0     1     1     1     0     1     0     1   524     0
   705     2     5     0     1     3     5     7     0     1     0     1     0     2     0     0   851     0
   706     1     4     1     8     2     4     6     0     0     1     1     0     3     0     1   662     0
   707     2     6     2     3     5     7     1     1     1     1     1     1     3     1     1   631     0
   708     2     6     2     3     5     7     1     1     0     0     0     0     1     0     1   933     0
   709     1     1     2     2     4     6     8     1     1     0     0     0     3     0     1   605     0
   710     1     1     2     2     4     6     8     0     0     0     0     1     1     1     1   561     0
   711     2     7     0     5     7     1     3     1     1     0     0     1     3     1     1   548     0
   712     2     7     0     5     7     1     3     1     1     0     0     0     1     0     0   511     0
   713     1     2     2     4     6     8     2     0     0     0     0     1     3     1     1   591     0
   714     1     3     1     6     8     2     4     1     0     0     0     1     2     1     0   580     0
   715     2     7     0     5     7     1     3     0     1     1     1     0     3     1     1   632     0
   716     2     6     2     3     5     7     1     0     0     0     0     0     2     0     1   596     0
   717     1     3     1     6     8     2     4     0     1     0     1     0     3     0     1   510     0
   718     1     3     1     6     8     2     4     0     1     0     0     0     1     0     0   529     0
   719     2     5     0     1     3     5     7     0     0     1     0     1     3     0     1   583     0
   720     2     7     0     5     7     1     3     1     1     0     0     1     2     1     1   443     0
   721     1     2     2     4     6     8     2     0     1     0     0     1     3     1     0   602     0
   722     1     2     2     4     6     8     2     0     1     1     0     0     1     0     0   453     0
   723     2     7     0     5     7     1     3     1     0     0     1     0     3     1     1   634     0
   724     1     4     1     8     2     4     6     1     1     0     0     1     3     0     1   564     0
   725     2     8     1     7     1     3     5     0     0     1     0     0     3     1     1   603     0
   726     2     8     1     7     1     3     5     0     0     1     0     0     1     0     0   556     0
   727     1     4     1     8     2     4     6     0     1     1     0     0     3     0     1   688     0
   728     1     4     1     8     2     4     6     1     1     0     1     1     1     1     0   465     0
   729     1     4     1     8     2     4     6     1     0     1     1     0     1     0     1   574     0
   730     1     4     1     8     2     4     6     1     0     0     0     1     1     0     0   506     0
   731     2     7     0     5     7     1     3     0     1     1     1     0     3     1     1   505     0
   732     2     7     0     5     7     1     3     0     0     0     0     0     1     0     1   540     0
   733     1     3     1     6     8     2     4     0     1     0     1     0     3     0     1   551     0
   734     1     1     2     2     4     6     8     0     1     1     0     0     2     0     0   654     0
   735     1     3     1     6     8     2     4     0     1     1     0     1     2     0     0   475     0
   736     1     2     2     4     6     8     2     0     0     0     1     0     2     0     1   593     0
   737     1     2     2     4     6     8     2     0     1     0     1     1     1     0     1   610     0
   738     1     2     2     4     6     8     2     0     1     0     1     1     1     0     0   751     0
   739     1     3     1     6     8     2     4     0     0     1     1     1     2     0     1   486     0
   740     1     3     1     6     8     2     4     0     1     1     0     0     1     0     1   600     0
   741     2     8     1     7     1     3     5     1     0     0     0     0     3     1     1   532     0
   742     2     8     1     7     1     3     5     1     0     0     0     1     1     0     0   520     0
   743     1     3     1     6     8     2     4     1     0     1     0     0     3     0     0   632     0
   744     1     3     1     6     8     2     4     0     0     1     0     1     1     1     0   517     0
   745     2     8     1     7     1     3     5     1     1     0     0     1     3     1     1   544     0
   746     1     1     2     2     4     6     8     1     0     1     0     1     3     0     1   799     0
   747     2     6     2     3     5     7     1     0     1     1     1     0     3     1     1   576     0
   748     2     7     0     5     7     1     3     1     1     1     1     0     2     1     0   544     0
   749     1     4     1     8     2     4     6     0     0     1     1     1     3     1     1   855     0
   750     1     4     1     8     2     4     6     1     0     0     1     1     1     1     0   504     0
   751     2     7     0     5     7     1     3     0     1     1     1     1     3     1     1   427     0
   752     2     7     0     5     7     1     3     0     1     1     1     1     1     0     0   453     0
   753     2     8     1     7     1     3     5     1     1     1     0     0     2     1     0   522     0
   754     2     8     1     7     1     3     5     0     0     1     0     1     1     1     1   541     0
   755     2     7     0     5     7     1     3     1     1     0     0     1     2     1     1   421     0
   756     2     7     0     5     7     1     3     0     0     1     0     1     1     1     1   594     0
   757     2     5     0     1     3     5     7     1     0     0     1     1     2     1     0   766     0
   758     2     7     0     5     7     1     3     0     0     1     0     0     2     1     0   530     0
   759     2     8     1     7     1     3     5     0     0     0     0     0     2     0     0   455     0
   760     2     8     1     7     1     3     5     0     1     1     0     0     1     0     1   469     1
   761     2     8     1     7     1     3     5     1     0     0     0     0     1     1     1   458     0
   762     2     8     1     7     1     3     5     1     0     0     0     0     1     0     0   484     0
   763     1     2     2     4     6     8     2     1     0     1     0     1     3     0     0   499     0
   764     1     2     2     4     6     8     2     0     0     1     1     0     1     1     0   517     0
   765     2     8     1     7     1     3     5     0     1     0     1     0     3     0     1   604     0
   766     2     7     0     5     7     1     3     0     1     0     0     0     2     0     0   592     0
   767     1     2     2     4     6     8     2     1     1     1     1     0     3     1     0   481     0
   768     1     2     2     4     6     8     2     1     1     1     1     0     1     0     0   436     0
   769     1     3     1     6     8     2     4     1     1     1     1     0     2     0     0   590     0
   770     1     4     1     8     2     4     6     1     0     1     0     1     2     0     1   495     0
   771     1     1     2     2     4     6     8     1     0     1     1     0     2     0     0   785     0
   772     1     1     2     2     4     6     8     1     0     0     0     0     1     0     0   481     0
   773     1     3     1     6     8     2     4     1     1     0     0     0     2     0     1   524     0
   774     1     3     1     6     8     2     4     1     0     1     0     0     1     0     1   527     0
   775     2     8     1     7     1     3     5     0     1     1     0     1     3     1     1  1121     0
   776     2     8     1     7     1     3     5     1     1     1     1     1     1     1     0   756     0
   777     1     1     2     2     4     6     8     1     0     0     0     1     3     0     1   543     0
   778     2     6     2     3     5     7     1     1     1     1     0     0     3     0     1   471     1
   779     2     5     0     1     3     5     7     1     1     1     0     1     2     0     0   680     0
   780     2     8     1     7     1     3     5     0     0     0     1     0     2     1     1   722     0
   781     1     3     1     6     8     2     4     0     0     0     1     1     3     0     0   577     0
   782     1     2     2     4     6     8     2     1     0     1     1     0     2     1     0   485     0
   783     1     2     2     4     6     8     2     0     1     0     1     1     1     1     1   564     0
   784     2     5     0     1     3     5     7     1     1     1     0     0     3     1     0   584     0
   785     2     7     0     5     7     1     3     0     0     1     1     0     2     1     1   540     0
   786     2     7     0     5     7     1     3     1     0     1     0     1     1     1     0   449     0
   787     1     1     2     2     4     6     8     1     0     1     0     0     3     0     0   467     0
   788     1     1     2     2     4     6     8     1     0     0     1     0     1     0     0   364     0
   789     2     6     2     3     5     7     1     1     0     0     0     1     3     0     0   604     0
   790     2     7     0     5     7     1     3     1     1     0     1     0     2     0     1   419     1
   791     1     2     2     4     6     8     2     1     1     1     0     0     3     0     0   697     0
   792     1     2     2     4     6     8     2     1     0     0     0     0     1     0     1   421     0
   793     2     8     1     7     1     3     5     0     0     1     0     0     3     1     0   851     1
   794     2     8     1     7     1     3     5     0     0     0     0     1     1     0     0   904     0
   795     1     1     2     2     4     6     8     0     1     0     0     0     3     0     1   579     0
   796     1     1     2     2     4     6     8     0     1     0     0     1     1     0     0   547     0
   797     1     1     2     2     4     6     8     1     1     0     1     1     1     1     0   498     1
   798     1     2     2     4     6     8     2     0     0     1     1     0     2     1     1   655     0
   799     1     4     1     8     2     4     6     1     0     1     0     0     2     1     0   917     0
   800     1     1     2     2     4     6     8     1     1     1     0     1     2     0     1   493     0
   801     1     2     2     4     6     8     2     1     0     1     0     0     2     0     1   659     0
   802     1     2     2     4     6     8     2     0     1     0     0     1     1     1     1   713     0
   803     1     2     2     4     6     8     2     1     1     0     0     0     1     1     0   644     0
   804     1     1     2     2     4     6     8     0     0     0     0     0     2     1     1   749     1
   805     2     5     0     1     3     5     7     0     1     1     0     1     3     0     1   595     0
   806     2     6     2     3     5     7     1     1     0     1     0     0     2     1     1   831     0
   807     1     4     1     8     2     4     6     1     1     0     0     0     3     0     1   697     0
   808     1     4     1     8     2     4     6     0     1     0     1     1     1     1     0   550     0
   809     2     8     1     7     1     3     5     0     0     0     1     0     3     0     1   614     0
   810     2     8     1     7     1     3     5     0     0     1     1     1     1     0     0   651     1
   811     2     6     2     3     5     7     1     1     1     0     1     0     2     1     1   603     0
   812     2     6     2     3     5     7     1     1     0     0     1     0     1     0     1   692     1
   813     2     6     2     3     5     7     1     0     1     0     1     1     1     1     1   649     0
   814     1     1     2     2     4     6     8     1     1     1     0     0     3     1     0   611     0
   815     1     2     2     4     6     8     2     0     0     0     1     0     2     1     1   580     0
   816     1     2     2     4     6     8     2     0     0     1     0     0     1     0     0   643     0
   817     1     4     1     8     2     4     6     0     1     1     0     1     2     0     1   472     0
   818     1     4     1     8     2     4     6     0     1     1     1     0     1     0     0   572     0
   819     2     7     0     5     7     1     3     0     1     1     0     0     3     0     0   836     0
   820     2     5     0     1     3     5     7     0     0     0     0     1     2     0     1   617     0
   821     2     6     2     3     5     7     1     1     0     0     0     0     2     1     0   686     0
   822     2     6     2     3     5     7     1     0     0     1     1     1     1     1     0   507     0
   823     2     7     0     5     7     1     3     1     0     0     1     1     2     1     0   637     0
   824     2     7     0     5     7     1     3     0     1     0     1     1     1     1     1   498     0
   825     1     3     1     6     8     2     4     0     1     1     0     1     3     0     0   522     0
   826     1     3     1     6     8     2     4     1     0     1     0     0     1     1     1   477     0
   827     1     1     2     2     4     6     8     1     1     0     0     1     2     0     1   570     0
   828     1     1     2     2     4     6     8     0     0     0     0     1     1     1     1   570     0
   829     2     7     0     5     7     1     3     0     0     0     1     1     3     0     0   603     0
   830     2     7     0     5     7     1     3     0     0     1     0     1     1     0     0   487     0
   831     1     3     1     6     8     2     4     0     1     0     0     0     3     0     1   634     0
   832     1     3     1     6     8     2     4     0     0     0     0     1     1     0     1   515     1
   833     1     2     2     4     6     8     2     1     1     0     0     0     2     1     1   761     0
   834     1     2     2     4     6     8     2     0     1     1     0     1     1     1     0   532     0
   835     1     3     1     6     8     2     4     1     1     1     1     1     2     1     0   396     0
   836     1     2     2     4     6     8     2     0     1     0     0     0     2     1     0   605     0
   837     1     1     2     2     4     6     8     1     1     0     1     1     2     1     0   482     0
   838     2     6     2     3     5     7     1     1     1     1     1     0     3     0     0   629     0
   839     1     1     2     2     4     6     8     0     0     1     1     1     3     1     1   602     0
   840     1     1     2     2     4     6     8     1     1     1     1     0     1     1     1   422     0
   841     1     4     1     8     2     4     6     1     0     0     0     0     2     0     1   768     0
   842     1     4     1     8     2     4     6     0     1     0     1     1     1     1     1  1279     1
   843     1     1     2     2     4     6     8     1     1     1     1     1     2     1     0   603     0
   844     2     8     1     7     1     3     5     0     1     1     1     1     3     1     0   584     0
   845     2     7     0     5     7     1     3     1     0     1     1     1     2     1     1   701     0
   846     2     7     0     5     7     1     3     0     1     1     1     0     1     1     1   814     0
   847     2     7     0     5     7     1     3     0     0     0     1     0     1     0     1   624     0
   848     2     7     0     5     7     1     3     1     1     0     0     1     1     1     1   476     0
   849     2     6     2     3     5     7     1     1     0     0     1     0     2     0     1   402     0
   850     2     6     2     3     5     7     1     1     0     1     1     0     1     0     0   343     0
   851     1     1     2     2     4     6     8     0     0     0     0     0     3     1     0   666     0
   852     1     1     2     2     4     6     8     1     1     0     1     0     1     1     1   453     1
   853     1     1     2     2     4     6     8     1     1     1     1     1     1     0     0   566     0
   854     1     4     1     8     2     4     6     1     1     0     0     0     2     0     0   618     0
   855     1     2     2     4     6     8     2     1     0     1     0     0     2     0     1   848     0
   856     1     2     2     4     6     8     2     1     0     0     1     0     1     0     0   588     0
   857     1     3     1     6     8     2     4     1     1     1     0     0     2     0     1   577     0
   858     1     3     1     6     8     2     4     1     1     1     0     0     1     0     0   709     0
   859     2     8     1     7     1     3     5     0     0     0     1     0     3     1     1   713     0
   860     1     3     1     6     8     2     4     0     0     0     1     0     3     0     0  1116     0
   861     1     4     1     8     2     4     6     1     0     1     1     0     2     1     0   717     0
   862     1     3     1     6     8     2     4     1     0     0     1     1     2     0     0   544     0
   863     1     3     1     6     8     2     4     0     1     1     1     1     1     1     1   584     0
   864     1     3     1     6     8     2     4     0     1     1     1     0     1     0     0   657     0
   865     2     8     1     7     1     3     5     0     1     0     0     0     3     0     0   501     0
   866     2     5     0     1     3     5     7     0     1     0     1     0     2     0     0   489     0
   867     1     2     2     4     6     8     2     1     0     0     1     0     3     1     1   692     0
   868     1     2     2     4     6     8     2     1     0     0     1     1     1     0     0   543     0
   869     1     4     1     8     2     4     6     0     0     0     1     0     2     1     0  1010     0
   870     1     4     1     8     2     4     6     0     1     1     0     0     1     0     1   573     0
   871     2     5     0     1     3     5     7     1     1     1     1     1     3     1     0   630     0
   872     2     5     0     1     3     5     7     0     1     0     1     0     1     1     0   662     0
   873     1     4     1     8     2     4     6     1     0     0     1     0     3     1     1   548     0
   874     1     4     1     8     2     4     6     0     1     0     1     1     1     1     1   419     0
   875     1     4     1     8     2     4     6     1     1     1     1     0     1     1     0   392     0
   876     1     4     1     8     2     4     6     0     0     0     1     0     1     1     1   669     0
   877     2     5     0     1     3     5     7     0     0     1     1     0     3     0     0   762     0
   878     2     5     0     1     3     5     7     1     0     1     1     1     1     1     0   466     0
   879     1     2     2     4     6     8     2     1     1     1     1     0     3     0     1   992     0
   880     1     2     2     4     6     8     2     0     0     0     1     1     1     1     1   500     0
   881     1     3     1     6     8     2     4     0     0     0     1     0     2     0     0   698     0
   882     2     8     1     7     1     3     5     1     0     1     1     0     3     1     0   684     0
   883     2     7     0     5     7     1     3     1     1     0     1     0     2     0     1   734     0
   884     1     4     1     8     2     4     6     0     1     1     0     0     3     1     0   604     0
   885     1     1     2     2     4     6     8     0     0     0     0     1     2     0     1   621     0
   886     1     4     1     8     2     4     6     1     0     1     0     0     2     1     0   679     0
   887     1     1     2     2     4     6     8     0     1     1     1     1     2     1     1   733     0
   888     1     1     2     2     4     6     8     1     0     1     0     0     1     1     1   476     0
   889     2     8     1     7     1     3     5     0     0     1     1     1     3     1     0   606     0
   890     2     5     0     1     3     5     7     0     1     1     0     1     2     0     1   583     0
   891     1     4     1     8     2     4     6     0     0     1     1     1     3     0     1   503     0
   892     1     1     2     2     4     6     8     0     1     1     1     1     2     0     1   581     0
   893     2     5     0     1     3     5     7     0     0     0     1     1     3     0     1   462     0
   894     2     6     2     3     5     7     1     0     1     0     0     1     2     0     1   887     0
   895     2     6     2     3     5     7     1     1     1     1     1     1     1     1     0   856     0
   896     1     3     1     6     8     2     4     1     0     1     0     0     3     0     1   614     0
