     1     1     4     1     8     2     4     6     1     0     0     0     1     2     1     0   999     0
     2     1     4     1     8     2     4     6     1     0     1     0     1     1     0     0   502     0
     3     1     3     1     6     8     2     4     1     1     0     1     0     2     0     1   529     0
     4     1     3     1     6     8     2     4     0     0     0     0     0     1     1     1   488     0
     5     2     7     0     5     7     1     3     1     1     1     0     0     3     1     1   711     1
     6     2     5     0     1     3     5     7     0     0     1     0     0     2     1     1   654     0
     7     1     3     1     6     8     2     4     1     0     0     1     0     3     1     0   578     0
     8     2     6     2     3     5     7     1     0     1     0     0     1     3     1     1   652     0
     9     1     2     2     4     6     8     2     0     0     1     0     0     3     0     1   544     0
    10     1     2     2     4     6     8     2     1     0     1     1     0     1     1     0   694     0
    11     2     6     2     3     5     7     1     0     1     0     0     1     3     1     1   872     0
    12     2     7     0     5     7     1     3     0     1     1     0     0     2     0     0   770     0
    13     2     8     1     7     1     3     5     0     1     1     0     1     2     0     0   511     0
    14     2     8     1     7     1     3     5     1     1     1     1     1     1     1     0   465     0
    15     1     3     1     6     8     2     4     1     0     0     1     0     3     0     1   534     0
    16     1     3     1     6     8     2     4     1     0     0     0     0     1     0     0   447     0
    17     1     1     2     2     4     6     8     0     0     1     0     1     2     1     0   708     0
    18     1     1     2     2     4     6     8     0     0     0     0     1     1     0     0   446     0
    19     2     8     1     7     1     3     5     0     1     0     1     0     3     0     1   536     0
    20     2     8     1     7     1     3     5     0     1     0     0     1     1     0     0   350     0
    21     2     5     0     1     3     5     7     0     0     1     1     0     2     0     1   472     0
    22     2     5     0     1     3     5     7     0     1     1     1     0     1     0     1   488     0
    23     2     5     0     1     3     5     7     1     0     0     1     1     1     1     1   563     0
    24     2     5     0     1     3     5     7     0     1     1     1     1     1     1     1   564     0
    25     2     6     2     3     5     7     1     0     0     1     0     1     2     0     1   486     0
    26     2     6     2     3     5     7     1     1     0     1     1     0     1     1     0   535     0
    27     2     7     0     5     7     1     3     1     0     0     1     0     2     0     0   412     0
    28     2     7     0     5     7     1     3     1     1     0     0     0     1     0     1   593     0
    29     1     3     1     6     8     2     4     0     1     1     0     0     3     1     0   538     0
    30     1     3     1     6     8     2     4     1     1     0     0     1     1     1     0   620     0
    31     1     3     1     6     8     2     4     1     0     0     1     1     1     0     1   534     0
    32     2     8     1     7     1     3     5     0     1     1     0     1     3     1     1   501     0
    33     1     3     1     6     8     2     4     1     0     1     1     0     3     1     1   731     0
    34     2     6     2     3     5     7     1     0     0     0     0     1     3     1     0   509     0
    35     1     1     2     2     4     6     8     0     1     0     0     1     3     0     1   515     0
    36     1     1     2     2     4     6     8     0     1     0     1     1     1     0     0   613     0
    37     2     7     0     5     7     1     3     1     0     0     0     0     3     1     1   467     0
    38     1     2     2     4     6     8     2     0     0     0     1     1     3     1     0   405     0
    39     2     7     0     5     7     1     3     1     0     0     1     1     3     1     0   431     0
    40     2     7     0     5     7     1     3     1     0     1     0     0     1     0     0   419     0
    41     1     2     2     4     6     8     2     0     1     0     1     0     3     1     1   472     0
    42     2     5     0     1     3     5     7     0     0     1     0     0     3     0     1   754     0
    43     1     2     2     4     6     8     2     0     1     1     0     1     3     0     1   569     0
    44     2     7     0     5     7     1     3     1     1     1     0     1     3     1     0   461     0
    45     1     1     2     2     4     6     8     0     1     0     1     1     3     1     0   555     0
    46     1     1     2     2     4     6     8     1     1     1     1     1     1     1     0   444     0
    47     2     7     0     5     7     1     3     0     0     0     1     0     3     1     1   473     0
    48     2     7     0     5     7     1     3     0     1     1     1     1     1     0     1   551     0
    49     1     2     2     4     6     8     2     1     0     0     0     0     3     1     1   606     0
    50     1     2     2     4     6     8     2     1     0     1     0     1     1     0     0   521     1
    51     2     6     2     3     5     7     1     1     0     1     0     0     3     0     0   369     0
    52     2     6     2     3     5     7     1     1     1     0     1     1     1     0     1   454     0
    53     1     4     1     8     2     4     6     1     1     0     1     1     3     0     0   756     0
    54     1     1     2     2     4     6     8     0     0     0     1     1     2     1     1   455     0
    55     1     1     2     2     4     6     8     1     1     1     0     1     1     1     1   416     1
    56     1     3     1     6     8     2     4     0     1     1     1     1     2     1     0   491     0
    57     1     4     1     8     2     4     6     0     1     1     1     1     2     0     0   426     0
    58     1     1     2     2     4     6     8     1     1     0     1     0     2     1     0   467     0
    59     1     2     2     4     6     8     2     1     1     1     1     0     2     0     0   769     0
    60     1     2     2     4     6     8     2     0     0     1     1     0     1     1     1   464     1
    61     2     6     2     3     5     7     1     1     1     0     0     1     3     1     1   499     1
    62     2     6     2     3     5     7     1     0     0     1     0     1     1     1     1   598     0
    63     2     7     0     5     7     1     3     0     0     0     1     0     2     0     0   512     0
    64     2     6     2     3     5     7     1     0     1     0     0     1     2     0     1   578     0
    65     1     3     1     6     8     2     4     0     0     1     0     0     3     0     1   662     0
    66     1     2     2     4     6     8     2     1     0     1     1     0     2     1     0   516     0
    67     1     4     1     8     2     4     6     0     1     0     1     1     2     1     1   515     0
    68     1     4     1     8     2     4     6     0     0     1     1     1     1     0     1   434     1
    69     1     4     1     8     2     4     6     0     0     1     0     1     1     0     0   634     0
    70     1     4     1     8     2     4     6     1     0     0     0     1     1     1     0   604     0
    71     2     8     1     7     1     3     5     0     1     1     0     0     3     1     1   588     0
    72     2     8     1     7     1     3     5     1     0     0     0     0     1     1     1   468     1
    73     2     5     0     1     3     5     7     1     1     1     1     1     2     0     1   855     1
    74     2     5     0     1     3     5     7     1     0     0     0     0     1     0     1  1049     0
    75     1     4     1     8     2     4     6     1     1     1     0     0     3     0     1   562     0
    76     1     4     1     8     2     4     6     0     0     0     0     0     1     1     1   502     0
    77     1     4     1     8     2     4     6     0     0     1     0     0     1     0     0   669     0
    78     1     4     1     8     2     4     6     0     0     1     1     0     1     0     0   389     0
    79     2     5     0     1     3     5     7     0     1     1     0     1     3     0     1   470     1
    80     2     5     0     1     3     5     7     1     1     1     0     1     1     1     0   668     0
    81     1     3     1     6     8     2     4     1     1     0     0     0     3     0     0   921     0
    82     1     3     1     6     8     2     4     1     1     1     0     0     1     0     0   487     0
    83     1     1     2     2     4     6     8     0     0     0     1     0     2     1     1   469     0
    84     1     4     1     8     2     4     6     1     0     1     1     0     2     1     0   693     1
    85     1     2     2     4     6     8     2     0     1     0     0     0     2     1     1   689     1
    86     2     7     0     5     7     1     3     1     0     0     1     0     3     1     1   656     0
    87     1     1     2     2     4     6     8     1     1     1     0     1     3     0     1   698     0
    88     1     1     2     2     4     6     8     1     0     0     0     1     1     0     1   555     0
    89     1     3     1     6     8     2     4     0     1     1     1     0     2     1     1   579     1
    90     1     3     1     6     8     2     4     1     1     1     0     0     1     1     0   636     0
    91     1     1     2     2     4     6     8     0     0     1     0     0     2     1     1  1097     0
    92     1     1     2     2     4     6     8     1     1     1     0     1     1     1     1   716     0
    93     1     1     2     2     4     6     8     0     1     0     1     0     1     1     0   512     0
    94     2     6     2     3     5     7     1     0     0     0     0     1     3     0     1   585     0
    95     1     3     1     6     8     2     4     1     1     0     1     0     3     1     1   539     0
    96     1     4     1     8     2     4     6     0     0     1     0     0     2     1     1   632     0
    97     1     2     2     4     6     8     2     1     1     1     1     1     2     1     1   577     0
    98     1     3     1     6     8     2     4     1     0     0     1     0     2     0     1   517     0
    99     1     4     1     8     2     4     6     1     0     0     0     0     2     0     0   620     0
   100     1     4     1     8     2     4     6     1     1     1     1     1     1     0     1   479     0
   101     2     8     1     7     1     3     5     1     0     1     0     1     3     0     1   454     0
   102     2     5     0     1     3     5     7     1     1     1     1     1     2     0     1   466     1
   103     2     6     2     3     5     7     1     1     0     0     0     0     2     0     1   487     0
   104     2     6     2     3     5     7     1     1     1     1     1     1     1     0     1   597     0
   105     2     7     0     5     7     1     3     1     0     1     1     0     2     0     1   552     0
   106     2     8     1     7     1     3     5     1     1     0     0     1     2     0     1   613     0
   107     2     8     1     7     1     3     5     0     1     1     0     0     1     1     0   627     0
   108     2     8     1     7     1     3     5     0     0     0     0     1     1     0     1   641     0
   109     2     7     0     5     7     1     3     0     1     1     0     0     2     0     1   556     0
   110     1     2     2     4     6     8     2     0     1     0     0     0     3     0     0   578     1
   111     2     8     1     7     1     3     5     1     0     1     1     0     3     1     1   639     0
   112     2     6     2     3     5     7     1     1     0     0     0     1     2     0     0   540     0
   113     2     8     1     7     1     3     5     0     0     1     1     1     2     1     0   624     0
   114     2     8     1     7     1     3     5     1     0     0     0     0     1     1     0   499     0
   115     2     6     2     3     5     7     1     0     1     1     0     0     2     1     1   443     0
   116     2     6     2     3     5     7     1     1     0     1     1     1     1     1     1   749     0
   117     1     3     1     6     8     2     4     1     0     0     0     0     3     0     0   693     0
   118     1     3     1     6     8     2     4     0     0     1     0     0     1     1     0   396     0
   119     1     1     2     2     4     6     8     1     0     0     1     1     2     1     0   757     0
   120     1     1     2     2     4     6     8     0     1     1     1     1     1     1     1   764     0
   121     1     1     2     2     4     6     8     0     1     0     1     0     1     0     0   717     0
   122     1     1     2     2     4     6     8     0     1     0     0     1     1     0     0   467     0
   123     2     8     1     7     1     3     5     0     1     1     0     0     3     0     0   581     0
   124     2     5     0     1     3     5     7     0     0     0     1     0     2     0     1   765     0
   125     1     4     1     8     2     4     6     1     1     0     0     1     3     1     1  1060     0
   126     1     4     1     8     2     4     6     1     0     0     0     1     1     0     1   563     0
   127     2     8     1     7     1     3     5     1     1     1     1     0     3     0     1   865     0
   128     2     8     1     7     1     3     5     0     0     1     0     0     1     1     1   443     0
   129     2     8     1     7     1     3     5     1     0     0     1     1     1     1     0   383     0
   130     2     8     1     7     1     3     5     0     1     1     0     0     1     1     1   479     0
   131     2     7     0     5     7     1     3     0     0     0     1     0     2     0     1   734     0
   132     2     7     0     5     7     1     3     0     0     0     1     1     1     0     0   640     0
   133     2     5     0     1     3     5     7     0     1     0     1     0     2     0     1   479     1
   134     1     4     1     8     2     4     6     1     1     1     1     0     3     1     0   515     0
   135     1     1     2     2     4     6     8     0     1     1     1     0     2     1     0   899     0
   136     1     1     2     2     4     6     8     1     0     0     0     1     1     1     1   602     0
   137     2     5     0     1     3     5     7     0     1     1     0     1     3     1     1   492     0
   138     2     5     0     1     3     5     7     1     1     0     0     0     1     1     0   519     0
   139     2     6     2     3     5     7     1     0     1     0     0     0     2     1     0   578     0
   140     2     5     0     1     3     5     7     1     1     1     1     0     2     1     0   411     0
   141     2     7     0     5     7     1     3     0     1     1     1     1     2     1     0   664     0
   142     2     8     1     7     1     3     5     1     0     0     0     1     2     1     1   816     0
   143     1     1     2     2     4     6     8     0     1     0     0     0     3     1     1   614     0
   144     1     2     2     4     6     8     2     1     0     0     1     0     2     1     1   786     0
   145     1     1     2     2     4     6     8     0     1     0     0     1     2     1     1   487     0
   146     1     1     2     2     4     6     8     0     0     0     1     1     1     0     1   533     0
   147     1     2     2     4     6     8     2     0     1     0     1     1     2     0     1   949     0
   148     1     2     2     4     6     8     2     1     1     0     0     0     1     1     0   702     0
   149     1     3     1     6     8     2     4     0     1     1     1     0     2     1     0   419     0
   150     1     3     1     6     8     2     4     0     1     1     0     0     1     0     0   648     0
   151     1     2     2     4     6     8     2     0     0     0     0     1     2     0     1   514     0
   152     1     2     2     4     6     8     2     0     1     1     0     1     1     0     1   439     1
   153     2     8     1     7     1     3     5     1     0     0     1     0     3     1     1   728     0
   154     2     8     1     7     1     3     5     0     1     0     0     0     1     1     1   526     0
   155     1     1     2     2     4     6     8     0     0     0     0     0     3     0     1   487     0
   156     1     1     2     2     4     6     8     0     1     0     0     0     1     0     1   666     0
   157     2     6     2     3     5     7     1     1     1     0     0     1     3     1     0   806     0
   158     2     8     1     7     1     3     5     0     1     1     0     0     2     1     0   631     0
   159     2     5     0     1     3     5     7     0     0     0     1     1     2     0     1   436     0
   160     2     6     2     3     5     7     1     1     1     0     0     0     2     1     1  1006     0
   161     2     7     0     5     7     1     3     1     1     0     1     0     2     0     0   626     1
   162     2     7     0     5     7     1     3     1     1     1     1     1     1     0     0   373     0
   163     1     3     1     6     8     2     4     1     1     0     0     0     3     0     0  1205     0
   164     2     8     1     7     1     3     5     0     1     1     1     1     3     1     0   544     0
   165     1     2     2     4     6     8     2     1     1     0     0     1     3     1     0   444     0
   166     1     4     1     8     2     4     6     0     1     0     0     0     2     1     0   545     0
   167     1     4     1     8     2     4     6     0     0     0     0     1     1     0     1   485     1
   168     1     4     1     8     2     4     6     1     1     0     0     0     1     1     1   525     0
   169     1     1     2     2     4     6     8     0     1     0     1     1     2     1     0   443     0
   170     2     6     2     3     5     7     1     1     0     0     1     1     3     1     1   485     1
   171     2     5     0     1     3     5     7     1     0     0     0     0     2     0     0   848     0
   172     2     5     0     1     3     5     7     1     1     1     0     1     1     0     1   562     0
   173     1     2     2     4     6     8     2     0     0     0     1     0     3     1     1   616     0
   174     1     2     2     4     6     8     2     1     0     1     0     0     1     1     0   503     0
   175     1     2     2     4     6     8     2     1     0     0     0     0     1     0     0   381     0
   176     1     2     2     4     6     8     2     0     0     0     1     0     1     1     0   454     0
   177     1     3     1     6     8     2     4     1     0     0     0     0     2     1     0   838     0
   178     1     3     1     6     8     2     4     0     0     0     1     1     1     1     0   437     0
   179     1     3     1     6     8     2     4     1     0     1     0     0     1     1     0   412     0
   180     1     3     1     6     8     2     4     1     1     0     1     1     1     0     1   597     0
   181     2     8     1     7     1     3     5     1     1     0     1     0     3     0     0   674     0
   182     1     1     2     2     4     6     8     1     1     1     0     1     3     0     0   544     0
   183     1     3     1     6     8     2     4     1     0     1     1     0     2     0     1   732     0
   184     1     3     1     6     8     2     4     1     0     0     0     0     1     0     0   417     0
   185     2     7     0     5     7     1     3     0     0     0     1     0     3     1     0   391     0
   186     2     5     0     1     3     5     7     1     0     1     0     0     2     1     0   520     0
   187     1     3     1     6     8     2     4     1     0     0     1     0     3     0     0   463     1
   188     1     3     1     6     8     2     4     0     0     0     0     1     1     1     0   481     0
   189     2     7     0     5     7     1     3     0     1     1     0     1     3     0     1   481     1
   190     2     8     1     7     1     3     5     0     0     1     1     1     2     0     1   594     0
   191     2     5     0     1     3     5     7     0     1     1     0     1     2     0     1   561     0
   192     1     2     2     4     6     8     2     1     1     0     0     0     3     1     0   770     0
   193     2     8     1     7     1     3     5     1     0     0     1     0     3     0     1   565     0
   194     1     3     1     6     8     2     4     1     1     0     0     1     3     0     1   623     0
   195     2     6     2     3     5     7     1     1     1     0     1     1     3     0     0   488     0
   196     2     6     2     3     5     7     1     0     0     1     0     1     1     1     1   573     0
   197     1     3     1     6     8     2     4     0     0     0     0     0     3     0     0   497     1
   198     1     1     2     2     4     6     8     1     0     1     0     0     2     1     0   698     0
   199     1     4     1     8     2     4     6     0     0     1     0     0     2     1     0   618     0
   200     1     2     2     4     6     8     2     0     1     1     0     1     2     0     1   538     0
   201     2     8     1     7     1     3     5     0     1     1     1     0     3     0     0   711     0
   202     2     8     1     7     1     3     5     0     1     0     0     1     1     0     0   580     0
   203     2     5     0     1     3     5     7     0     0     0     0     1     2     0     1   462     0
   204     2     6     2     3     5     7     1     0     0     0     1     1     2     0     0   447     0
   205     1     4     1     8     2     4     6     0     0     0     0     1     3     0     0   441     0
   206     1     4     1     8     2     4     6     0     1     0     0     0     1     0     1   506     0
   207     2     7     0     5     7     1     3     0     0     1     0     1     3     0     1   479     0
   208     2     8     1     7     1     3     5     1     1     1     0     1     2     1     1   616     0
   209     1     4     1     8     2     4     6     1     0     0     0     0     3     0     1   728     0
   210     1     4     1     8     2     4     6     0     1     1     0     0     1     1     1   452     0
   211     2     5     0     1     3     5     7     0     0     0     1     0     3     0     1   552     0
   212     2     8     1     7     1     3     5     0     0     0     1     0     2     0     0   392     0
   213     2     5     0     1     3     5     7     0     0     1     0     1     2     0     0   321     0
   214     2     7     0     5     7     1     3     1     1     0     1     1     2     1     1   534     1
   215     1     3     1     6     8     2     4     0     0     1     1     0     3     1     1   544     0
   216     1     1     2     2     4     6     8     0     1     1     0     0     2     0     1   501     0
   217     2     6     2     3     5     7     1     1     1     1     1     0     3     1     0   677     0
   218     2     7     0     5     7     1     3     0     0     1     1     0     2     1     1   518     0
   219     1     2     2     4     6     8     2     0     0     0     1     0     3     0     0   414     0
   220     1     2     2     4     6     8     2     1     1     0     0     1     1     1     1   487     0
   221     2     7     0     5     7     1     3     1     0     0     0     1     3     0     1   536     0
   222     2     7     0     5     7     1     3     0     1     1     1     0     1     1     1   488     0
   223     2     5     0     1     3     5     7     0     0     0     1     1     2     0     1   635     0
   224     2     5     0     1     3     5     7     0     0     0     0     0     1     0     0   400     0
   225     2     5     0     1     3     5     7     0     0     1     1     1     1     0     0   664     0
   226     2     6     2     3     5     7     1     0     0     1     1     1     2     0     0   486     0
   227     1     3     1     6     8     2     4     0     1     0     0     0     3     0     1   472     1
   228     1     2     2     4     6     8     2     1     0     1     1     1     2     1     1   840     0
   229     1     1     2     2     4     6     8     1     1     1     1     0     2     0     1   562     0
   230     2     8     1     7     1     3     5     0     1     1     1     0     3     1     0   453     0
   231     1     2     2     4     6     8     2     1     1     0     0     0     3     1     0   648     1
   232     1     2     2     4     6     8     2     0     0     1     0     1     1     1     1   689     0
   233     1     2     2     4     6     8     2     0     1     1     0     1     1     0     1   544     0
   234     2     7     0     5     7     1     3     1     1     1     1     1     3     1     0   480     0
   235     1     2     2     4     6     8     2     1     1     0     0     0     3     0     0   469     1
   236     2     5     0     1     3     5     7     1     0     1     1     1     3     0     1   776     0
   237     1     4     1     8     2     4     6     1     0     1     1     1     3     0     0   622     0
   238     1     4     1     8     2     4     6     0     0     1     0     0     1     1     0   529     0
   239     2     6     2     3     5     7     1     1     0     1     0     0     3     1     0   551     0
   240     1     1     2     2     4     6     8     1     1     0     1     1     3     0     1   576     0
   241     1     2     2     4     6     8     2     1     0     1     1     1     2     0     1   570     0
   242     1     2     2     4     6     8     2     1     0     1     0     0     1     0     0   594     0
   243     1     2     2     4     6     8     2     0     1     1     0     0     1     1     1   515     0
   244     1     2     2     4     6     8     2     0     1     0     0     0     1     0     0  1024     1
   245     2     8     1     7     1     3     5     1     0     1     1     1     3     1     1   693     0
   246     2     8     1     7     1     3     5     0     1     1     0     1     1     1     1   502     0
   247     2     8     1     7     1     3     5     0     0     0     1     0     1     0     1   532     0
   248     2     5     0     1     3     5     7     0     1     1     1     0     2     0     1   704     0
   249     2     7     0     5     7     1     3     1     1     0     0     0     2     1     0   915     0
   250     2     7     0     5     7     1     3     0     0     1     1     0     1     1     1   577     0
   251     1     1     2     2     4     6     8     0     0     0     0     1     3     0     0   514     0
   252     1     1     2     2     4     6     8     1     1     0     0     0     1     1     1  1077     0
   253     2     5     0     1     3     5     7     1     1     0     0     0     3     0     0   560     0
   254     2     7     0     5     7     1     3     0     0     1     1     1     2     1     1   604     0
   255     1     1     2     2     4     6     8     0     1     0     1     1     3     0     1   600     0
   256     1     1     2     2     4     6     8     1     1     1     1     1     1     1     0   448     0
   257     1     2     2     4     6     8     2     0     0     0     0     0     2     1     1   752     0
   258     1     2     2     4     6     8     2     1     1     0     0     1     1     1     1   531     0
   259     2     6     2     3     5     7     1     1     0     0     1     1     3     0     1   506     0
   260     2     6     2     3     5     7     1     0     0     1     1     0     1     1     0   517     0
   261     1     2     2     4     6     8     2     0     1     1     1     0     3     0     1   433     0
   262     1     2     2     4     6     8     2     1     1     0     1     0     1     1     0   773     0
   263     1     1     2     2     4     6     8     0     0     1     0     0     2     1     1   714     1
   264     1     1     2     2     4     6     8     1     0     1     1     0     1     1     0   547     1
   265     2     8     1     7     1     3     5     1     1     0     0     0     3     0     1   575     0
   266     2     8     1     7     1     3     5     0     0     1     0     1     1     1     1   492     0
   267     1     1     2     2     4     6     8     0     0     0     1     0     3     0     0   447     0
   268     1     1     2     2     4     6     8     0     0     1     1     1     1     0     0   387     0
   269     1     4     1     8     2     4     6     1     0     0     1     1     2     1     0   591     0
   270     1     1     2     2     4     6     8     1     0     0     1     0     2     0     0   433     0
   271     2     6     2     3     5     7     1     1     0     0     0     0     3     0     0   377     0
   272     2     6     2     3     5     7     1     1     1     0     1     1     1     0     1   272     1
   273     1     1     2     2     4     6     8     1     0     1     0     0     3     0     1   463     0
   274     1     1     2     2     4     6     8     1     1     0     1     1     1     0     1   566     0
   275     2     7     0     5     7     1     3     1     1     0     0     1     3     0     0   440     0
   276     1     4     1     8     2     4     6     1     0     0     1     1     3     0     1   432     0
   277     2     8     1     7     1     3     5     0     0     1     1     0     3     1     0   516     0
   278     2     8     1     7     1     3     5     0     1     1     0     1     1     0     1   507     0
   279     2     5     0     1     3     5     7     1     1     0     0     1     2     1     0   604     0
   280     1     4     1     8     2     4     6     0     1     0     0     0     3     1     0   462     1
   281     1     4     1     8     2     4     6     0     0     0     1     0     1     0     1   486     0
   282     1     4     1     8     2     4     6     1     0     0     0     0     1     1     0   482     0
   283     1     1     2     2     4     6     8     1     0     0     1     1     2     0     0   671     0
   284     1     1     2     2     4     6     8     1     0     1     0     1     1     0     0   556     1
   285     2     7     0     5     7     1     3     0     1     0     0     0     3     1     1   713     1
   286     2     8     1     7     1     3     5     0     0     0     0     0     2     0     1   521     0
   287     1     4     1     8     2     4     6     1     1     0     0     0     3     1     1  1063     0
   288     2     5     0     1     3     5     7     1     0     0     1     1     3     0     1   507     0
   289     1     3     1     6     8     2     4     0     1     0     0     1     3     1     1   801     0
   290     1     2     2     4     6     8     2     1     1     1     1     0     2     1     0   545     0
   291     2     6     2     3     5     7     1     1     0     0     0     1     3     0     1   754     0
   292     2     7     0     5     7     1     3     0     0     1     1     1     2     1     0   855     0
   293     2     7     0     5     7     1     3     0     1     0     1     0     1     0     1   568     0
   294     2     7     0     5     7     1     3     1     0     0     1     0     1     1     1   486     0
   295     2     7     0     5     7     1     3     0     1     0     1     1     1     1     1   483     0
   296     2     7     0     5     7     1     3     0     0     0     1     0     1     0     1   588     0
   297     1     2     2     4     6     8     2     0     0     1     1     1     3     0     0   515     0
   298     1     2     2     4     6     8     2     0     0     0     0     0     1     0     0   391     0
   299     1     1     2     2     4     6     8     0     0     0     0     0     2     0     0   689     0
   300     1     1     2     2     4     6     8     1     0     1     0     1     1     1     0   857     0
   301     2     8     1     7     1     3     5     0     0     1     0     1     3     1     0   523     0
   302     2     8     1     7     1     3     5     1     0     0     1     0     1     1     0   552     0
   303     2     7     0     5     7     1     3     0     0     0     1     0     2     1     0   525     0
   304     2     8     1     7     1     3     5     0     1     1     1     1     2     0     1   589     0
   305     2     7     0     5     7     1     3     1     1     1     0     1     2     1     0   533     0
   306     2     7     0     5     7     1     3     0     1     0     1     1     1     1     0   433     0
   307     1     3     1     6     8     2     4     0     0     0     0     0     3     0     1   362     0
   308     1     1     2     2     4     6     8     1     0     1     1     1     2     1     0   674     0
   309     2     6     2     3     5     7     1     1     1     0     0     0     3     0     1   617     0
   310     2     6     2     3     5     7     1     1     0     1     1     1     1     0     1   568     0
   311     2     5     0     1     3     5     7     0     1     1     0     0     2     1     1   605     0
   312     2     5     0     1     3     5     7     0     0     1     0     0     1     0     1   602     0
   313     2     6     2     3     5     7     1     0     0     0     0     0     2     0     0   486     0
   314     2     6     2     3     5     7     1     0     1     1     1     1     1     0     1   582     0
   315     1     1     2     2     4     6     8     0     0     0     1     1     3     0     1   467     0
   316     1     1     2     2     4     6     8     1     0     0     1     1     1     1     0   473     0
   317     2     5     0     1     3     5     7     0     0     0     0     1     3     1     0   401     0
   318     2     8     1     7     1     3     5     1     1     0     0     1     2     1     1   568     0
   319     1     4     1     8     2     4     6     0     0     0     0     0     3     1     1   495     0
   320     1     4     1     8     2     4     6     0     1     1     1     0     1     0     1   730     0
   321     1     3     1     6     8     2     4     0     0     0     1     1     2     0     1   566     0
   322     1     2     2     4     6     8     2     0     1     1     1     1     2     0     1   666     0
   323     1     2     2     4     6     8     2     0     1     1     1     1     1     0     0   396     0
   324     1     2     2     4     6     8     2     1     1     0     1     0     1     1     0   529     1
   325     2     8     1     7     1     3     5     1     0     1     1     0     3     0     1   520     0
   326     2     7     0     5     7     1     3     1     1     0     0     1     2     0     1   473     0
   327     1     2     2     4     6     8     2     0     0     0     0     1     3     1     1   632     0
   328     1     2     2     4     6     8     2     0     1     0     0     1     1     0     1   519     0
   329     2     6     2     3     5     7     1     1     1     1     0     0     3     1     0   666     0
   330     2     6     2     3     5     7     1     1     0     1     0     0     1     0     1   471     0
   331     1     4     1     8     2     4     6     0     1     0     0     1     3     1     1   627     0
   332     1     4     1     8     2     4     6     1     1     1     1     1     1     1     0   532     0
   333     1     1     2     2     4     6     8     0     0     1     0     1     2     1     1   583     0
   334     1     1     2     2     4     6     8     0     1     0     0     0     1     0     1   497     0
   335     1     1     2     2     4     6     8     0     0     1     0     1     1     0     1   494     0
   336     1     1     2     2     4     6     8     0     1     1     0     1     1     0     1   495     0
   337     2     6     2     3     5     7     1     1     1     1     0     0     3     1     0   912     0
   338     2     6     2     3     5     7     1     1     1     0     0     1     1     0     0   378     0
   339     1     3     1     6     8     2     4     0     0     1     1     1     3     1     1   591     0
   340     1     3     1     6     8     2     4     1     0     0     1     1     1     1     0   385     0
   341     1     4     1     8     2     4     6     1     1     1     0     1     2     0     1   663     0
   342     1     3     1     6     8     2     4     0     1     1     0     1     2     1     0   729     0
   343     2     5     0     1     3     5     7     1     0     1     1     0     3     1     1   519     0
   344     2     5     0     1     3     5     7     1     0     1     0     1     1     0     0   445     0
   345     2     8     1     7     1     3     5     1     1     1     1     0     2     0     1   517     0
   346     2     8     1     7     1     3     5     0     0     1     0     0     1     1     1   581     0
   347     1     1     2     2     4     6     8     1     1     0     1     0     3     1     1   557     1
   348     1     1     2     2     4     6     8     1     0     1     1     1     1     0     1   587     0
   349     2     6     2     3     5     7     1     1     1     1     0     1     3     0     1   421     0
   350     2     6     2     3     5     7     1     0     0     1     1     0     1     1     1   588     0
   351     1     2     2     4     6     8     2     0     1     1     1     0     3     0     1   502     0
   352     1     2     2     4     6     8     2     0     0     0     0     1     1     0     1   567     0
   353     2     8     1     7     1     3     5     1     1     1     0     0     3     1     1   751     0
   354     2     8     1     7     1     3     5     0     1     0     1     0     1     1     0   649     0
   355     2     6     2     3     5     7     1     1     0     1     0     0     2     1     1   514     0
   356     2     6     2     3     5     7     1     1     1     1     1     1     1     0     1   505     0
   357     2     8     1     7     1     3     5     0     0     0     1     1     2     1     1   496     0
   358     2     5     0     1     3     5     7     1     1     0     0     1     2     1     1   649     0
   359     1     2     2     4     6     8     2     1     0     1     1     1     3     0     1   642     0
   360     1     2     2     4     6     8     2     1     1     1     0     0     1     0     1   470     0
   361     1     4     1     8     2     4     6     0     1     1     0     0     2     1     0  1027     0
   362     2     7     0     5     7     1     3     1     0     0     0     0     3     1     1   780     1
   363     2     5     0     1     3     5     7     1     1     0     1     0     2     0     1   679     0
   364     2     5     0     1     3     5     7     0     0     1     0     0     1     1     1   769     0
   365     1     2     2     4     6     8     2     1     1     1     1     0     3     1     1   584     1
   366     1     3     1     6     8     2     4     1     1     1     0     0     2     0     0   532     0
   367     1     1     2     2     4     6     8     0     0     0     0     1     2     1     1   901     0
   368     1     2     2     4     6     8     2     1     1     1     0     0     2     1     1   575     0
   369     2     5     0     1     3     5     7     1     1     1     0     1     3     0     0   636     0
   370     2     5     0     1     3     5     7     0     0     0     1     0     1     1     1   504     0
   371     1     2     2     4     6     8     2     0     1     0     1     1     3     0     1   517     0
   372     1     3     1     6     8     2     4     0     0     1     0     0     2     0     1   569     0
   373     2     7     0     5     7     1     3     0     1     1     0     1     3     0     1   613     0
   374     2     7     0     5     7     1     3     0     0     1     1     0     1     0     1   548     1
   375     2     5     0     1     3     5     7     1     1     1     1     1     2     1     1   671     0
   376     2     5     0     1     3     5     7     1     0     0     0     1     1     0     1   495     0
   377     2     8     1     7     1     3     5     1     1     1     0     0     2     0     1   675     0
   378     2     5     0     1     3     5     7     1     1     1     0     1     2     0     0   467     0
   379     1     3     1     6     8     2     4     1     0     1     0     1     3     0     1   533     0
   380     1     4     1     8     2     4     6     0     0     1     1     0     2     1     0   648     0
   381     2     7     0     5     7     1     3     1     0     1     0     1     3     1     0   709     0
   382     2     7     0     5     7     1     3     1     0     0     1     1     1     0     0   634     0
   383     2     5     0     1     3     5     7     0     0     1     1     1     2     1     0   654     0
   384     2     5     0     1     3     5     7     1     1     1     0     1     1     1     1   472     0
   385     1     3     1     6     8     2     4     0     0     0     1     1     3     1     1   541     0
   386     1     3     1     6     8     2     4     0     0     0     1     0     1     0     0   403     0
   387     1     1     2     2     4     6     8     0     1     0     1     1     2     0     1   412     0
   388     2     8     1     7     1     3     5     0     0     1     1     0     3     0     1   523     0
   389     2     5     0     1     3     5     7     0     1     0     0     0     2     0     1   528     0
   390     1     2     2     4     6     8     2     0     1     0     0     0     3     0     0   859     0
   391     2     7     0     5     7     1     3     0     1     1     0     0     3     0     0   463     0
   392     1     4     1     8     2     4     6     1     1     0     1     1     3     1     0   717     0
   393     2     5     0     1     3     5     7     1     0     0     1     1     3     0     1   557     0
   394     2     5     0     1     3     5     7     1     1     1     1     1     1     0     1   436     0
   395     1     3     1     6     8     2     4     0     1     0     1     0     3     1     0   634     1
   396     2     8     1     7     1     3     5     1     1     0     1     0     3     1     0   541     0
   397     1     1     2     2     4     6     8     0     0     0     0     1     3     1     1   718     0
   398     1     2     2     4     6     8     2     1     1     0     1     0     2     1     1   580     0
   399     1     2     2     4     6     8     2     0     1     1     0     1     1     1     0   509     0
   400     1     2     2     4     6     8     2     1     1     0     1     1     1     1     0   532     0
   401     2     7     0     5     7     1     3     1     0     0     0     0     3     0     1   436     0
   402     2     8     1     7     1     3     5     1     1     0     0     1     2     0     1   640     0
   403     1     3     1     6     8     2     4     1     0     0     1     0     3     0     1   439     0
   404     1     3     1     6     8     2     4     0     0     0     1     0     1     1     0   375     0
   405     2     8     1     7     1     3     5     0     0     1     0     1     3     0     0   479     0
   406     2     8     1     7     1     3     5     0     1     1     1     0     1     0     1   586     0
   407     2     6     2     3     5     7     1     1     1     1     0     0     2     1     0   547     1
   408     2     6     2     3     5     7     1     0     0     1     1     0     1     1     1   660     0
   409     1     4     1     8     2     4     6     0     0     1     0     1     3     0     0   649     0
   410     1     2     2     4     6     8     2     0     1     0     1     1     2     0     1   472     0
   411     1     1     2     2     4     6     8     0     1     1     0     1     2     0     0   479     0
   412     1     2     2     4     6     8     2     0     0     0     0     1     2     0     1   505     0
   413     1     4     1     8     2     4     6     0     1     1     1     1     2     0     1   609     0
   414     1     2     2     4     6     8     2     1     1     1     0     0     2     1     0  1166     0
   415     1     4     1     8     2     4     6     0     1     0     0     1     2     1     0   428     0
   416     1     4     1     8     2     4     6     1     0     0     1     1     1     1     1   637     0
   417     2     7     0     5     7     1     3     1     0     0     1     1     3     0     0   673     0
   418     2     7     0     5     7     1     3     1     0     0     0     0     1     0     0   378     0
   419     2     7     0     5     7     1     3     0     0     0     1     0     1     1     0   320     0
   420     2     6     2     3     5     7     1     1     0     1     0     0     2     1     0   660     0
   421     1     1     2     2     4     6     8     1     0     0     0     1     3     0     0   433     0
   422     1     1     2     2     4     6     8     1     1     1     0     1     1     0     1   480     0
   423     1     4     1     8     2     4     6     1     1     0     0     1     2     0     0   557     0
   424     1     4     1     8     2     4     6     0     1     1     0     0     1     1     0   660     0
   425     1     2     2     4     6     8     2     0     1     1     1     0     2     0     0   585     0
   426     1     4     1     8     2     4     6     1     0     1     1     1     2     1     1   596     0
   427     1     2     2     4     6     8     2     1     1     1     1     1     2     0     1   556     0
   428     1     3     1     6     8     2     4     1     0     1     1     1     2     0     1   734     0
   429     1     1     2     2     4     6     8     0     1     1     0     0     2     1     1   629     0
   430     1     2     2     4     6     8     2     1     0     0     0     0     2     1     1   532     0
   431     1     2     2     4     6     8     2     1     0     0     0     0     1     0     0   387     0
   432     1     2     2     4     6     8     2     1     1     0     0     0     1     0     1   477     0
   433     1     1     2     2     4     6     8     1     0     1     1     1     2     0     1   397     0
   434     2     6     2     3     5     7     1     0     1     1     0     0     3     1     1   498     0
   435     1     3     1     6     8     2     4     0     0     1     1     0     3     0     1   454     0
   436     2     8     1     7     1     3     5     1     0     0     1     1     3     1     0   679     0
   437     1     3     1     6     8     2     4     1     1     1     0     1     3     0     1   434     0
   438     1     3     1     6     8     2     4     0     1     0     0     1     1     1     0   363     1
   439     2     7     0     5     7     1     3     1     0     1     0     0     3     1     1   954     0
   440     2     8     1     7     1     3     5     1     0     1     0     1     2     0     0   440     0
   441     2     6     2     3     5     7     1     0     1     0     0     1     2     1     1   544     1
   442     2     6     2     3     5     7     1     1     0     1     0     1     1     1     1   515     0
   443     1     2     2     4     6     8     2     1     0     1     1     1     3     0     0   710     0
   444     1     2     2     4     6     8     2     1     0     1     1     0     1     0     0   410     0
   445     2     6     2     3     5     7     1     0     0     1     0     0     3     1     0   571     0
   446     2     7     0     5     7     1     3     1     1     0     1     1     2     1     1   545     0
   447     1     3     1     6     8     2     4     1     1     0     1     1     3     0     0   589     0
   448     1     4     1     8     2     4     6     0     1     1     1     1     2     1     0   576     0
   449     2     6     2     3     5     7     1     1     0     1     0     0     3     1     1   680     0
   450     2     6     2     3     5     7     1     0     0     0     0     0     1     1     0   440     0
   451     2     5     0     1     3     5     7     1     1     1     1     0     2     1     1   815     0
   452     2     5     0     1     3     5     7     1     1     1     0     0     1     0     0   556     0
   453     2     7     0     5     7     1     3     1     0     1     0     1     2     0     1   597     0
   454     1     2     2     4     6     8     2     1     1     1     0     1     3     0     1   579     0
   455     2     7     0     5     7     1     3     1     1     0     0     1     3     0     0   511     0
   456     2     7     0     5     7     1     3     0     1     0     0     1     1     1     0   396     0
   457     2     8     1     7     1     3     5     0     1     1     1     0     2     0     0   697     0
   458     2     8     1     7     1     3     5     1     0     0     0     1     1     1     1   469     0
   459     2     8     1     7     1     3     5     0     1     1     0     0     1     1     1   418     0
   460     2     5     0     1     3     5     7     1     0     0     0     0     2     1     1   538     0
   461     2     6     2     3     5     7     1     1     0     0     1     0     2     0     0   479     0
   462     2     6     2     3     5     7     1     1     1     0     0     0     1     0     1   520     0
   463     2     8     1     7     1     3     5     0     1     1     0     1     2     1     0   589     0
   464     2     8     1     7     1     3     5     0     1     0     1     1     1     0     0   557     0
   465     2     6     2     3     5     7     1     0     0     0     0     0     2     0     1   558     0
   466     2     7     0     5     7     1     3     0     1     0     0     1     2     0     1   799     0
   467     2     6     2     3     5     7     1     0     1     1     0     0     2     0     0   821     0
   468     1     3     1     6     8     2     4     1     0     1     1     0     3     1     1   926     0
   469     1     4     1     8     2     4     6     1     0     0     1     0     2     0     0   700     0
   470     2     5     0     1     3     5     7     0     0     0     1     0     3     1     0   522     0
   471     2     5     0     1     3     5     7     0     0     1     0     0     1     0     0   595     0
   472     2     5     0     1     3     5     7     0     0     0     0     1     1     0     0   342     0
   473     2     5     0     1     3     5     7     0     1     1     0     1     1     0     1   270     1
   474     2     6     2     3     5     7     1     1     1     1     1     1     2     1     0   482     0
   475     1     4     1     8     2     4     6     1     1     1     0     0     3     0     0   515     0
   476     1     4     1     8     2     4     6     1     1     1     1     1     1     0     0   367     0
   477     1     4     1     8     2     4     6     0     0     0     1     1     1     1     1   539     0
   478     1     4     1     8     2     4     6     1     1     0     0     0     1     1     1   496     0
   479     2     8     1     7     1     3     5     1     0     1     1     1     3     0     1   537     0
   480     2     8     1     7     1     3     5     0     0     0     0     1     1     1     0   563     0
   481     2     5     0     1     3     5     7     0     0     0     0     1     2     0     0   662     0
   482     2     6     2     3     5     7     1     0     0     0     1     1     2     0     0   660     0
   483     1     2     2     4     6     8     2     0     1     1     1     1     3     0     1   577     0
   484     1     2     2     4     6     8     2     0     1     1     1     0     1     0     0   468     0
   485     1     2     2     4     6     8     2     0     1     0     0     0     1     0     0   464     1
   486     1     2     2     4     6     8     2     0     1     0     0     0     1     0     0   523     0
   487     2     6     2     3     5     7     1     1     1     1     0     0     3     1     0   558     0
   488     2     8     1     7     1     3     5     1     1     1     0     0     2     0     0   554     0
   489     1     1     2     2     4     6     8     1     0     0     1     1     3     0     1   612     0
   490     1     1     2     2     4     6     8     1     0     1     0     1     1     0     0   479     0
   491     2     8     1     7     1     3     5     1     1     1     0     1     3     0     1   575     0
   492     2     8     1     7     1     3     5     1     0     0     1     0     1     0     1   458     0
   493     1     3     1     6     8     2     4     0     1     0     1     1     3     1     1   581     0
   494     1     4     1     8     2     4     6     1     1     1     1     0     2     1     0   814     1
   495     2     7     0     5     7     1     3     1     0     0     1     1     3     0     1   600     0
   496     2     7     0     5     7     1     3     0     0     0     1     0     1     1     0   375     0
   497     1     2     2     4     6     8     2     0     1     1     0     1     3     0     1   543     0
   498     1     2     2     4     6     8     2     1     1     1     0     1     1     1     0   763     0
   499     2     6     2     3     5     7     1     0     1     1     1     1     3     1     0   670     0
   500     2     6     2     3     5     7     1     1     1     1     1     1     1     1     0   367     0
   501     1     2     2     4     6     8     2     0     1     1     1     1     3     1     0   445     0
   502     2     7     0     5     7     1     3     1     1     1     0     0     3     1     0   498     0
   503     1     4     1     8     2     4     6     0     1     1     1     0     3     1     0   406     0
   504     1     1     2     2     4     6     8     1     0     0     0     1     2     1     1   426     1
   505     2     8     1     7     1     3     5     0     0     1     0     0     3     1     0   409     0
   506     2     5     0     1     3     5     7     1     0     0     0     0     2     1     0   419     0
   507     2     8     1     7     1     3     5     0     0     0     0     1     2     1     0   365     0
   508     2     8     1     7     1     3     5     1     1     0     0     0     1     1     1   308     1
   509     1     4     1     8     2     4     6     0     1     1     0     0     3     1     0   619     0
   510     1     4     1     8     2     4     6     0     1     0     0     1     1     0     0   366     0
   511     1     3     1     6     8     2     4     1     0     1     1     0     2     1     1   366     1
   512     1     3     1     6     8     2     4     1     0     1     1     1     1     0     0   550     0
   513     2     6     2     3     5     7     1     1     1     0     0     0     3     0     1   647     0
   514     2     6     2     3     5     7     1     1     1     1     1     0     1     0     0   405     0
   515     1     2     2     4     6     8     2     0     1     0     0     0     3     1     0   814     0
   516     1     1     2     2     4     6     8     0     1     0     1     0     2     0     0   500     0
   517     1     3     1     6     8     2     4     0     0     1     0     0     2     0     1   501     0
   518     1     3     1     6     8     2     4     0     1     1     0     1     1     0     1   553     0
   519     2     6     2     3     5     7     1     0     1     1     1     1     3     0     0   548     0
   520     2     5     0     1     3     5     7     1     1     1     0     0     2     1     0   716     0
   521     1     1     2     2     4     6     8     0     1     1     1     1     3     1     0   471     0
   522     2     6     2     3     5     7     1     0     1     0     1     0     3     0     0   651     0
   523     1     1     2     2     4     6     8     1     0     0     0     0     3     1     1   433     0
   524     1     2     2     4     6     8     2     1     0     0     1     1     2     0     0   565     0
   525     2     6     2     3     5     7     1     1     0     1     0     1     3     0     0   341     0
   526     2     6     2     3     5     7     1     0     1     0     0     1     1     1     1   465     0
   527     2     6     2     3     5     7     1     0     0     0     0     1     1     0     1   723     0
   528     2     6     2     3     5     7     1     1     0     1     1     0     1     1     0   402     0
   529     1     4     1     8     2     4     6     0     0     1     1     1     3     1     0   660     0
   530     1     1     2     2     4     6     8     0     0     0     0     1     2     0     0   596     0
   531     2     8     1     7     1     3     5     1     1     0     0     1     3     1     1   605     0
   532     1     1     2     2     4     6     8     0     0     0     0     0     3     1     1   454     0
   533     1     3     1     6     8     2     4     0     1     1     0     0     2     0     1   472     0
   534     1     3     1     6     8     2     4     0     0     0     0     1     1     0     1   507     0
   535     2     7     0     5     7     1     3     0     1     0     0     0     3     0     1   897     0
   536     2     7     0     5     7     1     3     1     0     0     1     1     1     1     1   498     0
   537     2     8     1     7     1     3     5     1     1     1     0     0     2     0     1   631     0
   538     2     8     1     7     1     3     5     1     0     0     1     0     1     0     1   449     0
   539     2     7     0     5     7     1     3     0     0     0     1     0     2     1     0   603     0
   540     2     7     0     5     7     1     3     0     0     1     1     0     1     0     0   413     0
   541     1     2     2     4     6     8     2     0     1     1     0     1     3     0     1   450     0
   542     1     2     2     4     6     8     2     1     0     0     1     0     1     1     1   460     0
   543     2     8     1     7     1     3     5     1     0     0     1     0     3     0     0   407     0
   544     2     8     1     7     1     3     5     1     1     0     1     1     1     0     1   451     0
   545     1     3     1     6     8     2     4     0     0     0     0     1     3     1     1   401     0
   546     1     3     1     6     8     2     4     1     0     1     0     1     1     1     0   569     0
   547     1     4     1     8     2     4     6     0     1     1     1     1     2     1     1   761     0
   548     1     4     1     8     2     4     6     1     1     1     0     0     1     1     0   563     0
   549     1     4     1     8     2     4     6     0     0     1     1     1     1     1     1   436     0
   550     2     7     0     5     7     1     3     0     0     0     0     1     3     0     0   673     0
   551     1     1     2     2     4     6     8     1     0     0     0     0     3     1     0   713     0
   552     1     1     2     2     4     6     8     1     1     1     1     0     1     0     1   591     0
   553     2     7     0     5     7     1     3     1     0     1     1     0     3     0     1   649     0
   554     2     7     0     5     7     1     3     1     0     1     1     1     1     0     0   507     0
   555     1     3     1     6     8     2     4     0     1     0     1     0     3     1     1   542     0
   556     2     6     2     3     5     7     1     1     1     0     1     1     3     1     0   733     0
   557     2     6     2     3     5     7     1     0     1     1     1     0     1     1     0   439     0
   558     2     6     2     3     5     7     1     1     0     1     1     0     1     1     1   559     0
   559     2     6     2     3     5     7     1     0     1     0     1     0     1     1     1   505     0
   560     2     8     1     7     1     3     5     0     0     0     0     0     2     0     1   418     0
   561     2     7     0     5     7     1     3     0     1     1     1     0     2     0     1   848     0
   562     2     7     0     5     7     1     3     0     0     1     1     1     1     0     1   435     0
   563     2     5     0     1     3     5     7     1     1     0     0     0     2     1     1   397     1
   564     2     5     0     1     3     5     7     0     1     1     0     1     1     1     0   707     0
   565     2     8     1     7     1     3     5     0     1     1     1     1     2     0     0   443     0
   566     2     6     2     3     5     7     1     0     1     0     1     0     2     0     0   622     0
   567     2     8     1     7     1     3     5     0     1     1     1     0     2     0     0   490     0
   568     2     8     1     7     1     3     5     0     0     1     0     1     1     0     1   508     0
   569     1     3     1     6     8     2     4     0     1     0     1     1     3     0     1   449     0
   570     1     3     1     6     8     2     4     0     0     1     0     0     1     0     1   478     0
   571     1     4     1     8     2     4     6     0     0     1     0     0     2     0     0   460     0
   572     1     3     1     6     8     2     4     0     1     1     0     1     2     0     1   400     0
   573     1     3     1     6     8     2     4     0     1     1     1     0     1     0     0   462     0
   574     1     3     1     6     8     2     4     0     1     0     0     0     1     0     0   459     1
   575     1     3     1     6     8     2     4     0     1     1     0     0     1     0     0   557     0
   576     1     3     1     6     8     2     4     0     1     0     0     0     1     0     0   513     0
   577     1     3     1     6     8     2     4     0     1     1     0     1     1     0     0   318     0
   578     1     3     1     6     8     2     4     1     1     1     0     1     1     1     0   502     0
   579     2     6     2     3     5     7     1     1     1     0     0     1     3     0     0   599     0
   580     1     1     2     2     4     6     8     0     0     0     1     1     3     1     1   901     0
   581     1     1     2     2     4     6     8     1     1     0     1     1     1     1     1   478     0
   582     1     4     1     8     2     4     6     1     0     0     0     0     2     0     1   704     0
   583     1     2     2     4     6     8     2     1     1     0     1     0     2     0     1   766     0
   584     1     2     2     4     6     8     2     0     1     1     0     1     1     1     0   490     0
   585     1     4     1     8     2     4     6     1     1     1     0     0     2     1     0   565     0
   586     1     4     1     8     2     4     6     0     1     1     0     1     1     1     0   371     0
   587     2     5     0     1     3     5     7     0     1     1     1     0     3     0     0   388     0
   588     2     5     0     1     3     5     7     1     1     1     0     0     1     1     0   591     0
   589     1     1     2     2     4     6     8     1     0     1     0     0     3     0     1   441     0
   590     2     8     1     7     1     3     5     1     1     0     0     0     3     0     1   553     0
   591     2     5     0     1     3     5     7     1     1     0     1     0     2     0     0   741     0
   592     1     2     2     4     6     8     2     1     1     1     1     1     3     0     0   442     0
   593     2     7     0     5     7     1     3     1     0     1     0     1     3     0     1   509     0
   594     2     6     2     3     5     7     1     0     1     1     0     0     2     1     1   688     0
   595     1     3     1     6     8     2     4     1     1     0     1     1     3     1     0   454     0
   596     1     4     1     8     2     4     6     1     1     0     1     1     2     0     0   432     0
   597     1     4     1     8     2     4     6     0     0     0     1     0     1     1     1   698     0
   598     2     7     0     5     7     1     3     1     0     1     0     1     3     1     0   611     0
   599     1     3     1     6     8     2     4     1     0     0     0     0     3     0     0   420     0
   600     1     3     1     6     8     2     4     0     0     0     1     1     1     1     0   357     0
   601     2     5     0     1     3     5     7     1     0     0     1     0     3     1     0   480     0
   602     2     5     0     1     3     5     7     1     1     0     0     1     1     0     1   498     0
   603     2     6     2     3     5     7     1     0     0     0     0     1     2     1     1   650     0
   604     1     3     1     6     8     2     4     1     0     1     1     1     3     1     0   700     0
   605     1     1     2     2     4     6     8     0     0     1     1     1     2     1     0   637     0
   606     1     1     2     2     4     6     8     0     0     0     1     0     1     0     0   373     0
   607     2     7     0     5     7     1     3     1     1     0     0     1     3     1     1   609     0
   608     2     7     0     5     7     1     3     1     0     0     1     0     1     0     1   529     0
   609     2     5     0     1     3     5     7     0     1     0     1     0     2     1     1   637     0
   610     2     5     0     1     3     5     7     0     1     1     0     1     1     0     0   409     0
   611     2     5     0     1     3     5     7     1     1     1     0     1     1     1     0   373     0
   612     2     5     0     1     3     5     7     1     1     0     0     1     1     0     0   406     0
   613     2     5     0     1     3     5     7     1     1     1     1     0     1     0     0   467     0
   614     2     5     0     1     3     5     7     0     0     1     1     1     1     1     1   511     0
   615     1     4     1     8     2     4     6     1     0     0     1     1     3     1     0   665     0
   616     1     2     2     4     6     8     2     1     1     1     0     1     2     0     1   883     0
   617     2     7     0     5     7     1     3     0     1     0     1     0     3     1     0   771     0
   618     1     4     1     8     2     4     6     0     1     0     0     0     3     0     0   632     0
   619     2     7     0     5     7     1     3     1     1     0     1     0     3     1     0   594     0
   620     2     7     0     5     7     1     3     1     0     0     1     0     1     0     1   551     0
   621     1     2     2     4     6     8     2     0     1     0     1     1     3     1     1   640     0
   622     1     2     2     4     6     8     2     0     1     1     1     1     1     0     0   444     0
   623     1     2     2     4     6     8     2     0     1     1     1     0     1     0     0   339     0
   624     1     2     2     4     6     8     2     0     1     1     1     0     1     0     0   383     0
   625     1     2     2     4     6     8     2     1     0     0     0     1     1     1     1   505     0
   626     1     4     1     8     2     4     6     0     0     1     1     1     2     1     0   813     0
   627     1     4     1     8     2     4     6     0     0     0     0     0     1     0     0   341     0
   628     1     1     2     2     4     6     8     1     0     0     0     1     2     1     0   706     0
   629     2     8     1     7     1     3     5     0     0     1     0     1     3     1     0   495     0
   630     2     6     2     3     5     7     1     1     1     1     1     1     2     1     1   496     0
   631     2     7     0     5     7     1     3     0     0     0     0     1     2     1     1   582     0
   632     2     7     0     5     7     1     3     0     0     1     1     1     1     0     0   387     0
   633     1     1     2     2     4     6     8     0     1     0     0     1     3     0     1   442     1
   634     1     4     1     8     2     4     6     0     0     0     1     1     2     0     1   478     0
   635     2     8     1     7     1     3     5     1     0     0     1     1     3     1     0   517     0
   636     1     3     1     6     8     2     4     1     1     1     1     1     3     0     1   524     1
   637     2     6     2     3     5     7     1     0     0     0     1     0     3     1     1   506     0
   638     2     6     2     3     5     7     1     0     1     0     1     0     1     0     1   628     0
   639     2     7     0     5     7     1     3     1     0     0     0     1     2     1     1   754     0
   640     2     7     0     5     7     1     3     1     0     1     0     1     1     0     0   700     0
   641     2     6     2     3     5     7     1     1     1     0     1     0     2     0     1   609     0
   642     2     6     2     3     5     7     1     0     0     1     0     1     1     1     1   489     0
   643     2     7     0     5     7     1     3     1     0     0     1     0     2     1     0   459     0
   644     2     7     0     5     7     1     3     0     0     0     0     0     1     1     0   437     0
   645     1     2     2     4     6     8     2     1     1     0     1     0     3     1     1   523     0
   646     1     3     1     6     8     2     4     1     0     1     1     1     2     0     1   488     0
   647     1     1     2     2     4     6     8     1     1     0     1     0     2     0     1   608     0
   648     1     1     2     2     4     6     8     0     0     1     0     0     1     1     1   512     0
   649     2     5     0     1     3     5     7     1     0     1     0     1     3     1     0   663     0
   650     2     5     0     1     3     5     7     0     1     1     0     0     1     1     1   459     0
   651     2     5     0     1     3     5     7     1     0     0     0     1     1     1     1   569     0
   652     1     2     2     4     6     8     2     1     0     1     1     1     3     0     0   863     0
   653     1     3     1     6     8     2     4     1     0     1     1     1     2     0     0   468     1
   654     1     3     1     6     8     2     4     0     0     1     0     1     1     1     0   584     0
   655     2     7     0     5     7     1     3     0     0     1     1     0     3     0     0   429     0
   656     2     7     0     5     7     1     3     1     0     1     1     0     1     1     0   461     0
   657     2     8     1     7     1     3     5     1     0     0     1     0     2     0     0   507     0
   658     2     8     1     7     1     3     5     0     0     0     1     0     1     1     0   424     0
   659     1     2     2     4     6     8     2     1     0     0     0     0     3     1     0   458     0
   660     1     2     2     4     6     8     2     0     0     0     0     1     1     1     0   441     0
   661     1     2     2     4     6     8     2     1     0     0     0     1     1     1     0   437     0
   662     1     1     2     2     4     6     8     0     1     1     1     1     2     1     1   785     0
   663     2     8     1     7     1     3     5     0     1     1     0     0     3     0     0   536     0
   664     2     7     0     5     7     1     3     0     1     1     0     0     2     0     0   516     0
   665     2     5     0     1     3     5     7     0     0     0     1     1     2     0     1   577     0
   666     2     6     2     3     5     7     1     1     1     0     0     1     2     1     1   593     0
   667     2     7     0     5     7     1     3     0     1     1     0     1     2     1     0   405     0
   668     2     7     0     5     7     1     3     1     0     1     1     0     1     1     1   770     0
   669     2     7     0     5     7     1     3     0     0     1     1     1     1     1     0   456     0
   670     2     7     0     5     7     1     3     0     0     1     0     1     1     0     0   407     0
   671     1     2     2     4     6     8     2     1     0     0     1     0     3     1     0   395     0
   672     1     3     1     6     8     2     4     0     1     1     1     1     2     1     1   509     0
   673     2     6     2     3     5     7     1     0     1     1     0     1     3     0     0   512     0
   674     2     6     2     3     5     7     1     0     1     0     1     1     1     0     0   330     0
   675     2     5     0     1     3     5     7     1     0     1     0     1     2     1     1   656     0
   676     1     4     1     8     2     4     6     0     1     0     0     1     3     1     1   473     0
   677     2     6     2     3     5     7     1     1     0     0     1     0     3     1     1   643     0
   678     2     5     0     1     3     5     7     1     0     1     0     0     2     0     0   727     0
   679     2     6     2     3     5     7     1     0     0     0     1     0     2     1     0   439     0
   680     2     7     0     5     7     1     3     1     0     0     1     0     2     1     0   602     0
   681     1     4     1     8     2     4     6     0     0     1     1     1     3     1     0   510     0
   682     1     4     1     8     2     4     6     0     0     0     0     1     1     0     0   402     0
   683     1     4     1     8     2     4     6     1     1     1     0     1     1     1     1   449     1
   684     1     1     2     2     4     6     8     0     1     1     0     1     2     1     0   509     0
   685     1     3     1     6     8     2     4     1     1     1     0     1     2     1     0   495     0
   686     1     3     1     6     8     2     4     1     1     0     0     1     1     0     0   551     0
   687     2     7     0     5     7     1     3     1     1     0     0     0     3     0     0   518     1
   688     2     7     0     5     7     1     3     1     1     0     1     0     1     0     0   579     0
   689     2     6     2     3     5     7     1     1     0     1     1     0     2     0     1   612     0
   690     2     7     0     5     7     1     3     0     1     1     0     0     2     1     1   501     0
   691     1     2     2     4     6     8     2     1     1     0     1     0     3     1     0   653     0
   692     1     3     1     6     8     2     4     1     1     1     1     1     2     0     0   438     0
   693     2     8     1     7     1     3     5     1     1     0     1     0     3     0     0   484     0
   694     2     8     1     7     1     3     5     0     1     1     0     1     1     1     0   396     0
   695     2     8     1     7     1     3     5     0     0     1     1     1     1     0     1   508     0
   696     1     3     1     6     8     2     4     1     1     1     0     0     3     1     1   511     0
   697     1     3     1     6     8     2     4     0     0     0     1     0     1     1     1   578     0
   698     2     6     2     3     5     7     1     0     1     1     1     0     3     0     1   605     0
   699     1     1     2     2     4     6     8     0     1     0     0     0     3     0     0   607     0
   700     1     1     2     2     4     6     8     1     1     0     0     0     1     1     0   506     0
   701     2     6     2     3     5     7     1     1     1     1     1     1     3     0     0   365     0
   702     1     3     1     6     8     2     4     0     1     0     1     0     3     1     0   495     0
   703     1     3     1     6     8     2     4     1     1     0     1     1     1     1     0   462     0
   704     1     1     2     2     4     6     8     0     1     0     0     1     2     1     0   283     0
   705     2     7     0     5     7     1     3     1     1     0     1     1     3     1     0   855     0
   706     2     5     0     1     3     5     7     1     0     0     0     0     2     0     1   711     0
   707     1     4     1     8     2     4     6     0     1     0     0     0     3     1     1   443     1
   708     1     4     1     8     2     4     6     0     0     0     0     1     1     0     1   508     0
   709     1     1     2     2     4     6     8     1     1     0     0     0     2     1     1   640     0
   710     1     3     1     6     8     2     4     0     1     1     0     0     2     1     0   443     1
   711     1     4     1     8     2     4     6     1     1     0     0     1     2     1     0   512     0
   712     1     4     1     8     2     4     6     1     1     0     0     0     1     0     0   436     0
   713     2     6     2     3     5     7     1     0     1     1     0     1     3     1     0   588     0
   714     2     6     2     3     5     7     1     1     1     1     1     1     1     1     0   366     0
   715     1     4     1     8     2     4     6     1     1     0     0     0     3     0     0   483     0
   716     2     5     0     1     3     5     7     1     1     1     1     0     3     0     0   461     0
   717     1     3     1     6     8     2     4     0     0     0     1     1     3     1     1   938     0
   718     1     4     1     8     2     4     6     1     1     0     1     0     2     1     1   783     0
   719     1     2     2     4     6     8     2     1     0     0     1     1     2     0     1   668     0
   720     1     2     2     4     6     8     2     1     1     0     0     1     1     0     1   477     0
   721     1     3     1     6     8     2     4     0     1     1     1     0     2     1     0   596     0
   722     1     4     1     8     2     4     6     0     1     0     0     0     2     0     0   773     0
   723     2     5     0     1     3     5     7     0     0     0     0     1     3     0     1   550     0
   724     2     5     0     1     3     5     7     1     1     1     0     1     1     1     1   466     0
   725     2     7     0     5     7     1     3     0     1     1     0     1     2     1     0  1143     0
   726     2     7     0     5     7     1     3     1     1     1     0     0     1     1     0   599     0
   727     2     8     1     7     1     3     5     1     1     0     0     1     2     0     0   481     0
   728     1     3     1     6     8     2     4     1     0     1     0     1     3     0     1   525     0
   729     2     6     2     3     5     7     1     0     0     1     0     1     3     1     0   480     0
   730     1     1     2     2     4     6     8     0     0     0     1     0     3     0     0   605     0
   731     2     6     2     3     5     7     1     0     0     1     1     0     3     0     0   386     0
   732     2     7     0     5     7     1     3     1     0     1     1     1     2     1     0   679     0
   733     2     6     2     3     5     7     1     1     1     1     0     0     2     0     1   441     0
   734     1     3     1     6     8     2     4     1     1     1     0     1     3     0     0   458     0
   735     1     4     1     8     2     4     6     0     0     0     1     0     2     1     1   676     0
   736     1     4     1     8     2     4     6     0     1     1     1     1     1     0     1   537     0
   737     2     5     0     1     3     5     7     1     0     1     1     1     3     1     1   641     0
   738     2     8     1     7     1     3     5     1     0     0     1     1     2     0     0   475     0
   739     2     7     0     5     7     1     3     0     0     1     1     0     2     1     0   489     0
   740     2     7     0     5     7     1     3     0     1     1     0     0     1     0     1   519     0
   741     2     5     0     1     3     5     7     1     1     0     0     1     2     1     0   630     0
   742     2     8     1     7     1     3     5     0     0     1     1     0     2     1     1   507     0
   743     2     8     1     7     1     3     5     1     0     0     1     0     1     1     0   501     0
   744     2     6     2     3     5     7     1     1     1     1     1     1     2     0     1   474     0
   745     2     7     0     5     7     1     3     1     0     0     0     1     2     0     1   568     0
   746     2     5     0     1     3     5     7     1     1     1     0     0     2     0     1   601     0
   747     1     4     1     8     2     4     6     0     1     1     1     1     3     1     0   525     0
   748     1     1     2     2     4     6     8     0     0     1     1     0     2     0     1   523     0
   749     1     1     2     2     4     6     8     1     1     0     0     0     1     1     1   608     0
   750     1     1     2     2     4     6     8     0     1     0     0     1     1     1     0   741     0
   751     1     1     2     2     4     6     8     0     1     1     0     0     1     0     0   442     0
   752     1     1     2     2     4     6     8     1     0     1     1     0     1     1     1   459     0
   753     1     2     2     4     6     8     2     0     0     0     0     1     2     1     0   575     1
   754     2     5     0     1     3     5     7     0     1     1     1     0     3     0     1   425     1
   755     1     2     2     4     6     8     2     1     1     0     0     0     3     1     0   767     0
   756     1     1     2     2     4     6     8     0     1     0     1     0     2     1     0   543     0
   757     1     4     1     8     2     4     6     0     0     0     1     0     2     0     1   505     0
   758     1     4     1     8     2     4     6     1     0     1     1     1     1     1     0   511     1
   759     1     2     2     4     6     8     2     0     0     0     1     0     2     1     0   643     0
   760     1     3     1     6     8     2     4     0     0     0     1     1     2     0     0   422     0
   761     1     1     2     2     4     6     8     1     0     0     0     0     2     1     0   437     0
   762     1     3     1     6     8     2     4     1     1     0     0     0     2     0     1   581     0
   763     1     1     2     2     4     6     8     1     1     0     0     1     2     0     0   642     0
   764     1     4     1     8     2     4     6     0     1     0     0     0     2     1     0   798     0
   765     2     8     1     7     1     3     5     1     0     0     1     0     3     1     1   501     0
   766     2     8     1     7     1     3     5     0     1     0     0     1     1     1     1   442     0
   767     2     5     0     1     3     5     7     1     0     0     1     0     2     1     1   757     0
   768     2     6     2     3     5     7     1     0     0     1     1     1     2     1     0   511     0
   769     1     4     1     8     2     4     6     0     1     1     0     0     3     0     1   438     0
   770     1     4     1     8     2     4     6     1     0     0     0     0     1     1     1   872     0
   771     1     1     2     2     4     6     8     0     0     0     0     0     2     1     0   436     0
   772     1     1     2     2     4     6     8     0     1     0     0     0     1     0     1   516     0
   773     2     8     1     7     1     3     5     0     0     1     1     0     3     0     1   727     0
   774     2     8     1     7     1     3     5     1     1     0     1     1     1     1     1   480     1
   775     2     7     0     5     7     1     3     1     1     0     0     1     2     0     0   855     0
   776     2     7     0     5     7     1     3     1     0     0     1     1     1     0     1   560     0
   777     1     2     2     4     6     8     2     0     0     0     1     1     3     1     0   435     0
   778     1     2     2     4     6     8     2     1     1     0     1     1     1     1     1   486     1
   779     1     3     1     6     8     2     4     1     1     0     1     1     2     0     0   575     0
   780     1     3     1     6     8     2     4     1     0     1     1     1     1     0     1   486     0
   781     2     7     0     5     7     1     3     1     1     0     1     1     3     0     1   701     0
   782     2     7     0     5     7     1     3     0     0     1     0     0     1     1     1   538     0
   783     1     3     1     6     8     2     4     0     0     1     0     1     3     0     0   407     0
   784     1     3     1     6     8     2     4     1     1     0     1     0     1     1     1   600     0
   785     1     1     2     2     4     6     8     0     1     1     0     1     2     1     0   640     0
   786     1     1     2     2     4     6     8     1     1     0     1     1     1     1     0   453     0
   787     1     1     2     2     4     6     8     0     1     1     1     0     1     1     0   416     0
   788     2     8     1     7     1     3     5     0     1     0     1     1     3     0     0   403     0
   789     1     1     2     2     4     6     8     0     1     1     0     0     3     0     0   318     0
   790     1     2     2     4     6     8     2     0     0     0     1     1     2     0     1   574     0
   791     2     8     1     7     1     3     5     1     0     1     0     0     3     1     0   555     0
   792     1     1     2     2     4     6     8     1     1     0     1     1     3     0     1   521     0
   793     2     5     0     1     3     5     7     1     1     0     1     1     3     0     0   614     0
   794     2     6     2     3     5     7     1     1     0     0     0     1     2     0     1   497     0
   795     2     6     2     3     5     7     1     0     0     1     1     0     1     1     0   410     0
   796     2     6     2     3     5     7     1     1     1     0     1     1     1     1     1   443     0
   797     1     2     2     4     6     8     2     0     1     1     0     1     3     1     0   708     0
   798     1     2     2     4     6     8     2     0     1     1     1     0     1     0     0   362     0
   799     2     5     0     1     3     5     7     1     1     0     0     0     3     1     0   423     1
   800     2     5     0     1     3     5     7     0     0     0     0     0     1     1     1   543     0
   801     1     4     1     8     2     4     6     0     1     0     0     0     3     0     1   784     0
   802     1     4     1     8     2     4     6     0     1     0     1     0     1     0     0   430     1
   803     2     8     1     7     1     3     5     1     1     1     0     1     3     1     0   550     0
   804     2     5     0     1     3     5     7     1     0     0     0     0     2     0     1   525     0
   805     1     3     1     6     8     2     4     0     0     1     1     1     3     1     0   582     0
   806     1     3     1     6     8     2     4     0     0     0     0     0     1     0     0   461     0
   807     1     4     1     8     2     4     6     0     0     0     0     1     2     0     0   540     0
   808     2     5     0     1     3     5     7     1     0     0     1     0     3     1     0   603     0
   809     1     3     1     6     8     2     4     1     1     0     1     1     3     0     1   557     1
   810     1     4     1     8     2     4     6     0     1     0     0     1     2     1     0   607     0
   811     1     4     1     8     2     4     6     0     1     1     0     1     1     0     0   452     0
   812     1     4     1     8     2     4     6     1     0     0     0     0     1     1     1   530     0
   813     1     3     1     6     8     2     4     0     1     0     1     0     2     1     1   550     0
   814     1     3     1     6     8     2     4     1     1     1     1     1     1     1     0   846     0
   815     2     8     1     7     1     3     5     0     1     0     1     0     3     1     0   387     0
   816     2     8     1     7     1     3     5     1     0     0     1     0     1     1     1   383     1
   817     2     5     0     1     3     5     7     0     1     0     1     1     2     1     1   820     0
   818     2     7     0     5     7     1     3     0     0     1     0     0     2     0     1   563     0
   819     2     6     2     3     5     7     1     0     0     1     0     0     2     0     0   430     0
   820     2     6     2     3     5     7     1     0     0     1     0     0     1     0     0   373     0
   821     2     8     1     7     1     3     5     0     1     1     0     1     2     0     1   512     0
   822     2     8     1     7     1     3     5     0     1     1     1     0     1     0     0   501     0
   823     2     6     2     3     5     7     1     1     1     0     0     1     2     1     0   784     0
   824     1     1     2     2     4     6     8     0     1     0     0     0     3     1     0   853     0
   825     1     4     1     8     2     4     6     0     0     0     1     0     2     0     1   556     0
   826     1     4     1     8     2     4     6     1     0     1     0     1     1     1     0   671     0
   827     1     4     1     8     2     4     6     0     0     0     1     1     1     1     0   475     0
   828     1     4     1     8     2     4     6     0     0     0     1     0     1     0     0   322     0
   829     2     6     2     3     5     7     1     0     1     1     0     1     3     0     1   388     0
   830     2     6     2     3     5     7     1     1     0     1     0     1     1     1     1   567     0
   831     2     6     2     3     5     7     1     1     1     1     1     1     1     0     1   585     0
   832     2     8     1     7     1     3     5     1     0     1     1     1     2     0     1   578     0
   833     1     4     1     8     2     4     6     1     1     1     1     0     3     0     1   541     0
   834     1     3     1     6     8     2     4     0     0     1     0     0     2     1     1  1051     1
   835     2     8     1     7     1     3     5     1     1     1     1     1     3     1     1   808     0
   836     1     1     2     2     4     6     8     1     0     0     1     0     3     0     1   528     0
   837     2     6     2     3     5     7     1     0     0     1     1     0     3     1     0   548     0
   838     2     6     2     3     5     7     1     1     0     1     1     1     1     1     0   385     0
   839     1     1     2     2     4     6     8     1     1     1     1     0     3     0     1   565     0
   840     1     2     2     4     6     8     2     1     1     1     0     0     2     0     0   520     1
   841     1     2     2     4     6     8     2     0     1     1     1     1     1     1     0   498     0
   842     1     4     1     8     2     4     6     0     0     0     0     1     2     0     1   629     0
   843     1     1     2     2     4     6     8     1     0     0     1     0     2     1     0   712     0
   844     1     1     2     2     4     6     8     0     0     1     1     0     1     1     0   436     0
   845     2     5     0     1     3     5     7     0     0     1     0     1     3     0     0   621     0
   846     2     5     0     1     3     5     7     1     1     0     0     0     1     1     1   548     0
   847     2     5     0     1     3     5     7     0     1     1     0     0     1     1     0   490     0
   848     2     7     0     5     7     1     3     0     1     1     0     1     2     0     0   448     0
   849     2     8     1     7     1     3     5     0     1     0     0     1     2     0     0   451     0
   850     2     8     1     7     1     3     5     0     0     1     0     1     1     0     1   580     0
   851     2     7     0     5     7     1     3     1     0     1     0     0     2     1     0   615     0
   852     1     4     1     8     2     4     6     0     1     1     1     1     3     1     1   556     0
   853     2     5     0     1     3     5     7     0     0     1     1     1     3     0     1   522     0
   854     2     5     0     1     3     5     7     0     1     0     1     0     1     0     1   525     0
   855     2     7     0     5     7     1     3     1     1     1     0     0     2     1     0   740     1
   856     2     6     2     3     5     7     1     1     0     1     1     0     2     0     1   604     1
   857     1     2     2     4     6     8     2     0     1     0     0     0     3     1     1   637     0
   858     2     5     0     1     3     5     7     0     0     1     0     1     3     0     1   781     0
   859     1     4     1     8     2     4     6     1     1     1     1     1     3     1     1   587     0
   860     1     3     1     6     8     2     4     1     0     0     0     1     2     0     1   470     0
   861     2     5     0     1     3     5     7     1     1     1     0     0     3     0     1   619     0
   862     2     5     0     1     3     5     7     1     0     1     0     1     1     0     1   639     0
   863     2     5     0     1     3     5     7     0     0     1     0     0     1     1     0   446     0
   864     1     4     1     8     2     4     6     1     0     1     1     0     3     1     0   490     0
   865     1     2     2     4     6     8     2     1     1     1     1     0     2     0     1   480     1
   866     1     1     2     2     4     6     8     1     1     1     0     1     2     0     0   654     0
   867     2     6     2     3     5     7     1     0     1     0     1     0     3     1     0   489     0
   868     2     6     2     3     5     7     1     0     0     0     1     0     1     0     1   585     0
   869     2     8     1     7     1     3     5     0     1     1     0     1     2     0     1   681     0
   870     2     7     0     5     7     1     3     0     1     0     0     1     2     0     0   513     0
   871     2     8     1     7     1     3     5     1     0     1     0     1     2     1     1   718     0
   872     2     8     1     7     1     3     5     1     0     1     1     0     1     0     0   465     0
   873     1     3     1     6     8     2     4     1     0     0     0     0     3     0     0   462     0
   874     1     3     1     6     8     2     4     0     0     0     1     1     1     1     0   418     0
   875     2     8     1     7     1     3     5     0     1     1     1     0     3     0     1   292     1
   876     2     7     0     5     7     1     3     0     0     1     1     1     2     0     1   689     0
   877     1     3     1     6     8     2     4     1     0     0     1     1     3     1     0   676     0
   878     1     3     1     6     8     2     4     1     0     1     0     1     1     0     0   438     0
   879     2     6     2     3     5     7     1     1     1     0     0     1     3     0     1   657     0
   880     2     5     0     1     3     5     7     0     0     0     1     1     2     1     1   959     0
   881     2     5     0     1     3     5     7     0     1     0     1     1     1     0     1   509     0
   882     2     5     0     1     3     5     7     1     1     1     1     0     1     1     0   639     0
   883     1     4     1     8     2     4     6     0     0     0     1     1     3     1     1   543     0
   884     1     4     1     8     2     4     6     0     0     0     1     0     1     0     0   408     0
   885     2     5     0     1     3     5     7     1     1     1     0     1     3     1     1   472     0
   886     2     5     0     1     3     5     7     1     0     1     0     0     1     0     1   512     0
   887     2     5     0     1     3     5     7     0     1     1     0     1     1     1     1   713     0
   888     2     5     0     1     3     5     7     1     1     1     0     1     1     1     0   526     0
   889     2     5     0     1     3     5     7     1     1     0     0     1     1     0     0   423     0
   890     2     5     0     1     3     5     7     0     0     0     1     1     1     1     1   525     0
   891     1     1     2     2     4     6     8     0     1     0     1     1     3     0     1   594     0
   892     1     3     1     6     8     2     4     1     1     1     1     1     2     1     0   636     0
   893     1     4     1     8     2     4     6     0     0     1     1     0     2     1     1   496     0
   894     2     7     0     5     7     1     3     0     1     1     0     0     3     0     1   530     0
   895     2     7     0     5     7     1     3     1     1     0     0     0     1     1     0   672     0
   896     1     2     2     4     6     8     2     0     0     0     0     1     3     1     1   434     0
