     1     1     3     1     6     8     2     4     0     1     1     1     1     2     0     0   871     0
     2     1     4     1     8     2     4     6     0     1     0     1     1     2     0     0   630     0
     3     1     1     2     2     4     6     8     1     1     1     1     1     2     1     0  1009     0
     4     1     1     2     2     4     6     8     0     0     0     0     0     1     1     1   832     0
     5     2     8     1     7     1     3     5     1     1     0     0     0     3     1     1  1271     1
     6     2     8     1     7     1     3     5     0     0     0     0     1     1     1     1   838     0
     7     2     7     0     5     7     1     3     1     1     1     1     0     2     1     1   818     0
     8     1     4     1     8     2     4     6     0     0     1     0     1     3     1     1   796     1
     9     1     3     1     6     8     2     4     1     0     0     0     1     2     1     0  1500     2
    10     1     3     1     6     8     2     4     0     0     1     1     1     1     1     0   744     0
    11     2     8     1     7     1     3     5     1     1     0     1     0     3     1     1   736     0
    12     2     8     1     7     1     3     5     1     0     1     1     0     1     0     1   626     0
    13     1     3     1     6     8     2     4     1     1     0     1     0     3     0     1  1500     2
    14     1     3     1     6     8     2     4     1     0     1     0     1     1     0     1   963     0
    15     2     8     1     7     1     3     5     0     0     0     1     0     3     1     0   750     0
    16     2     8     1     7     1     3     5     1     1     1     1     0     1     1     1   599     0
    17     1     3     1     6     8     2     4     1     0     0     0     1     3     0     1   684     0
    18     1     4     1     8     2     4     6     1     0     0     0     1     2     0     0  1014     0
    19     2     6     2     3     5     7     1     1     1     0     0     0     3     0     1  1384     0
    20     2     6     2     3     5     7     1     0     1     1     0     0     1     1     0   822     0
    21     2     6     2     3     5     7     1     0     0     1     1     1     1     0     1   744     0
    22     2     6     2     3     5     7     1     1     0     0     1     1     1     1     0   768     0
    23     1     4     1     8     2     4     6     1     0     1     0     0     3     0     0  1123     0
    24     1     4     1     8     2     4     6     1     1     0     1     1     1     0     1   876     0
    25     1     1     2     2     4     6     8     1     1     0     0     1     2     0     0   774     0
    26     1     2     2     4     6     8     2     1     0     0     1     0     2     0     1   880     0
    27     1     1     2     2     4     6     8     0     0     0     1     0     2     1     0  1036     0
    28     1     1     2     2     4     6     8     0     0     1     0     0     1     0     0   809     0
    29     1     3     1     6     8     2     4     1     0     1     1     0     2     1     0  1218     0
    30     1     3     1     6     8     2     4     0     1     0     0     0     1     1     1   844     0
    31     1     3     1     6     8     2     4     1     0     0     1     0     1     1     1  1182     0
    32     1     3     1     6     8     2     4     1     0     1     0     1     1     0     0   957     0
    33     1     4     1     8     2     4     6     1     0     0     1     0     2     0     0  1019     0
    34     1     4     1     8     2     4     6     1     0     0     0     0     1     0     0  1421     1
    35     2     5     0     1     3     5     7     0     0     0     1     1     3     1     0  1274     0
    36     2     8     1     7     1     3     5     1     0     1     1     0     2     1     0   989     0
    37     2     8     1     7     1     3     5     0     0     0     0     0     1     1     0   603     0
    38     2     8     1     7     1     3     5     0     0     1     0     0     1     0     0   509     0
    39     2     6     2     3     5     7     1     0     1     0     1     1     2     0     1  1335     0
    40     1     3     1     6     8     2     4     1     1     1     0     1     3     1     0  1283     0
    41     1     3     1     6     8     2     4     1     1     1     0     1     1     0     0   744     0
    42     1     3     1     6     8     2     4     1     1     1     1     0     1     0     0   738     0
    43     1     4     1     8     2     4     6     1     1     1     0     1     2     0     0  1500     2
    44     1     1     2     2     4     6     8     1     1     0     0     1     2     0     0  1329     0
    45     1     3     1     6     8     2     4     1     1     0     0     0     2     0     0  1019     0
    46     1     2     2     4     6     8     2     0     1     1     0     0     2     1     0   796     0
    47     1     4     1     8     2     4     6     0     1     0     1     1     2     0     0  1500     2
    48     1     4     1     8     2     4     6     1     0     1     1     0     1     1     1  1227     0
    49     2     7     0     5     7     1     3     0     1     0     1     0     3     1     1  1054     0
    50     2     7     0     5     7     1     3     1     0     1     1     0     1     1     1  1201     0
    51     1     1     2     2     4     6     8     0     1     1     0     0     3     1     1  1450     0
    52     1     1     2     2     4     6     8     1     1     0     0     1     1     1     0   806     0
    53     2     6     2     3     5     7     1     1     1     0     0     0     3     0     0  1500     2
    54     2     6     2     3     5     7     1     1     1     1     0     0     1     0     0   766     0
    55     2     6     2     3     5     7     1     0     0     0     1     0     1     1     1   696     0
    56     2     6     2     3     5     7     1     0     0     1     0     0     1     0     0   572     0
    57     2     5     0     1     3     5     7     1     0     1     0     0     2     1     0  1500     2
    58     2     8     1     7     1     3     5     0     1     0     0     0     2     1     1  1040     0
    59     1     2     2     4     6     8     2     1     1     1     1     1     3     1     0  1329     0
    60     1     2     2     4     6     8     2     0     0     1     1     0     1     1     1  1008     1
    61     1     3     1     6     8     2     4     0     1     1     0     0     2     0     1  1299     0
    62     1     1     2     2     4     6     8     1     1     0     0     1     2     1     0  1263     1
    63     2     8     1     7     1     3     5     1     0     0     1     1     3     0     1  1500     2
    64     2     8     1     7     1     3     5     1     1     1     0     0     1     0     1   668     0
    65     2     8     1     7     1     3     5     0     1     0     1     1     1     1     0   526     0
    66     2     6     2     3     5     7     1     0     0     1     0     0     2     0     1   620     0
    67     1     4     1     8     2     4     6     1     0     0     1     0     3     1     0  1307     0
    68     1     4     1     8     2     4     6     0     1     0     1     1     1     1     1   778     0
    69     1     3     1     6     8     2     4     0     0     1     0     0     2     0     1   651     0
    70     1     4     1     8     2     4     6     0     0     1     0     0     2     0     0   636     0
    71     2     7     0     5     7     1     3     1     1     0     1     1     3     1     1  1012     1
    72     1     2     2     4     6     8     2     1     1     1     0     1     3     0     0   875     0
    73     2     5     0     1     3     5     7     0     0     0     1     1     3     1     1   768     0
    74     2     5     0     1     3     5     7     0     1     0     1     1     1     0     1  1186     0
    75     1     4     1     8     2     4     6     0     1     0     0     1     3     0     0   658     0
    76     1     1     2     2     4     6     8     1     0     1     1     1     2     1     1   814     0
    77     2     6     2     3     5     7     1     0     0     0     0     1     3     1     0   653     0
    78     2     6     2     3     5     7     1     0     1     0     0     1     1     0     1   861     0
    79     1     4     1     8     2     4     6     1     1     0     0     0     3     1     0  1190     0
    80     1     4     1     8     2     4     6     0     0     1     0     0     1     1     1  1269     1
    81     2     5     0     1     3     5     7     0     1     1     0     1     3     0     1   848     0
    82     2     5     0     1     3     5     7     0     1     1     1     1     1     0     0   495     0
    83     2     6     2     3     5     7     1     1     1     0     0     0     2     1     0   637     1
    84     2     7     0     5     7     1     3     0     1     0     1     0     2     1     0   932     0
    85     2     6     2     3     5     7     1     1     1     1     1     0     2     1     0  1186     0
    86     2     8     1     7     1     3     5     0     1     1     1     0     2     1     0   665     0
    87     1     3     1     6     8     2     4     0     0     1     1     1     3     0     1   642     0
    88     1     1     2     2     4     6     8     1     0     0     1     1     2     1     0   891     0
    89     2     8     1     7     1     3     5     1     0     1     0     1     3     0     0   819     0
    90     1     1     2     2     4     6     8     1     1     1     0     0     3     0     1   645     0
    91     1     4     1     8     2     4     6     1     0     0     0     0     2     0     1  1001     0
    92     1     4     1     8     2     4     6     1     0     0     0     1     1     0     0   628     0
    93     1     2     2     4     6     8     2     0     0     1     0     1     2     1     0  1040     1
    94     1     3     1     6     8     2     4     0     0     0     1     1     2     0     0   728     0
    95     1     1     2     2     4     6     8     0     1     1     1     0     2     0     1  1059     0
    96     1     2     2     4     6     8     2     0     1     1     1     0     2     0     0   928     0
    97     2     7     0     5     7     1     3     1     1     1     0     1     3     1     0  1145     1
    98     2     7     0     5     7     1     3     1     0     1     0     0     1     0     1  1092     1
    99     2     7     0     5     7     1     3     0     1     0     1     1     1     1     1  1011     0
   100     1     2     2     4     6     8     2     0     0     1     0     0     3     0     1  1119     1
   101     2     6     2     3     5     7     1     1     1     0     1     0     3     1     1  1181     0
   102     1     1     2     2     4     6     8     0     1     1     0     1     3     1     0   890     1
   103     1     1     2     2     4     6     8     1     1     1     0     0     1     1     0   967     0
   104     1     3     1     6     8     2     4     1     1     1     1     1     2     0     0   805     0
   105     1     2     2     4     6     8     2     0     1     0     1     1     2     1     0   968     1
   106     1     2     2     4     6     8     2     1     1     1     1     0     1     1     0  1244     0
   107     1     4     1     8     2     4     6     0     0     1     1     1     2     1     1   875     0
   108     1     2     2     4     6     8     2     1     0     0     1     1     2     1     0  1017     0
   109     1     3     1     6     8     2     4     0     1     1     0     0     2     1     1  1108     1
   110     1     3     1     6     8     2     4     0     0     1     1     0     1     0     1   689     0
   111     1     1     2     2     4     6     8     1     1     0     1     0     2     1     1   832     1
   112     1     2     2     4     6     8     2     1     1     0     0     1     2     0     0  1091     0
   113     1     2     2     4     6     8     2     1     0     0     0     1     1     0     1   952     0
   114     1     2     2     4     6     8     2     0     0     1     1     0     1     1     0   835     0
   115     2     6     2     3     5     7     1     1     0     1     1     0     3     1     0   915     0
   116     2     6     2     3     5     7     1     0     1     1     1     0     1     1     1   989     0
   117     1     2     2     4     6     8     2     0     1     1     1     1     3     0     0   717     0
   118     1     3     1     6     8     2     4     0     0     1     0     1     2     0     1   708     0
   119     2     6     2     3     5     7     1     0     0     0     0     0     3     0     0   646     0
   120     2     8     1     7     1     3     5     0     0     1     0     1     2     0     0   485     0
   121     2     7     0     5     7     1     3     0     1     0     0     1     2     0     1   637     0
   122     2     8     1     7     1     3     5     0     0     1     1     1     2     0     1   747     0
   123     1     3     1     6     8     2     4     1     0     1     0     0     3     1     0   885     1
   124     2     8     1     7     1     3     5     1     0     0     0     1     3     0     0   820     0
   125     2     7     0     5     7     1     3     1     0     1     0     1     2     0     0   700     0
   126     2     6     2     3     5     7     1     1     1     1     1     1     2     0     1   979     0
   127     1     2     2     4     6     8     2     1     1     0     0     0     3     0     0  1409     0
   128     1     2     2     4     6     8     2     1     0     1     1     1     1     0     1   907     1
   129     2     7     0     5     7     1     3     0     1     1     0     0     3     1     1   774     0
   130     2     7     0     5     7     1     3     1     0     1     0     0     1     1     1   551     0
   131     2     6     2     3     5     7     1     0     0     0     0     0     2     1     0   662     0
   132     1     1     2     2     4     6     8     1     1     0     1     0     3     1     1  1120     0
   133     1     1     2     2     4     6     8     0     0     1     0     0     1     1     1   703     0
   134     2     8     1     7     1     3     5     1     1     1     0     0     3     1     1   732     1
   135     2     7     0     5     7     1     3     0     0     0     1     1     2     1     1   722     0
   136     2     7     0     5     7     1     3     0     1     1     1     0     1     0     1   626     0
   137     1     4     1     8     2     4     6     1     1     1     1     0     3     1     0  1188     0
   138     1     4     1     8     2     4     6     0     1     1     0     0     1     1     0  1223     0
   139     1     1     2     2     4     6     8     1     1     0     1     0     2     1     0   922     0
   140     2     8     1     7     1     3     5     0     1     1     1     1     3     1     0   699     0
   141     2     8     1     7     1     3     5     1     1     1     0     0     1     1     0   896     0
   142     2     5     0     1     3     5     7     0     1     1     1     1     2     1     0   824     0
   143     1     3     1     6     8     2     4     0     0     1     0     1     3     0     1   966     0
   144     1     4     1     8     2     4     6     0     0     0     0     0     2     0     0   978     0
   145     1     3     1     6     8     2     4     0     0     1     1     0     2     0     0   631     1
   146     1     3     1     6     8     2     4     0     0     1     1     0     1     0     0   596     0
   147     1     4     1     8     2     4     6     1     1     0     1     0     2     1     1   533     1
   148     1     4     1     8     2     4     6     0     1     1     1     0     1     1     0   813     0
   149     1     1     2     2     4     6     8     1     1     1     1     1     2     1     0   851     0
   150     1     2     2     4     6     8     2     0     0     0     0     0     2     1     1   848     0
   151     1     2     2     4     6     8     2     1     1     0     0     1     1     1     1   970     0
   152     1     2     2     4     6     8     2     0     0     1     1     1     1     1     1   583     0
   153     2     5     0     1     3     5     7     0     0     0     1     0     3     0     0   585     0
   154     1     2     2     4     6     8     2     0     0     1     0     1     3     0     0   526     0
   155     1     4     1     8     2     4     6     1     1     1     1     0     2     1     1   623     1
   156     1     1     2     2     4     6     8     1     0     1     0     1     2     0     1   977     0
   157     1     3     1     6     8     2     4     1     0     1     1     1     2     0     0   758     1
   158     1     3     1     6     8     2     4     1     0     0     0     1     1     0     0   526     0
   159     1     1     2     2     4     6     8     1     0     1     0     0     2     0     0   636     0
   160     1     4     1     8     2     4     6     1     0     1     1     1     2     0     0   974     0
   161     2     8     1     7     1     3     5     0     1     0     0     0     3     1     1   706     0
   162     2     6     2     3     5     7     1     0     0     0     0     1     2     0     1   670     0
   163     2     5     0     1     3     5     7     0     1     0     0     1     2     0     1   845     1
   164     2     5     0     1     3     5     7     0     0     0     0     1     1     0     1   703     0
   165     2     6     2     3     5     7     1     1     1     0     0     1     2     1     1   684     0
   166     2     6     2     3     5     7     1     1     1     1     0     0     1     0     0   505     0
   167     2     7     0     5     7     1     3     1     1     1     0     1     2     0     0   741     0
   168     2     5     0     1     3     5     7     1     1     0     1     0     2     0     0  1222     0
   169     1     2     2     4     6     8     2     0     1     0     0     1     3     1     0   859     0
   170     1     2     2     4     6     8     2     1     0     1     0     0     1     1     1   981     0
   171     2     6     2     3     5     7     1     1     1     0     0     0     3     0     1   761     0
   172     2     5     0     1     3     5     7     1     0     0     1     1     2     0     1  1154     1
   173     1     2     2     4     6     8     2     0     1     1     1     1     3     1     1   695     0
   174     1     3     1     6     8     2     4     1     1     0     0     0     2     1     0   831     0
   175     2     7     0     5     7     1     3     1     1     1     1     0     3     0     0   669     0
   176     2     7     0     5     7     1     3     0     1     0     1     0     1     1     0   614     0
   177     1     4     1     8     2     4     6     1     0     0     0     0     3     1     1  1102     0
   178     1     2     2     4     6     8     2     1     1     0     1     0     2     0     1   797     0
   179     2     6     2     3     5     7     1     1     1     1     1     1     3     0     0   812     0
   180     2     6     2     3     5     7     1     1     1     0     0     0     1     0     0   525     0
   181     1     3     1     6     8     2     4     0     0     1     0     1     3     1     1   858     0
   182     2     8     1     7     1     3     5     0     1     0     1     0     3     0     1   672     0
   183     1     4     1     8     2     4     6     1     1     1     1     1     3     1     0   676     0
   184     1     4     1     8     2     4     6     1     1     0     0     0     1     0     0   609     0
   185     2     8     1     7     1     3     5     1     1     1     0     0     3     0     0   455     0
   186     1     1     2     2     4     6     8     1     0     1     0     0     3     0     1   544     1
   187     2     7     0     5     7     1     3     0     0     0     0     0     3     1     0   686     0
   188     2     6     2     3     5     7     1     1     1     1     0     0     2     1     1   898     0
   189     2     5     0     1     3     5     7     1     1     1     0     1     2     0     0   681     0
   190     2     5     0     1     3     5     7     0     0     0     1     1     1     1     1   627     0
   191     1     1     2     2     4     6     8     0     1     0     1     1     3     0     1   753     1
   192     1     1     2     2     4     6     8     1     1     1     1     1     1     1     0   553     0
   193     1     2     2     4     6     8     2     0     0     0     0     0     2     1     1   933     0
   194     1     2     2     4     6     8     2     0     0     0     0     1     1     0     0   471     0
   195     2     8     1     7     1     3     5     1     1     0     0     0     3     1     1   736     0
   196     2     7     0     5     7     1     3     1     0     0     0     0     2     0     1   597     0
   197     1     1     2     2     4     6     8     0     1     1     0     1     3     1     1   737     0
   198     1     2     2     4     6     8     2     0     0     0     1     1     2     0     1   555     0
   199     1     3     1     6     8     2     4     1     1     0     1     0     2     1     1   754     1
   200     2     8     1     7     1     3     5     1     0     0     1     0     3     0     1   633     0
   201     1     4     1     8     2     4     6     0     1     0     0     1     3     1     1   615     0
   202     1     4     1     8     2     4     6     0     1     1     0     0     1     0     0   460     0
   203     2     7     0     5     7     1     3     1     0     1     0     1     3     1     1   550     1
   204     2     8     1     7     1     3     5     1     1     1     1     0     2     0     1   622     0
   205     2     7     0     5     7     1     3     1     0     0     0     1     2     0     1   705     0
   206     2     7     0     5     7     1     3     0     0     1     1     1     1     1     0   466     0
   207     2     5     0     1     3     5     7     1     0     0     1     0     2     1     0   815     0
   208     2     7     0     5     7     1     3     1     0     0     0     0     2     0     0   472     0
   209     2     7     0     5     7     1     3     0     0     0     0     0     1     1     0   432     0
   210     2     7     0     5     7     1     3     1     1     0     0     0     1     1     1   588     0
   211     1     4     1     8     2     4     6     0     1     1     0     1     3     1     0   864     0
   212     2     7     0     5     7     1     3     0     1     0     1     0     3     0     0   568     1
   213     2     8     1     7     1     3     5     0     0     0     1     1     2     0     1   569     0
   214     2     5     0     1     3     5     7     0     1     0     1     1     2     0     1   686     0
   215     2     5     0     1     3     5     7     1     1     1     1     1     1     1     0   641     0
   216     1     2     2     4     6     8     2     0     1     1     1     1     3     1     0   709     0
   217     2     8     1     7     1     3     5     1     1     1     1     0     3     1     0   477     0
   218     2     5     0     1     3     5     7     0     1     0     1     0     2     1     0   638     0
   219     1     3     1     6     8     2     4     1     0     0     0     1     3     1     1   734     0
   220     1     1     2     2     4     6     8     0     1     0     1     1     2     1     1   647     0
   221     2     8     1     7     1     3     5     1     1     1     1     1     3     1     0   528     0
   222     2     8     1     7     1     3     5     0     0     0     0     1     1     1     1   368     1
   223     1     2     2     4     6     8     2     1     1     0     0     1     3     1     1   826     0
   224     1     2     2     4     6     8     2     0     1     1     0     1     1     1     0   504     0
   225     2     5     0     1     3     5     7     0     0     1     1     0     3     0     1   728     0
   226     2     5     0     1     3     5     7     1     1     1     0     0     1     1     1   542     0
   227     2     5     0     1     3     5     7     0     0     1     1     0     1     1     1   528     0
   228     2     7     0     5     7     1     3     0     1     0     0     0     2     0     1   601     0
   229     1     3     1     6     8     2     4     0     0     0     0     0     3     0     1   555     0
   230     1     3     1     6     8     2     4     1     0     1     0     0     1     1     0   550     0
   231     2     6     2     3     5     7     1     0     1     0     1     1     3     1     1  1105     0
   232     2     6     2     3     5     7     1     1     0     0     0     0     1     1     1   738     0
   233     1     2     2     4     6     8     2     1     0     1     0     0     3     0     0   785     0
   234     1     2     2     4     6     8     2     1     0     0     1     0     1     0     0   448     0
   235     2     6     2     3     5     7     1     1     1     1     0     0     3     0     1   605     0
   236     2     5     0     1     3     5     7     1     0     1     0     0     2     0     1   617     0
   237     1     4     1     8     2     4     6     0     0     0     0     0     3     1     0   439     0
   238     2     5     0     1     3     5     7     1     1     1     0     0     3     1     1   721     0
   239     2     7     0     5     7     1     3     0     0     1     1     1     2     1     1   703     0
   240     2     7     0     5     7     1     3     0     0     1     0     1     1     0     0   440     0
   241     2     5     0     1     3     5     7     0     1     0     0     1     2     0     1   571     0
   242     2     5     0     1     3     5     7     0     1     1     0     0     1     0     0   571     0
   243     2     8     1     7     1     3     5     1     0     0     0     0     2     1     1   484     1
   244     2     8     1     7     1     3     5     1     1     1     0     1     1     0     1   703     0
   245     2     5     0     1     3     5     7     1     0     0     1     1     2     0     1   806     0
   246     2     5     0     1     3     5     7     0     0     0     1     0     1     1     0   926     1
   247     1     1     2     2     4     6     8     0     1     1     0     1     3     0     1   763     0
   248     1     1     2     2     4     6     8     1     0     0     0     0     1     1     1   825     0
   249     1     4     1     8     2     4     6     1     1     0     0     0     2     0     1   892     1
   250     1     4     1     8     2     4     6     1     0     1     1     1     1     0     1   721     1
   251     1     4     1     8     2     4     6     0     0     0     1     0     1     1     0   609     0
   252     1     1     2     2     4     6     8     0     1     1     0     1     2     0     1   557     0
   253     2     7     0     5     7     1     3     1     1     1     1     0     3     1     0  1089     1
   254     2     8     1     7     1     3     5     1     0     1     1     0     2     0     1   572     0
   255     1     1     2     2     4     6     8     1     1     1     1     0     3     0     1   944     1
   256     1     1     2     2     4     6     8     0     1     1     1     0     1     1     0   607     0
   257     2     7     0     5     7     1     3     0     1     1     1     1     3     0     0   744     0
   258     2     8     1     7     1     3     5     1     0     0     0     0     2     1     1   515     0
   259     1     3     1     6     8     2     4     1     1     0     1     1     3     0     1   603     0
   260     1     4     1     8     2     4     6     0     0     1     0     0     2     1     1   805     0
   261     1     4     1     8     2     4     6     1     1     0     1     1     1     1     1   537     0
   262     1     1     2     2     4     6     8     1     1     0     1     1     2     0     0   757     0
   263     1     3     1     6     8     2     4     0     1     1     1     0     2     1     0   683     0
   264     1     4     1     8     2     4     6     0     1     1     1     0     2     0     0   492     0
   265     1     3     1     6     8     2     4     1     0     0     0     0     2     1     1   544     0
   266     1     3     1     6     8     2     4     1     0     0     0     1     1     0     0   469     0
   267     2     6     2     3     5     7     1     1     0     1     0     0     3     0     0   520     0
   268     1     3     1     6     8     2     4     1     0     0     1     0     3     0     0   564     0
   269     1     2     2     4     6     8     2     0     0     0     0     1     2     1     0   440     0
   270     2     7     0     5     7     1     3     0     0     1     1     1     3     0     0   490     0
   271     1     3     1     6     8     2     4     1     1     0     1     0     3     1     1   578     0
   272     1     3     1     6     8     2     4     0     1     1     1     0     1     1     0   585     0
   273     2     8     1     7     1     3     5     0     0     1     1     1     3     0     1   376     1
   274     2     8     1     7     1     3     5     0     0     0     0     1     1     0     0   565     0
   275     1     1     2     2     4     6     8     0     0     0     1     1     3     0     0   624     0
   276     1     1     2     2     4     6     8     1     1     0     0     1     1     1     1   632     1
   277     1     3     1     6     8     2     4     1     0     0     1     0     2     0     1   612     0
   278     2     6     2     3     5     7     1     0     1     1     1     1     3     1     1   556     0
   279     2     6     2     3     5     7     1     0     0     1     1     1     1     0     1   501     0
   280     2     7     0     5     7     1     3     0     1     0     0     0     2     0     1   543     0
   281     2     7     0     5     7     1     3     0     1     1     0     0     1     0     0   503     0
   282     1     4     1     8     2     4     6     1     1     0     1     1     3     1     0   922     0
   283     1     4     1     8     2     4     6     1     1     0     0     1     1     0     0   496     0
   284     1     4     1     8     2     4     6     1     1     0     1     0     1     0     0   445     0
   285     1     4     1     8     2     4     6     0     0     0     0     0     1     1     1   562     0
   286     1     4     1     8     2     4     6     1     1     1     0     0     1     1     1   474     0
   287     2     5     0     1     3     5     7     0     0     1     1     0     3     1     1   680     0
   288     2     5     0     1     3     5     7     0     0     1     0     1     1     0     0   476     0
   289     1     3     1     6     8     2     4     1     0     0     1     1     3     1     0   602     1
   290     1     3     1     6     8     2     4     0     0     1     0     0     1     1     0   721     1
   291     2     8     1     7     1     3     5     0     1     1     0     1     3     0     1   466     1
   292     2     8     1     7     1     3     5     0     1     1     1     1     1     0     0   479     0
   293     1     1     2     2     4     6     8     1     0     0     0     1     3     1     1   721     0
   294     1     3     1     6     8     2     4     1     1     1     0     0     2     0     1   687     0
   295     1     2     2     4     6     8     2     0     0     1     1     0     2     1     1   724     0
   296     1     2     2     4     6     8     2     0     0     1     0     0     1     0     0   653     0
   297     2     8     1     7     1     3     5     0     1     1     1     1     3     0     1   524     0
   298     2     8     1     7     1     3     5     0     1     1     1     0     1     0     0   504     0
   299     2     8     1     7     1     3     5     0     0     0     1     1     1     0     1   538     0
   300     1     3     1     6     8     2     4     0     1     0     1     1     3     0     1   490     0
   301     1     2     2     4     6     8     2     1     1     1     1     1     2     1     0   676     0
   302     1     2     2     4     6     8     2     1     0     0     1     0     1     0     1   529     0
   303     2     5     0     1     3     5     7     1     0     1     0     0     3     0     0   966     1
   304     1     4     1     8     2     4     6     1     1     1     1     1     3     0     1   581     0
   305     1     2     2     4     6     8     2     0     1     0     1     0     2     1     0   862     0
   306     1     2     2     4     6     8     2     1     1     0     0     0     1     1     0   657     0
   307     1     3     1     6     8     2     4     0     0     0     0     1     2     1     1   818     0
   308     1     3     1     6     8     2     4     0     1     1     1     1     1     0     1   515     0
   309     2     8     1     7     1     3     5     1     0     1     0     1     3     1     1   594     0
   310     2     8     1     7     1     3     5     0     1     1     1     0     1     1     1   432     0
   311     2     6     2     3     5     7     1     1     1     1     0     0     2     1     0   694     0
   312     2     6     2     3     5     7     1     0     0     1     0     0     1     1     1   563     1
   313     1     3     1     6     8     2     4     0     1     1     0     1     3     0     1   558     0
   314     1     3     1     6     8     2     4     0     0     0     1     1     1     0     1   567     0
   315     1     2     2     4     6     8     2     1     1     1     1     1     2     1     1   724     0
   316     1     3     1     6     8     2     4     1     1     0     1     1     2     0     0   482     0
   317     1     3     1     6     8     2     4     1     0     1     1     1     1     0     1   610     1
   318     1     2     2     4     6     8     2     0     0     1     0     0     2     1     0   784     0
   319     1     1     2     2     4     6     8     1     0     0     0     1     2     1     0   752     1
   320     1     2     2     4     6     8     2     1     1     1     0     1     2     0     1   522     0
   321     1     2     2     4     6     8     2     1     0     0     0     0     1     0     1   511     0
   322     1     3     1     6     8     2     4     0     1     1     0     0     2     1     1   579     0
   323     1     2     2     4     6     8     2     0     1     0     1     1     2     0     0  1061     0
   324     2     7     0     5     7     1     3     0     0     0     0     1     3     0     1   634     0
   325     1     3     1     6     8     2     4     1     0     1     0     1     3     1     0   617     0
   326     1     4     1     8     2     4     6     0     1     1     1     1     2     1     1   634     0
   327     2     5     0     1     3     5     7     1     1     1     0     0     3     1     0   729     0
   328     1     2     2     4     6     8     2     0     1     0     0     1     3     1     0   824     0
   329     1     1     2     2     4     6     8     1     1     1     1     1     2     1     0   619     0
   330     1     1     2     2     4     6     8     0     0     0     0     1     1     1     1   816     0
   331     1     3     1     6     8     2     4     1     1     0     1     0     2     1     1   604     0
   332     1     3     1     6     8     2     4     0     1     1     1     0     1     1     0   469     0
   333     2     7     0     5     7     1     3     1     1     1     0     1     3     1     0   544     0
   334     2     7     0     5     7     1     3     0     0     1     0     0     1     1     1   674     0
   335     2     7     0     5     7     1     3     0     1     1     0     0     1     0     1   679     0
   336     2     7     0     5     7     1     3     0     1     1     1     1     1     0     0   512     0
   337     2     7     0     5     7     1     3     0     0     1     1     1     1     0     1   648     0
   338     2     7     0     5     7     1     3     0     0     1     0     1     1     0     0   200     1
   339     2     5     0     1     3     5     7     1     0     0     0     0     2     1     0   618     0
   340     2     5     0     1     3     5     7     0     1     0     1     1     1     1     1   554     0
   341     1     2     2     4     6     8     2     1     1     1     1     0     3     1     0   647     0
   342     1     2     2     4     6     8     2     0     1     1     1     1     1     1     0   570     0
   343     2     8     1     7     1     3     5     0     1     0     0     1     3     0     0   568     0
   344     1     3     1     6     8     2     4     0     1     1     1     1     3     0     0   374     0
   345     2     8     1     7     1     3     5     1     1     1     0     1     3     1     0   614     0
   346     2     5     0     1     3     5     7     0     1     1     1     1     2     1     0   686     0
   347     1     1     2     2     4     6     8     1     1     1     0     0     3     1     0   918     0
   348     1     1     2     2     4     6     8     0     0     0     1     0     1     1     1   428     0
   349     2     7     0     5     7     1     3     1     0     1     0     0     3     1     0   662     1
   350     2     7     0     5     7     1     3     0     1     0     1     1     1     1     1   596     0
   351     1     4     1     8     2     4     6     1     1     1     1     1     3     1     0   567     0
   352     1     4     1     8     2     4     6     0     0     0     1     1     1     1     1   687     0
   353     2     7     0     5     7     1     3     0     0     0     1     1     3     0     0   616     0
   354     2     7     0     5     7     1     3     0     1     0     0     1     1     0     1   530     0
   355     1     2     2     4     6     8     2     0     0     1     1     1     3     0     1   603     0
   356     1     2     2     4     6     8     2     1     0     0     1     1     1     1     0   490     0
   357     2     5     0     1     3     5     7     1     1     0     0     0     3     0     1   497     1
   358     1     4     1     8     2     4     6     0     1     0     1     0     3     1     0   705     0
   359     2     5     0     1     3     5     7     0     1     1     0     0     3     0     0   435     0
   360     2     6     2     3     5     7     1     1     1     0     0     1     2     1     0   647     0
   361     1     1     2     2     4     6     8     1     0     1     1     0     3     0     1   596     0
   362     1     1     2     2     4     6     8     1     0     0     1     1     1     0     0   509     0
   363     2     5     0     1     3     5     7     0     1     1     1     0     3     1     1   512     0
   364     2     6     2     3     5     7     1     0     1     1     1     0     2     0     0   490     0
   365     2     6     2     3     5     7     1     1     1     0     1     0     1     1     0   465     0
   366     2     6     2     3     5     7     1     0     1     1     0     1     1     1     0   453     0
   367     2     6     2     3     5     7     1     0     1     0     1     0     1     0     0   358     0
   368     2     6     2     3     5     7     1     1     1     0     0     0     1     1     0   432     0
   369     2     7     0     5     7     1     3     0     0     0     0     0     2     1     1   717     0
   370     1     2     2     4     6     8     2     1     0     1     1     1     3     1     0   497     0
   371     2     6     2     3     5     7     1     1     0     1     1     0     3     0     0   518     0
   372     2     6     2     3     5     7     1     0     0     1     0     1     1     1     0   402     0
   373     2     6     2     3     5     7     1     1     1     1     0     1     1     1     1   798     1
   374     1     3     1     6     8     2     4     1     1     0     0     1     3     0     0   812     0
   375     2     7     0     5     7     1     3     0     1     1     0     1     3     1     0   624     0
   376     2     7     0     5     7     1     3     0     1     1     1     0     1     0     0   408     0
   377     2     5     0     1     3     5     7     1     1     1     0     0     2     1     0   980     0
   378     2     5     0     1     3     5     7     1     0     0     0     0     1     0     1   812     0
   379     1     3     1     6     8     2     4     0     1     0     1     1     3     1     1   662     0
   380     1     3     1     6     8     2     4     1     0     0     1     0     1     1     1   585     0
   381     1     2     2     4     6     8     2     0     0     0     0     0     2     1     0   454     0
   382     1     4     1     8     2     4     6     0     0     1     1     1     2     0     0  1035     0
   383     1     2     2     4     6     8     2     0     0     1     0     0     2     0     0   479     0
   384     1     2     2     4     6     8     2     0     0     0     0     0     1     0     0   441     0
   385     1     4     1     8     2     4     6     0     1     1     1     0     2     0     1   614     0
   386     2     5     0     1     3     5     7     0     1     0     1     0     3     0     0   564     0
   387     1     3     1     6     8     2     4     0     0     1     0     0     3     0     1   725     0
   388     1     3     1     6     8     2     4     1     1     1     1     1     1     1     1   660     0
   389     1     2     2     4     6     8     2     0     0     1     1     1     2     1     1   505     0
   390     1     3     1     6     8     2     4     1     1     1     0     1     2     1     1   588     0
   391     2     7     0     5     7     1     3     0     0     1     1     1     3     1     1   608     0
   392     2     7     0     5     7     1     3     0     0     1     1     0     1     0     0   526     0
   393     1     1     2     2     4     6     8     0     0     0     0     0     3     0     0   726     0
   394     1     1     2     2     4     6     8     1     1     1     1     0     1     1     1   645     0
   395     2     7     0     5     7     1     3     0     0     0     1     1     3     1     1   515     0
   396     2     7     0     5     7     1     3     0     1     0     1     1     1     0     1   534     0
   397     1     2     2     4     6     8     2     1     1     1     1     1     3     1     0   814     0
   398     1     2     2     4     6     8     2     1     1     0     0     1     1     0     0  1077     0
   399     1     3     1     6     8     2     4     0     1     1     1     0     2     1     0   918     0
   400     1     3     1     6     8     2     4     1     0     0     0     0     1     1     1  1101     0
   401     2     7     0     5     7     1     3     0     0     0     1     1     3     1     0   477     0
   402     2     8     1     7     1     3     5     0     0     1     1     0     2     0     0   481     0
   403     2     6     2     3     5     7     1     0     1     1     0     0     2     0     1   760     0
   404     2     6     2     3     5     7     1     1     1     0     1     1     1     1     0   568     0
   405     2     7     0     5     7     1     3     0     1     0     0     1     2     1     0   656     0
   406     2     5     0     1     3     5     7     1     1     0     1     0     2     1     0   691     0
   407     2     7     0     5     7     1     3     0     1     0     0     1     2     1     0   772     0
   408     2     7     0     5     7     1     3     0     0     0     0     0     1     0     1   364     1
   409     2     5     0     1     3     5     7     1     0     0     1     1     2     1     0   848     0
   410     2     8     1     7     1     3     5     1     1     1     0     1     2     0     1   905     0
   411     2     5     0     1     3     5     7     1     1     1     0     1     2     0     0   584     0
   412     2     5     0     1     3     5     7     1     1     0     0     1     1     0     0   402     0
   413     1     4     1     8     2     4     6     0     0     1     0     0     3     1     1   522     0
   414     1     3     1     6     8     2     4     0     0     1     1     1     2     0     0   711     1
   415     1     3     1     6     8     2     4     0     1     0     1     0     1     0     1   548     0
   416     2     8     1     7     1     3     5     0     1     0     0     1     3     0     0   470     0
   417     2     8     1     7     1     3     5     0     1     0     0     0     1     0     0   409     0
   418     2     8     1     7     1     3     5     0     0     0     0     1     1     0     1   531     0
   419     2     8     1     7     1     3     5     1     0     0     1     1     1     1     0   513     0
   420     2     8     1     7     1     3     5     0     0     1     1     0     1     1     0   412     0
   421     1     4     1     8     2     4     6     0     1     0     0     1     3     0     1   537     0
   422     1     4     1     8     2     4     6     0     0     0     0     1     1     0     1   481     0
   423     2     6     2     3     5     7     1     1     0     0     1     0     3     1     0   614     1
   424     2     6     2     3     5     7     1     0     0     0     1     0     1     1     0   491     0
   425     1     2     2     4     6     8     2     0     0     0     1     0     3     0     0   553     0
   426     1     2     2     4     6     8     2     0     0     1     1     0     1     0     0   413     0
   427     2     6     2     3     5     7     1     0     1     1     0     0     3     0     1   533     0
   428     2     6     2     3     5     7     1     1     1     0     0     0     1     1     0   743     0
   429     1     4     1     8     2     4     6     1     1     1     0     1     3     0     0   813     0
   430     2     7     0     5     7     1     3     1     0     1     0     0     3     0     1   620     0
   431     1     3     1     6     8     2     4     1     1     0     0     1     3     0     1   891     0
   432     1     2     2     4     6     8     2     0     0     0     0     0     2     1     1   478     0
   433     2     8     1     7     1     3     5     0     0     0     0     1     3     0     0   614     0
   434     2     8     1     7     1     3     5     1     0     1     0     0     1     1     0   475     0
   435     2     7     0     5     7     1     3     1     0     0     1     0     2     0     0   655     0
   436     2     7     0     5     7     1     3     1     1     0     0     1     1     0     1   640     0
   437     1     2     2     4     6     8     2     0     1     0     0     0     3     1     0   595     0
   438     1     3     1     6     8     2     4     1     0     0     0     1     2     1     1   371     1
   439     2     5     0     1     3     5     7     0     0     1     0     1     3     1     0   849     0
   440     2     5     0     1     3     5     7     1     0     0     1     0     1     1     0   528     0
   441     2     7     0     5     7     1     3     0     1     1     1     1     2     1     1   648     1
   442     2     7     0     5     7     1     3     1     0     1     0     0     1     1     1   458     0
   443     1     2     2     4     6     8     2     0     0     0     1     0     3     1     0   430     0
   444     1     4     1     8     2     4     6     1     1     1     0     0     2     1     1   674     1
   445     1     3     1     6     8     2     4     1     0     0     0     1     2     0     1   994     0
   446     1     3     1     6     8     2     4     1     0     1     0     0     1     0     0   481     0
   447     1     3     1     6     8     2     4     0     1     0     0     1     1     1     1   573     0
   448     1     3     1     6     8     2     4     1     1     1     0     0     1     1     0   656     0
   449     1     1     2     2     4     6     8     1     0     1     1     1     2     0     1   640     1
   450     1     1     2     2     4     6     8     1     0     1     0     0     1     0     0   487     0
   451     2     5     0     1     3     5     7     1     0     0     0     0     3     0     0   671     0
   452     2     5     0     1     3     5     7     1     1     0     1     0     1     0     1   348     1
   453     2     5     0     1     3     5     7     1     1     1     1     1     1     0     0   556     0
   454     1     2     2     4     6     8     2     1     1     1     1     0     3     0     0   939     0
   455     1     1     2     2     4     6     8     1     1     1     0     1     2     0     0   567     0
   456     1     1     2     2     4     6     8     0     0     0     0     0     1     1     1   580     1
   457     2     5     0     1     3     5     7     1     0     1     1     1     3     1     0   672     0
   458     2     5     0     1     3     5     7     0     0     1     0     1     1     1     0   461     0
   459     2     6     2     3     5     7     1     0     0     0     0     0     2     0     0   738     0
   460     2     7     0     5     7     1     3     0     0     1     1     1     2     0     0   610     0
   461     2     5     0     1     3     5     7     0     0     1     1     1     2     0     0   631     0
   462     2     5     0     1     3     5     7     1     1     0     1     0     1     1     1   672     0
   463     1     1     2     2     4     6     8     0     0     1     0     0     3     1     1   685     0
   464     1     3     1     6     8     2     4     1     1     1     1     1     2     1     1   629     0
   465     2     7     0     5     7     1     3     0     1     0     1     0     3     1     0   718     0
   466     2     7     0     5     7     1     3     0     1     0     1     1     1     0     0   680     0
   467     2     8     1     7     1     3     5     0     1     1     0     0     2     0     0   509     0
   468     2     5     0     1     3     5     7     0     0     0     1     0     2     0     1   582     0
   469     2     6     2     3     5     7     1     1     0     1     1     0     2     1     0   676     0
   470     2     6     2     3     5     7     1     1     1     0     1     0     1     0     1   554     0
   471     2     8     1     7     1     3     5     0     1     1     1     1     2     1     0   555     0
   472     2     8     1     7     1     3     5     1     0     0     1     1     1     1     1   702     0
   473     2     5     0     1     3     5     7     0     0     0     1     0     2     1     0   758     0
   474     2     5     0     1     3     5     7     0     1     1     0     1     1     0     1   754     0
   475     1     2     2     4     6     8     2     1     1     1     0     1     3     1     0   603     0
   476     1     1     2     2     4     6     8     1     1     0     0     0     2     0     0   663     0
   477     2     8     1     7     1     3     5     1     0     1     1     0     3     0     1   619     0
   478     2     8     1     7     1     3     5     0     1     0     0     1     1     1     1   504     0
   479     1     2     2     4     6     8     2     1     1     1     1     0     3     1     0   561     0
   480     1     2     2     4     6     8     2     1     1     0     0     0     1     0     0   547     0
   481     2     8     1     7     1     3     5     1     1     0     0     1     3     0     0   510     1
   482     1     1     2     2     4     6     8     0     0     1     1     1     3     1     1   507     1
   483     1     4     1     8     2     4     6     1     1     0     1     0     2     1     1   728     0
   484     1     4     1     8     2     4     6     1     0     1     1     0     1     0     1   572     0
   485     1     3     1     6     8     2     4     0     0     1     1     0     2     1     0   960     0
   486     1     3     1     6     8     2     4     0     0     1     1     1     1     0     0   443     0
   487     1     1     2     2     4     6     8     1     1     0     0     0     2     1     1   478     1
   488     1     1     2     2     4     6     8     1     0     1     1     0     1     0     1   521     0
   489     1     1     2     2     4     6     8     0     1     1     0     1     1     1     1   812     0
   490     1     1     2     2     4     6     8     0     1     1     0     1     1     0     0   495     0
   491     1     4     1     8     2     4     6     1     1     1     0     1     2     1     0   487     0
   492     2     5     0     1     3     5     7     1     1     1     0     1     3     0     0   386     0
   493     2     6     2     3     5     7     1     1     0     0     0     0     2     0     1   613     0
   494     2     7     0     5     7     1     3     1     1     1     1     1     2     0     1   742     0
   495     1     1     2     2     4     6     8     0     0     1     1     1     3     1     1   680     0
   496     1     1     2     2     4     6     8     1     0     0     1     1     1     1     0   695     0
   497     1     4     1     8     2     4     6     0     1     1     0     0     2     1     1   631     0
   498     1     4     1     8     2     4     6     1     1     1     0     1     1     1     0   475     0
   499     1     4     1     8     2     4     6     1     0     0     1     0     1     0     1   373     1
   500     1     2     2     4     6     8     2     1     1     0     1     1     2     0     1  1022     0
   501     2     7     0     5     7     1     3     0     0     0     0     1     3     1     1   677     0
   502     2     7     0     5     7     1     3     0     1     1     1     0     1     0     1   602     0
   503     2     7     0     5     7     1     3     0     1     0     0     0     1     0     0   710     0
   504     2     5     0     1     3     5     7     1     1     0     0     0     2     1     0   946     0
   505     2     6     2     3     5     7     1     1     0     1     0     0     2     0     1   721     0
   506     2     7     0     5     7     1     3     0     0     0     0     0     2     1     0   619     0
   507     2     7     0     5     7     1     3     1     1     1     0     1     1     1     1   477     0
   508     2     7     0     5     7     1     3     0     0     1     1     1     1     1     1   532     0
   509     1     2     2     4     6     8     2     1     1     0     1     0     3     1     1   635     0
   510     1     2     2     4     6     8     2     1     1     1     1     1     1     0     0   462     0
   511     2     7     0     5     7     1     3     0     0     0     1     0     3     1     1   414     1
   512     2     7     0     5     7     1     3     1     1     0     0     0     1     1     1   917     0
   513     2     8     1     7     1     3     5     0     0     0     0     1     2     1     1   599     1
   514     2     7     0     5     7     1     3     0     1     0     1     0     2     0     1   580     0
   515     1     3     1     6     8     2     4     0     1     1     0     0     3     0     0   502     0
   516     1     1     2     2     4     6     8     1     0     0     0     1     2     1     1  1020     0
   517     2     5     0     1     3     5     7     1     0     1     0     0     3     0     0   605     0
   518     2     5     0     1     3     5     7     1     1     1     1     1     1     0     1   553     0
   519     1     4     1     8     2     4     6     0     1     1     0     0     3     1     0   572     0
   520     1     4     1     8     2     4     6     0     1     0     1     0     1     0     0   452     0
   521     1     2     2     4     6     8     2     0     0     0     1     0     2     0     1   423     0
   522     2     5     0     1     3     5     7     0     0     0     0     0     3     0     0   563     1
   523     1     1     2     2     4     6     8     1     1     1     0     0     3     1     1  1080     0
   524     2     6     2     3     5     7     1     1     0     1     0     0     3     0     1   549     0
   525     1     4     1     8     2     4     6     0     0     0     0     0     3     1     0   541     0
   526     2     7     0     5     7     1     3     0     1     1     0     1     3     0     1   633     0
   527     1     4     1     8     2     4     6     1     0     0     1     1     3     1     1   707     1
   528     1     4     1     8     2     4     6     1     1     0     1     0     1     0     1   569     0
   529     2     6     2     3     5     7     1     0     0     0     1     0     3     1     1   500     0
   530     2     7     0     5     7     1     3     0     1     1     1     0     2     0     1   596     0
   531     1     2     2     4     6     8     2     1     0     0     0     1     3     1     1   693     0
   532     1     2     2     4     6     8     2     0     0     1     1     0     1     1     0   566     0
   533     2     6     2     3     5     7     1     1     1     0     1     0     3     1     1   848     0
   534     2     6     2     3     5     7     1     0     1     1     0     1     1     1     0   443     0
   535     2     8     1     7     1     3     5     0     1     0     1     1     2     0     0   385     0
   536     2     8     1     7     1     3     5     0     1     0     1     1     1     0     0   354     0
   537     1     1     2     2     4     6     8     1     1     1     1     1     3     1     0   511     0
   538     1     1     2     2     4     6     8     0     0     1     1     1     1     1     1   585     0
   539     2     5     0     1     3     5     7     1     1     0     1     0     3     1     1   955     0
   540     2     6     2     3     5     7     1     1     0     1     1     0     2     0     1   533     0
   541     2     6     2     3     5     7     1     1     1     0     1     0     1     0     1   490     0
   542     2     6     2     3     5     7     1     0     1     1     0     0     1     1     0   548     0
   543     2     5     0     1     3     5     7     0     1     0     0     0     2     0     0   727     0
   544     2     5     0     1     3     5     7     1     1     1     1     1     1     1     0   491     0
   545     2     5     0     1     3     5     7     0     1     0     1     1     1     1     0   617     0
   546     2     5     0     1     3     5     7     0     1     1     1     1     1     0     0   433     0
   547     1     2     2     4     6     8     2     0     1     1     1     1     3     0     0   465     0
   548     1     1     2     2     4     6     8     0     1     0     1     0     2     0     0   451     0
   549     2     7     0     5     7     1     3     0     1     0     0     1     3     0     0   804     0
   550     2     7     0     5     7     1     3     0     1     1     0     0     1     0     0   769     1
   551     1     1     2     2     4     6     8     0     1     0     0     0     3     0     0   648     0
   552     2     8     1     7     1     3     5     0     1     1     0     0     3     0     0   423     0
   553     1     4     1     8     2     4     6     0     1     0     0     1     3     0     0   425     0
   554     1     4     1     8     2     4     6     0     1     0     0     0     1     0     0   355     0
   555     1     4     1     8     2     4     6     1     0     0     1     0     1     1     1   510     0
   556     1     4     1     8     2     4     6     0     1     1     0     1     1     1     1   605     0
   557     2     8     1     7     1     3     5     1     0     1     0     1     3     1     1   807     0
   558     2     6     2     3     5     7     1     1     1     1     1     1     2     0     1   535     0
   559     2     8     1     7     1     3     5     1     0     1     1     1     2     0     1   545     0
   560     2     7     0     5     7     1     3     0     1     1     0     1     2     1     1   418     0
   561     2     5     0     1     3     5     7     0     0     1     1     0     2     0     1   616     0
   562     2     5     0     1     3     5     7     1     0     1     1     0     1     1     0   379     0
   563     1     3     1     6     8     2     4     1     1     1     1     0     3     0     1   453     0
   564     1     3     1     6     8     2     4     0     1     1     1     0     1     1     0   459     0
   565     2     7     0     5     7     1     3     1     1     0     1     0     3     1     0   731     0
   566     2     7     0     5     7     1     3     0     1     1     0     1     1     1     0   518     0
   567     2     5     0     1     3     5     7     0     0     1     1     0     2     0     1   506     0
   568     2     5     0     1     3     5     7     1     0     0     1     1     1     1     0   532     0
   569     2     7     0     5     7     1     3     1     1     1     1     1     2     0     1   449     0
   570     2     7     0     5     7     1     3     0     0     0     1     1     1     1     1   526     0
   571     2     7     0     5     7     1     3     1     1     0     0     0     1     1     1   604     0
   572     1     4     1     8     2     4     6     1     1     0     1     1     3     0     0   560     0
   573     1     4     1     8     2     4     6     1     1     1     1     1     1     0     0   390     0
   574     1     4     1     8     2     4     6     0     0     0     1     1     1     1     1   491     0
   575     1     3     1     6     8     2     4     1     0     1     1     0     2     1     0   669     1
   576     1     3     1     6     8     2     4     1     1     0     0     0     1     0     1   569     0
   577     2     8     1     7     1     3     5     0     0     1     0     1     3     1     1   494     0
   578     2     6     2     3     5     7     1     0     1     0     0     0     2     0     1   621     0
   579     2     6     2     3     5     7     1     0     0     0     0     1     1     0     1   584     0
   580     1     1     2     2     4     6     8     0     1     0     1     0     3     0     1   541     1
   581     1     4     1     8     2     4     6     0     1     0     0     1     2     0     0   637     0
   582     1     4     1     8     2     4     6     1     0     1     1     0     1     1     1   728     1
   583     2     8     1     7     1     3     5     0     0     1     1     1     3     1     0   557     0
   584     2     8     1     7     1     3     5     1     0     0     1     1     1     1     0   506     0
   585     2     8     1     7     1     3     5     1     0     0     1     0     1     0     0   429     0
   586     2     8     1     7     1     3     5     0     1     1     0     0     1     1     1   507     0
   587     2     5     0     1     3     5     7     0     1     0     1     1     2     0     0   516     0
   588     2     6     2     3     5     7     1     1     1     1     0     1     2     1     0   727     0
   589     2     7     0     5     7     1     3     0     1     0     0     0     2     1     0   577     0
   590     2     7     0     5     7     1     3     0     0     1     0     1     1     0     1   697     0
   591     2     7     0     5     7     1     3     1     1     0     1     1     1     1     1   573     0
   592     2     7     0     5     7     1     3     0     0     0     0     0     1     1     1  1154     0
   593     2     6     2     3     5     7     1     1     1     1     0     1     2     1     1   621     0
   594     2     6     2     3     5     7     1     0     0     0     1     0     1     1     1   632     0
   595     2     8     1     7     1     3     5     1     0     1     0     1     2     1     0   734     0
   596     1     3     1     6     8     2     4     0     1     0     1     1     3     1     1   400     0
   597     2     5     0     1     3     5     7     0     0     1     0     1     3     0     1   674     1
   598     2     5     0     1     3     5     7     0     1     0     0     0     1     0     1   498     0
   599     2     7     0     5     7     1     3     0     1     0     0     0     2     0     0   468     0
   600     2     8     1     7     1     3     5     1     1     0     1     1     2     1     0   372     0
   601     1     3     1     6     8     2     4     1     0     1     0     0     3     0     1   776     0
   602     1     3     1     6     8     2     4     0     1     0     0     0     1     1     1   602     0
   603     2     8     1     7     1     3     5     0     1     0     0     0     3     0     0   450     0
   604     2     8     1     7     1     3     5     1     0     0     0     1     1     1     1   748     1
   605     2     8     1     7     1     3     5     1     0     1     0     1     1     0     0   476     0
   606     2     8     1     7     1     3     5     0     0     1     0     0     1     1     0   405     0
   607     1     4     1     8     2     4     6     1     0     1     0     0     3     1     0   641     0
   608     2     5     0     1     3     5     7     0     0     0     0     0     3     1     0   801     0
   609     2     6     2     3     5     7     1     0     1     1     0     0     2     0     1   549     0
   610     2     6     2     3     5     7     1     0     0     0     1     0     1     0     1   425     0
   611     1     1     2     2     4     6     8     1     0     0     1     0     3     1     0   565     0
   612     2     8     1     7     1     3     5     1     0     0     0     1     3     0     0   430     0
   613     2     8     1     7     1     3     5     1     0     1     1     1     1     0     0   427     0
   614     2     8     1     7     1     3     5     0     0     0     0     0     1     1     0   407     0
   615     2     8     1     7     1     3     5     1     0     1     0     0     1     1     0   433     0
   616     2     5     0     1     3     5     7     0     1     1     1     1     2     1     1   523     0
   617     2     8     1     7     1     3     5     0     1     1     1     1     2     0     0   427     0
   618     2     5     0     1     3     5     7     0     1     1     1     0     2     0     0   480     0
   619     1     4     1     8     2     4     6     0     1     0     0     1     3     0     0   594     1
   620     1     4     1     8     2     4     6     0     0     1     1     1     1     0     1   566     0
   621     1     2     2     4     6     8     2     0     1     0     1     1     2     0     1   512     0
   622     1     2     2     4     6     8     2     0     1     1     0     1     1     0     0   412     0
   623     1     1     2     2     4     6     8     0     0     1     0     0     2     0     1   627     0
   624     2     6     2     3     5     7     1     0     0     1     0     0     3     0     0   423     0
   625     2     6     2     3     5     7     1     0     1     0     1     1     1     0     1   513     0
   626     2     6     2     3     5     7     1     1     1     1     1     0     1     1     0   493     0
   627     1     3     1     6     8     2     4     0     1     1     1     0     3     1     0   453     1
   628     1     3     1     6     8     2     4     1     0     0     0     1     1     1     1  1001     0
   629     1     2     2     4     6     8     2     0     1     1     1     1     2     1     1   447     0
   630     1     2     2     4     6     8     2     1     0     1     0     0     1     1     1   472     0
   631     2     7     0     5     7     1     3     0     1     0     0     0     3     1     1   574     0
   632     2     7     0     5     7     1     3     1     0     0     1     0     1     1     1   507     0
   633     2     6     2     3     5     7     1     1     0     0     1     0     2     0     0   514     0
   634     2     6     2     3     5     7     1     0     1     1     1     1     1     1     1   462     0
   635     1     1     2     2     4     6     8     1     0     0     1     1     3     1     1   597     0
   636     1     4     1     8     2     4     6     1     1     1     0     0     2     0     1   628     1
   637     1     1     2     2     4     6     8     0     0     1     1     0     2     1     1   561     0
   638     1     1     2     2     4     6     8     0     0     1     0     1     1     0     0   444     0
   639     1     4     1     8     2     4     6     1     1     0     0     1     2     1     1   634     0
   640     1     4     1     8     2     4     6     1     1     1     1     0     1     0     0   404     0
   641     1     1     2     2     4     6     8     0     0     0     1     0     2     1     1   689     0
   642     1     2     2     4     6     8     2     1     0     0     0     1     2     1     0   609     0
   643     1     1     2     2     4     6     8     0     0     1     1     1     2     1     0   715     0
   644     2     6     2     3     5     7     1     0     1     0     0     0     3     0     1   653     0
   645     2     5     0     1     3     5     7     1     0     0     1     1     2     1     1   507     0
   646     2     7     0     5     7     1     3     0     1     0     1     1     2     1     1   480     0
   647     1     2     2     4     6     8     2     1     1     1     1     1     3     1     0   480     0
   648     1     2     2     4     6     8     2     0     0     0     0     1     1     1     1   408     0
   649     1     4     1     8     2     4     6     0     0     0     1     1     2     0     0   687     0
   650     1     4     1     8     2     4     6     0     1     0     1     1     1     0     1   499     0
   651     2     6     2     3     5     7     1     0     0     1     0     1     3     0     1   505     0
   652     2     8     1     7     1     3     5     0     0     1     1     0     2     0     0   479     0
   653     1     3     1     6     8     2     4     1     0     1     1     0     3     1     0   476     0
   654     1     2     2     4     6     8     2     1     0     0     1     1     2     0     0   408     0
   655     2     7     0     5     7     1     3     0     1     1     1     1     3     1     1   381     1
   656     2     8     1     7     1     3     5     0     0     0     1     0     2     0     1   468     0
   657     2     8     1     7     1     3     5     1     0     1     0     0     1     1     0   475     0
   658     2     8     1     7     1     3     5     1     0     0     1     1     1     0     0   440     0
   659     1     3     1     6     8     2     4     1     0     1     1     1     3     0     0   514     0
   660     1     3     1     6     8     2     4     0     0     1     0     0     1     1     0   401     0
   661     1     2     2     4     6     8     2     0     0     0     0     0     2     0     0   493     0
   662     2     5     0     1     3     5     7     1     1     1     0     0     3     1     1  1048     0
   663     1     3     1     6     8     2     4     0     1     0     1     0     3     1     0   704     0
   664     2     6     2     3     5     7     1     0     1     0     1     1     3     0     0   572     0
   665     2     7     0     5     7     1     3     0     0     1     0     1     2     0     1   378     1
   666     2     7     0     5     7     1     3     0     0     1     0     0     1     0     0   496     0
   667     1     4     1     8     2     4     6     0     0     1     1     0     3     0     0   597     0
   668     1     1     2     2     4     6     8     0     0     1     1     1     2     0     0   522     0
   669     1     2     2     4     6     8     2     1     1     0     1     0     2     1     1   688     0
   670     1     2     2     4     6     8     2     1     0     1     1     0     1     0     1   519     0
   671     2     7     0     5     7     1     3     0     1     0     1     0     3     1     1   547     0
   672     2     7     0     5     7     1     3     0     0     0     0     1     1     0     1   517     0
   673     1     2     2     4     6     8     2     0     1     0     1     1     3     0     1   560     0
   674     2     5     0     1     3     5     7     1     1     1     1     1     3     1     0   505     0
   675     2     6     2     3     5     7     1     1     0     1     0     1     2     0     1   720     1
   676     2     6     2     3     5     7     1     1     1     0     1     1     1     0     1   464     0
   677     1     2     2     4     6     8     2     1     0     0     0     1     3     0     1   419     0
   678     1     4     1     8     2     4     6     1     0     0     1     1     2     0     0   823     0
   679     1     3     1     6     8     2     4     1     0     1     0     0     2     0     0   655     0
   680     1     3     1     6     8     2     4     0     1     0     1     1     1     1     1   410     0
   681     2     8     1     7     1     3     5     0     0     1     0     0     3     0     1   534     0
   682     2     8     1     7     1     3     5     0     0     1     0     0     1     0     0   410     0
   683     1     1     2     2     4     6     8     1     1     1     1     0     3     1     1   537     0
   684     1     1     2     2     4     6     8     0     1     0     1     0     1     1     0   693     0
   685     1     2     2     4     6     8     2     1     0     0     1     0     2     1     1   631     0
   686     1     2     2     4     6     8     2     0     1     0     1     1     1     1     1   671     0
   687     1     1     2     2     4     6     8     0     1     0     1     0     2     0     0   598     0
   688     1     1     2     2     4     6     8     0     0     1     1     1     1     0     1   523     0
   689     2     5     0     1     3     5     7     0     0     1     1     1     3     0     0   516     0
   690     1     4     1     8     2     4     6     0     0     0     1     0     3     0     0   421     0
   691     2     5     0     1     3     5     7     0     1     1     0     1     3     0     1   461     0
   692     2     5     0     1     3     5     7     0     1     1     1     0     1     0     0   382     0
   693     2     8     1     7     1     3     5     0     0     1     0     1     2     0     1   532     0
   694     1     3     1     6     8     2     4     1     0     0     1     0     3     1     0   796     1
   695     2     5     0     1     3     5     7     0     1     1     1     0     3     1     1   507     0
   696     2     5     0     1     3     5     7     0     0     0     0     1     1     0     1   478     0
   697     2     8     1     7     1     3     5     0     0     0     0     1     2     0     0   506     0
   698     2     8     1     7     1     3     5     0     1     1     1     0     1     0     1   405     0
   699     2     8     1     7     1     3     5     0     0     1     1     0     1     0     1   407     0
   700     2     8     1     7     1     3     5     0     0     0     1     1     1     0     0   426     0
   701     1     3     1     6     8     2     4     0     1     0     1     0     3     0     1   637     0
   702     1     3     1     6     8     2     4     1     1     0     1     1     1     1     0   631     0
   703     2     7     0     5     7     1     3     0     1     0     1     0     3     1     0   630     0
   704     2     6     2     3     5     7     1     1     1     1     0     1     2     1     0   531     0
   705     2     5     0     1     3     5     7     0     1     1     1     0     2     1     0   535     0
   706     2     5     0     1     3     5     7     1     0     0     0     0     1     1     1   855     0
   707     2     5     0     1     3     5     7     0     1     0     0     0     1     1     1   531     0
   708     2     5     0     1     3     5     7     1     0     0     0     0     1     1     1   452     1
   709     1     1     2     2     4     6     8     0     0     0     1     1     3     1     0   711     0
   710     1     4     1     8     2     4     6     1     1     1     0     1     2     1     1   579     0
   711     1     4     1     8     2     4     6     0     0     1     1     0     1     1     1   448     0
   712     1     4     1     8     2     4     6     1     1     1     1     0     1     1     1   516     0
   713     2     8     1     7     1     3     5     1     1     1     1     0     3     0     0   420     0
   714     2     7     0     5     7     1     3     0     1     1     1     1     2     1     0   479     0
   715     1     4     1     8     2     4     6     1     0     0     1     1     3     1     1   675     0
   716     1     3     1     6     8     2     4     1     0     1     0     0     2     0     0   653     0
   717     1     4     1     8     2     4     6     1     1     0     1     1     2     0     1   562     0
   718     1     3     1     6     8     2     4     1     1     0     1     1     2     0     0   679     0
   719     1     1     2     2     4     6     8     1     0     0     1     0     2     0     1   676     0
   720     1     1     2     2     4     6     8     1     0     0     0     0     1     0     0   453     0
   721     1     1     2     2     4     6     8     0     0     0     1     0     1     1     0   636     0
   722     1     1     2     2     4     6     8     0     0     1     1     1     1     0     0   461     0
   723     2     8     1     7     1     3     5     0     0     0     1     0     3     0     0   478     1
   724     2     8     1     7     1     3     5     0     0     0     1     0     1     0     0   473     0
   725     1     4     1     8     2     4     6     1     1     1     0     0     3     1     1   527     1
   726     1     4     1     8     2     4     6     1     0     1     0     0     1     0     1   542     0
   727     1     2     2     4     6     8     2     0     0     0     0     1     2     1     0   577     0
   728     1     2     2     4     6     8     2     0     0     1     1     1     1     0     0   453     0
   729     2     6     2     3     5     7     1     0     1     0     1     0     3     0     1   552     0
   730     2     6     2     3     5     7     1     1     1     0     1     1     1     1     0   485     0
   731     1     1     2     2     4     6     8     0     1     0     0     1     3     1     0   490     0
   732     1     1     2     2     4     6     8     0     1     1     0     1     1     0     0   415     0
   733     1     1     2     2     4     6     8     1     0     0     0     1     1     1     1   561     0
   734     1     1     2     2     4     6     8     0     0     0     1     0     1     1     0   490     1
   735     2     5     0     1     3     5     7     0     0     1     1     1     3     0     0   611     0
   736     2     5     0     1     3     5     7     1     0     0     1     1     1     1     0   673     0
   737     2     7     0     5     7     1     3     1     0     1     1     1     2     0     0   697     0
   738     1     4     1     8     2     4     6     0     1     0     1     0     3     1     1   611     0
   739     2     6     2     3     5     7     1     0     1     0     1     1     3     0     0   481     0
   740     2     5     0     1     3     5     7     1     0     1     1     0     2     1     1   695     0
   741     2     8     1     7     1     3     5     0     0     0     0     1     2     1     0   558     0
   742     1     1     2     2     4     6     8     0     1     0     0     1     3     0     1   459     1
   743     1     3     1     6     8     2     4     0     1     0     0     0     2     0     0   716     0
   744     1     4     1     8     2     4     6     0     0     0     0     1     2     0     1   498     0
   745     2     5     0     1     3     5     7     1     1     0     0     0     3     1     1   520     0
   746     2     6     2     3     5     7     1     1     0     1     0     0     2     0     1   681     0
   747     2     6     2     3     5     7     1     0     0     1     0     1     1     1     0   429     0
   748     2     7     0     5     7     1     3     0     1     0     0     1     2     0     1   595     0
   749     1     2     2     4     6     8     2     1     0     1     0     1     3     1     1   720     0
   750     1     2     2     4     6     8     2     0     1     1     1     1     1     1     1   509     0
   751     1     2     2     4     6     8     2     1     1     0     1     0     1     1     0   818     0
   752     2     5     0     1     3     5     7     0     0     1     1     0     3     1     1   731     0
   753     1     2     2     4     6     8     2     1     0     1     1     1     3     1     0   623     0
   754     1     4     1     8     2     4     6     1     1     1     1     0     2     0     1   769     0
   755     1     3     1     6     8     2     4     0     0     0     1     0     2     1     1   567     0
   756     1     3     1     6     8     2     4     0     0     1     1     0     1     0     0   439     0
   757     1     4     1     8     2     4     6     1     0     0     1     1     2     1     0   641     1
   758     1     4     1     8     2     4     6     1     0     0     0     1     1     0     0  1022     0
   759     2     7     0     5     7     1     3     0     1     0     0     1     3     1     1   459     0
   760     2     6     2     3     5     7     1     1     1     1     1     1     2     1     0   454     0
   761     2     6     2     3     5     7     1     0     0     0     0     1     1     1     1   549     0
   762     2     8     1     7     1     3     5     1     1     0     0     0     2     1     1   693     0
   763     2     5     0     1     3     5     7     0     0     1     0     1     2     1     1   706     0
   764     2     5     0     1     3     5     7     0     1     0     0     0     1     0     1   558     0
   765     2     5     0     1     3     5     7     0     1     1     1     1     1     0     0   509     0
   766     2     6     2     3     5     7     1     0     1     0     1     1     2     0     0   530     0
   767     1     4     1     8     2     4     6     1     1     1     1     1     3     1     0   526     0
   768     1     4     1     8     2     4     6     0     0     0     1     1     1     1     1   598     0
   769     2     5     0     1     3     5     7     0     0     0     0     1     3     0     0   686     0
   770     2     5     0     1     3     5     7     1     0     0     0     1     1     1     0   760     0
   771     1     3     1     6     8     2     4     0     1     1     1     1     3     1     1   484     0
   772     2     6     2     3     5     7     1     0     1     1     0     0     3     0     0   476     0
   773     1     4     1     8     2     4     6     1     0     0     0     0     3     1     1   647     0
   774     1     1     2     2     4     6     8     0     1     0     0     1     2     1     1   464     0
   775     2     8     1     7     1     3     5     1     1     0     0     0     3     1     0   583     0
   776     2     8     1     7     1     3     5     0     0     0     1     1     1     1     1   544     0
   777     2     7     0     5     7     1     3     0     0     0     1     0     2     0     0   427     1
   778     2     8     1     7     1     3     5     1     1     1     1     1     2     1     1   661     0
   779     1     1     2     2     4     6     8     0     1     0     1     0     3     1     0   503     0
   780     1     1     2     2     4     6     8     1     0     0     0     0     1     1     1   902     0
   781     1     1     2     2     4     6     8     0     0     0     1     1     1     1     0  1500     2
   782     1     1     2     2     4     6     8     1     0     0     1     1     1     1     0   610     0
   783     1     1     2     2     4     6     8     1     0     0     0     0     1     0     0   407     0
   784     1     1     2     2     4     6     8     0     1     0     1     0     1     1     1   504     0
   785     2     6     2     3     5     7     1     1     0     1     1     1     3     1     1   552     0
   786     1     1     2     2     4     6     8     1     1     1     1     0     3     0     1   517     0
   787     2     6     2     3     5     7     1     0     0     1     1     0     3     1     1   480     0
   788     2     6     2     3     5     7     1     1     1     0     0     0     1     1     1   515     0
   789     1     4     1     8     2     4     6     0     1     1     0     1     3     1     0   550     0
   790     1     2     2     4     6     8     2     1     0     1     0     1     2     1     1   638     0
   791     1     1     2     2     4     6     8     1     1     0     1     0     2     0     1   483     0
   792     2     6     2     3     5     7     1     0     1     1     0     0     3     1     0   433     0
   793     2     6     2     3     5     7     1     0     1     0     0     1     1     0     0   390     0
   794     2     7     0     5     7     1     3     1     1     1     1     1     2     1     0   697     0
   795     2     6     2     3     5     7     1     1     0     0     0     1     2     0     1   410     0
   796     2     6     2     3     5     7     1     1     1     0     1     0     1     0     1   499     0
   797     2     5     0     1     3     5     7     0     1     1     0     0     2     1     0   452     0
   798     2     5     0     1     3     5     7     1     0     0     0     0     1     1     1   530     0
   799     2     6     2     3     5     7     1     1     1     0     0     0     2     0     1   519     0
   800     2     6     2     3     5     7     1     1     0     1     1     1     1     0     1   622     0
   801     2     6     2     3     5     7     1     0     1     0     1     0     1     1     1   520     0
   802     2     6     2     3     5     7     1     1     1     0     1     1     1     1     0   438     0
   803     1     1     2     2     4     6     8     0     0     1     0     0     3     1     1   446     0
   804     1     1     2     2     4     6     8     1     0     0     0     1     1     1     0   909     0
   805     1     1     2     2     4     6     8     0     0     0     0     1     1     1     0   422     0
   806     1     1     2     2     4     6     8     1     0     1     0     1     1     1     0   405     0
   807     1     2     2     4     6     8     2     0     1     1     0     1     2     1     1   476     0
   808     2     7     0     5     7     1     3     1     0     1     0     1     3     1     1   555     0
   809     1     4     1     8     2     4     6     0     0     1     1     1     3     1     0   676     0
   810     2     7     0     5     7     1     3     1     0     0     1     0     3     1     0   535     0
   811     1     1     2     2     4     6     8     1     0     1     0     0     3     0     0   548     0
   812     1     1     2     2     4     6     8     1     0     1     1     1     1     0     0   666     0
   813     2     6     2     3     5     7     1     0     1     0     1     0     3     1     1   606     0
   814     2     6     2     3     5     7     1     0     0     0     0     1     1     0     1   590     0
   815     1     2     2     4     6     8     2     0     0     0     1     0     3     0     0   467     0
   816     1     3     1     6     8     2     4     0     0     1     1     0     2     0     0   431     0
   817     2     5     0     1     3     5     7     1     0     0     1     1     3     1     0   492     0
   818     1     4     1     8     2     4     6     1     0     0     1     0     3     0     0   435     0
   819     1     2     2     4     6     8     2     0     1     0     0     1     2     1     1   486     0
   820     1     2     2     4     6     8     2     0     1     1     0     0     1     0     0   453     1
   821     1     4     1     8     2     4     6     1     0     1     1     1     2     1     1   511     1
   822     1     4     1     8     2     4     6     1     0     1     1     1     1     0     0   644     0
   823     2     7     0     5     7     1     3     0     1     1     0     0     3     1     1   448     0
   824     1     2     2     4     6     8     2     0     0     0     1     1     3     0     1   445     0
   825     1     4     1     8     2     4     6     1     0     1     0     0     2     1     0   836     1
   826     1     4     1     8     2     4     6     0     1     0     0     1     1     1     1   622     0
   827     2     5     0     1     3     5     7     1     1     0     0     0     3     1     0   723     0
   828     2     7     0     5     7     1     3     0     0     0     1     0     2     1     1   458     1
   829     1     2     2     4     6     8     2     1     0     0     0     0     3     1     0   443     0
   830     1     1     2     2     4     6     8     1     0     1     0     0     2     0     0   447     0
   831     2     5     0     1     3     5     7     1     0     1     0     0     3     0     0   481     0
   832     2     6     2     3     5     7     1     0     1     0     0     0     2     1     1   570     0
   833     1     3     1     6     8     2     4     1     1     1     1     0     3     1     0   701     0
   834     1     3     1     6     8     2     4     0     1     1     1     0     1     1     0   459     0
   835     1     2     2     4     6     8     2     1     1     0     0     1     2     1     0   568     0
   836     1     2     2     4     6     8     2     0     0     0     1     0     1     1     1   447     0
   837     1     2     2     4     6     8     2     1     0     0     1     1     1     1     0   380     0
   838     1     2     2     4     6     8     2     1     0     0     0     1     1     0     0   433     0
   839     2     8     1     7     1     3     5     0     1     0     0     0     3     1     1   605     0
   840     2     8     1     7     1     3     5     0     0     1     0     0     1     0     1   360     1
   841     2     7     0     5     7     1     3     0     1     0     0     1     2     0     1   545     0
   842     2     5     0     1     3     5     7     0     1     1     0     0     2     0     0   573     0
   843     1     3     1     6     8     2     4     0     0     1     1     0     3     0     1   528     0
   844     1     3     1     6     8     2     4     0     0     1     1     0     1     0     0   412     0
   845     1     2     2     4     6     8     2     1     0     1     1     0     2     1     0   613     1
   846     1     1     2     2     4     6     8     1     1     0     0     0     2     0     1   411     1
   847     1     2     2     4     6     8     2     0     0     1     0     1     2     1     1   841     0
   848     1     2     2     4     6     8     2     0     1     0     0     1     1     0     1   672     0
   849     2     5     0     1     3     5     7     1     0     0     0     0     3     1     1  1195     0
   850     2     5     0     1     3     5     7     0     1     0     1     0     1     1     1   524     0
   851     2     6     2     3     5     7     1     1     1     0     0     1     2     1     0   815     0
   852     2     6     2     3     5     7     1     0     0     0     0     1     1     1     1   460     0
   853     2     8     1     7     1     3     5     0     0     0     1     1     2     0     0   562     0
   854     2     8     1     7     1     3     5     0     1     1     0     0     1     0     1   501     0
   855     1     1     2     2     4     6     8     0     0     1     1     0     3     0     1   684     0
   856     1     2     2     4     6     8     2     0     0     0     0     1     2     0     0   484     0
   857     1     4     1     8     2     4     6     1     1     0     1     0     2     1     1   789     0
   858     1     1     2     2     4     6     8     0     1     1     1     0     2     1     0   509     0
   859     1     1     2     2     4     6     8     1     0     1     0     0     1     1     1   539     0
   860     1     4     1     8     2     4     6     0     0     0     0     0     2     1     0   422     0
   861     2     5     0     1     3     5     7     1     1     1     0     0     3     1     1   515     0
   862     2     6     2     3     5     7     1     0     0     1     1     1     2     1     1   535     0
   863     1     1     2     2     4     6     8     1     0     0     0     1     3     1     0   470     0
   864     1     1     2     2     4     6     8     1     0     1     0     1     1     0     0   466     0
   865     2     6     2     3     5     7     1     1     0     0     1     0     3     0     0   392     0
   866     2     6     2     3     5     7     1     1     0     0     1     1     1     0     0   390     0
   867     1     3     1     6     8     2     4     0     1     0     0     1     3     1     1   705     0
   868     1     3     1     6     8     2     4     0     1     1     0     1     1     0     0   393     0
   869     2     6     2     3     5     7     1     0     0     0     0     0     3     0     1   377     0
   870     1     3     1     6     8     2     4     0     1     1     1     1     3     0     1   345     0
   871     2     8     1     7     1     3     5     0     0     0     1     1     3     0     1   526     0
   872     2     8     1     7     1     3     5     0     1     0     0     1     1     0     1   401     0
   873     2     7     0     5     7     1     3     1     1     1     1     0     2     1     0   615     0
   874     2     7     0     5     7     1     3     0     0     1     1     1     1     1     1   562     0
   875     2     8     1     7     1     3     5     0     0     0     0     1     2     0     0   556     0
   876     2     5     0     1     3     5     7     1     0     0     1     1     2     1     0   585     1
   877     1     1     2     2     4     6     8     0     1     1     1     1     3     1     1   579     0
   878     1     1     2     2     4     6     8     0     1     1     1     0     1     0     0   566     0
   879     1     2     2     4     6     8     2     0     1     1     0     0     2     0     0   769     0
   880     2     7     0     5     7     1     3     0     0     0     0     1     3     0     1   503     0
   881     2     5     0     1     3     5     7     1     0     1     0     0     2     1     0   573     0
   882     2     8     1     7     1     3     5     0     1     1     1     1     2     1     1   487     0
   883     1     3     1     6     8     2     4     0     1     1     0     0     3     0     0   383     0
   884     2     6     2     3     5     7     1     0     1     1     1     0     3     0     0   416     1
   885     1     2     2     4     6     8     2     1     1     1     1     1     3     1     0   535     0
   886     1     2     2     4     6     8     2     1     0     0     0     0     1     0     1   560     0
   887     2     5     0     1     3     5     7     1     1     0     0     0     3     0     1   785     0
   888     2     5     0     1     3     5     7     1     0     1     0     1     1     0     1   406     1
   889     2     6     2     3     5     7     1     1     0     1     1     0     2     0     0   566     0
   890     2     5     0     1     3     5     7     1     1     1     1     1     2     0     1   501     0
   891     1     1     2     2     4     6     8     0     1     1     0     0     3     1     0   650     0
   892     1     3     1     6     8     2     4     0     1     0     1     0     2     0     0   564     0
   893     1     4     1     8     2     4     6     1     0     0     1     0     2     1     1   864     0
   894     1     3     1     6     8     2     4     0     1     1     0     0     2     1     1   482     0
   895     2     8     1     7     1     3     5     0     0     1     0     1     3     0     1   456     0
   896     2     8     1     7     1     3     5     0     0     1     0     0     1     0     0   642     0
