     1     1     4     1     8     2     4     6     0     0     0     0     1     2     0     0   639     1
     2     1     4     1     8     2     4     6     1     1     0     1     0     1     1     1  1061     1
     3     2     8     1     7     1     3     5     1     1     0     0     1     3     0     0  1120     0
     4     2     8     1     7     1     3     5     1     0     0     0     1     1     0     1   824     0
     5     1     4     1     8     2     4     6     0     1     1     0     0     3     1     1  1500     2
     6     1     4     1     8     2     4     6     0     1     0     0     0     1     0     0  1025     0
     7     2     5     0     1     3     5     7     1     1     1     1     0     3     1     0  1162     0
     8     1     4     1     8     2     4     6     0     0     0     0     1     3     1     1   804     0
     9     1     2     2     4     6     8     2     1     0     1     1     0     2     1     0   584     0
    10     1     2     2     4     6     8     2     0     0     1     1     1     1     1     0   566     1
    11     1     4     1     8     2     4     6     0     1     0     1     1     2     0     1   687     0
    12     1     4     1     8     2     4     6     1     1     0     1     1     1     1     0   954     1
    13     1     2     2     4     6     8     2     0     0     0     0     0     2     1     1  1294     1
    14     1     2     2     4     6     8     2     1     0     0     0     1     1     1     0  1368     0
    15     1     1     2     2     4     6     8     0     0     1     1     1     2     1     0  1054     0
    16     1     1     2     2     4     6     8     1     1     0     1     0     1     1     1   735     0
    17     1     3     1     6     8     2     4     1     0     1     1     0     2     0     1   972     0
    18     1     4     1     8     2     4     6     1     0     0     0     1     2     0     0   526     0
    19     2     7     0     5     7     1     3     0     0     1     1     0     3     1     0   912     0
    20     2     8     1     7     1     3     5     1     1     1     1     0     2     1     1   718     0
    21     2     7     0     5     7     1     3     1     1     1     0     0     2     0     0   832     1
    22     2     6     2     3     5     7     1     0     0     1     1     1     2     1     1   799     1
    23     1     2     2     4     6     8     2     1     0     0     1     0     3     1     0  1131     0
    24     1     2     2     4     6     8     2     1     1     0     0     1     1     0     1  1219     1
    25     2     7     0     5     7     1     3     0     0     1     1     1     3     1     1   885     0
    26     2     7     0     5     7     1     3     1     1     0     1     0     1     1     1  1500     2
    27     1     4     1     8     2     4     6     1     0     0     1     1     3     0     1   687     0
    28     1     1     2     2     4     6     8     0     1     1     1     1     2     1     1  1121     1
    29     1     4     1     8     2     4     6     0     1     1     1     0     2     0     0   753     0
    30     1     3     1     6     8     2     4     1     0     0     1     0     2     1     1   996     1
    31     2     5     0     1     3     5     7     0     1     1     0     1     3     1     1   949     0
    32     2     7     0     5     7     1     3     1     0     1     0     1     2     1     1   789     0
    33     1     3     1     6     8     2     4     1     1     1     1     1     3     0     1   947     1
    34     1     3     1     6     8     2     4     0     0     0     0     1     1     1     1   948     0
    35     2     8     1     7     1     3     5     1     0     0     0     1     3     1     0   715     0
    36     2     8     1     7     1     3     5     0     1     1     0     1     1     1     1   661     0
    37     1     3     1     6     8     2     4     1     1     0     0     1     3     1     0  1043     1
    38     1     2     2     4     6     8     2     1     1     0     0     0     2     0     0   716     0
    39     2     8     1     7     1     3     5     0     1     0     0     0     3     1     0  1431     1
    40     2     6     2     3     5     7     1     0     1     0     0     0     2     0     0  1010     0
    41     1     1     2     2     4     6     8     1     1     0     0     1     3     1     0   920     1
    42     2     6     2     3     5     7     1     1     0     1     1     1     3     0     1   561     1
    43     1     3     1     6     8     2     4     0     0     1     0     1     3     1     0   832     1
    44     1     3     1     6     8     2     4     0     0     0     0     0     1     0     0   748     0
    45     1     3     1     6     8     2     4     1     1     0     1     1     1     1     1   763     0
    46     2     6     2     3     5     7     1     1     1     1     0     1     3     0     0   860     0
    47     2     6     2     3     5     7     1     0     1     1     1     1     1     1     0   817     0
    48     2     6     2     3     5     7     1     1     1     1     0     0     1     1     0   967     0
    49     1     2     2     4     6     8     2     0     0     0     1     1     3     1     1  1470     1
    50     1     4     1     8     2     4     6     0     0     0     1     0     2     0     0   496     0
    51     2     7     0     5     7     1     3     1     0     1     0     1     3     1     0   874     1
    52     2     7     0     5     7     1     3     1     0     1     1     0     1     0     0   878     0
    53     1     3     1     6     8     2     4     1     0     0     1     1     3     0     0   451     0
    54     1     1     2     2     4     6     8     0     1     0     1     0     2     1     1   599     0
    55     2     7     0     5     7     1     3     1     1     0     1     1     3     1     0   848     1
    56     2     7     0     5     7     1     3     0     1     0     0     1     1     1     0   803     1
    57     2     5     0     1     3     5     7     0     1     1     0     1     2     0     0   761     0
    58     2     6     2     3     5     7     1     1     1     1     0     1     2     1     0  1083     0
    59     1     4     1     8     2     4     6     1     0     0     0     1     3     0     1   513     0
    60     1     4     1     8     2     4     6     0     1     1     1     1     1     1     1   696     0
    61     2     5     0     1     3     5     7     1     1     0     0     1     3     1     0   916     0
    62     2     5     0     1     3     5     7     0     1     0     1     0     1     1     0   719     0
    63     2     7     0     5     7     1     3     0     0     0     0     0     2     0     1   576     0
    64     2     7     0     5     7     1     3     0     1     0     0     0     1     0     1   682     0
    65     2     7     0     5     7     1     3     0     0     0     1     0     1     0     1   478     1
    66     2     7     0     5     7     1     3     1     1     1     0     0     1     1     1   947     0
    67     1     4     1     8     2     4     6     0     1     1     1     0     3     1     0   771     1
    68     1     1     2     2     4     6     8     0     0     1     1     1     2     0     1   873     0
    69     2     7     0     5     7     1     3     1     0     0     1     1     3     1     0  1027     1
    70     2     7     0     5     7     1     3     1     1     1     1     1     1     0     1   691     0
    71     1     1     2     2     4     6     8     0     0     0     0     0     3     1     1   780     1
    72     1     3     1     6     8     2     4     1     1     0     0     0     2     1     1   627     0
    73     2     6     2     3     5     7     1     0     1     1     0     1     3     1     0   648     0
    74     2     6     2     3     5     7     1     0     1     0     1     1     1     0     0   482     0
    75     2     7     0     5     7     1     3     0     1     1     0     1     2     0     0   722     0
    76     2     7     0     5     7     1     3     0     0     1     1     1     1     0     1   486     1
    77     2     8     1     7     1     3     5     1     0     0     1     1     2     1     0   596     0
    78     1     3     1     6     8     2     4     1     0     1     0     0     3     0     0  1037     1
    79     1     3     1     6     8     2     4     0     1     1     1     1     1     1     1  1173     1
    80     1     3     1     6     8     2     4     0     1     0     1     1     1     0     0   956     0
    81     1     1     2     2     4     6     8     0     1     1     1     0     2     0     0   545     0
    82     1     1     2     2     4     6     8     0     1     1     1     1     1     0     0   391     0
    83     2     6     2     3     5     7     1     1     0     1     0     0     3     1     1   949     0
    84     2     6     2     3     5     7     1     0     1     1     0     1     1     1     1   485     1
    85     2     6     2     3     5     7     1     1     1     1     1     1     1     1     0   801     0
    86     2     6     2     3     5     7     1     1     1     0     1     0     1     0     0   441     0
    87     1     3     1     6     8     2     4     1     1     1     0     1     3     0     0   690     1
    88     2     6     2     3     5     7     1     0     0     0     1     0     3     1     1   746     0
    89     2     7     0     5     7     1     3     0     1     0     1     1     2     0     1   531     0
    90     2     7     0     5     7     1     3     0     0     1     0     0     1     0     1   773     0
    91     2     5     0     1     3     5     7     1     0     1     0     0     2     1     0   777     0
    92     2     8     1     7     1     3     5     0     0     0     1     0     2     1     0   636     0
    93     1     4     1     8     2     4     6     1     0     1     0     0     3     1     0   920     0
    94     1     3     1     6     8     2     4     1     0     0     0     1     2     0     0   681     1
    95     1     2     2     4     6     8     2     1     1     1     0     1     2     0     1   586     0
    96     1     2     2     4     6     8     2     1     1     1     0     0     1     0     0   392     0
    97     2     7     0     5     7     1     3     0     0     1     0     0     3     1     1   761     1
    98     2     7     0     5     7     1     3     0     0     1     0     1     1     0     0   708     1
    99     2     8     1     7     1     3     5     0     1     1     0     0     2     0     1   627     0
   100     2     5     0     1     3     5     7     1     1     0     1     1     2     1     0   599     1
   101     1     1     2     2     4     6     8     1     0     0     0     0     3     0     1   605     0
   102     1     4     1     8     2     4     6     1     1     0     1     1     2     0     1   578     0
   103     1     2     2     4     6     8     2     0     0     0     0     1     2     1     1   840     1
   104     1     2     2     4     6     8     2     1     0     1     0     0     1     1     0   924     0
   105     1     2     2     4     6     8     2     1     0     0     1     1     1     0     0   464     0
   106     1     2     2     4     6     8     2     0     1     0     0     1     1     1     1  1269     0
   107     2     7     0     5     7     1     3     0     1     0     0     1     3     0     0  1027     0
   108     1     4     1     8     2     4     6     1     0     0     1     0     3     1     1   609     1
   109     1     3     1     6     8     2     4     0     0     1     1     0     2     1     0   643     1
   110     1     3     1     6     8     2     4     1     0     0     1     0     1     1     0  1337     1
   111     2     8     1     7     1     3     5     0     1     1     1     1     3     1     1   855     1
   112     2     8     1     7     1     3     5     0     0     1     1     1     1     0     1   667     1
   113     1     1     2     2     4     6     8     0     1     0     0     0     3     0     1   744     0
   114     1     1     2     2     4     6     8     1     0     0     1     0     1     1     1   683     0
   115     2     5     0     1     3     5     7     0     1     0     1     1     3     1     1   611     0
   116     2     5     0     1     3     5     7     0     1     0     0     1     1     0     0   421     0
   117     1     1     2     2     4     6     8     1     0     1     1     1     3     1     1   781     0
   118     1     2     2     4     6     8     2     1     0     1     0     1     2     0     0   596     0
   119     2     5     0     1     3     5     7     1     1     1     1     1     3     0     1   494     0
   120     2     5     0     1     3     5     7     0     1     0     0     0     1     1     0  1125     0
   121     2     5     0     1     3     5     7     1     1     0     1     1     1     1     0   845     0
   122     2     6     2     3     5     7     1     1     1     1     0     1     2     0     0   723     0
   123     2     5     0     1     3     5     7     0     0     1     1     0     2     1     1   525     0
   124     2     5     0     1     3     5     7     0     1     1     0     0     1     0     1   717     0
   125     1     4     1     8     2     4     6     1     1     0     0     1     3     1     0   828     0
   126     1     4     1     8     2     4     6     1     0     1     0     0     1     0     1   731     0
   127     2     8     1     7     1     3     5     1     0     1     0     0     3     0     0   577     0
   128     1     1     2     2     4     6     8     0     1     1     0     0     3     1     1   755     0
   129     2     5     0     1     3     5     7     1     1     0     0     0     3     1     0   783     0
   130     1     2     2     4     6     8     2     1     0     0     1     1     3     0     1   535     1
   131     1     1     2     2     4     6     8     1     1     1     0     1     2     0     1   629     0
   132     1     1     2     2     4     6     8     0     0     0     0     1     1     1     1   688     0
   133     1     2     2     4     6     8     2     0     1     0     1     1     2     0     1   495     0
   134     2     7     0     5     7     1     3     0     1     0     0     1     3     0     0   820     0
   135     2     7     0     5     7     1     3     1     0     1     0     1     1     1     1   667     0
   136     1     2     2     4     6     8     2     1     0     1     0     0     3     0     0   722     0
   137     2     6     2     3     5     7     1     1     0     0     1     0     3     0     0   572     0
   138     1     1     2     2     4     6     8     1     1     0     0     1     3     0     1   471     0
   139     1     2     2     4     6     8     2     1     0     1     1     1     2     0     1   434     1
   140     2     5     0     1     3     5     7     1     0     1     0     1     3     0     0   626     1
   141     2     7     0     5     7     1     3     0     1     1     1     1     2     1     1  1023     0
   142     2     7     0     5     7     1     3     1     1     1     0     0     1     1     0   672     0
   143     1     2     2     4     6     8     2     0     0     1     1     1     3     1     1   774     0
   144     1     1     2     2     4     6     8     0     0     0     0     1     2     0     0   490     0
   145     1     2     2     4     6     8     2     1     0     0     0     0     2     1     0   807     1
   146     1     2     2     4     6     8     2     1     1     0     1     0     1     0     1   612     0
   147     1     4     1     8     2     4     6     0     1     1     1     1     2     1     0   733     0
   148     1     2     2     4     6     8     2     0     0     1     1     1     2     0     1   670     0
   149     2     7     0     5     7     1     3     0     1     1     0     1     3     0     1   531     0
   150     2     8     1     7     1     3     5     0     1     0     1     1     2     0     0   656     0
   151     2     7     0     5     7     1     3     1     1     1     0     1     2     1     0   538     0
   152     2     7     0     5     7     1     3     0     1     0     1     1     1     1     0   519     0
   153     1     3     1     6     8     2     4     0     0     1     0     0     3     0     1   785     0
   154     1     3     1     6     8     2     4     1     0     1     1     0     1     1     0   670     0
   155     1     4     1     8     2     4     6     0     1     0     0     1     2     1     1   895     0
   156     1     4     1     8     2     4     6     1     1     0     0     0     1     1     0  1346     0
   157     2     5     0     1     3     5     7     0     0     0     0     0     3     1     1   862     0
   158     1     4     1     8     2     4     6     0     1     1     0     0     3     0     1   639     0
   159     1     2     2     4     6     8     2     0     1     0     1     1     2     0     0   988     0
   160     1     2     2     4     6     8     2     1     0     1     1     0     1     1     1   670     0
   161     2     5     0     1     3     5     7     0     1     1     0     0     3     1     1  1346     0
   162     2     5     0     1     3     5     7     1     1     0     0     0     1     1     0   822     0
   163     1     1     2     2     4     6     8     1     0     1     1     1     3     0     1   525     0
   164     1     1     2     2     4     6     8     0     0     0     0     1     1     1     0   616     0
   165     2     7     0     5     7     1     3     1     0     1     1     1     3     1     0   492     1
   166     2     5     0     1     3     5     7     1     1     1     1     1     2     0     1   560     1
   167     1     4     1     8     2     4     6     0     0     0     0     1     3     1     1   788     1
   168     1     3     1     6     8     2     4     0     0     0     1     1     2     0     0   813     0
   169     2     7     0     5     7     1     3     0     0     1     1     1     3     0     0   563     0
   170     2     5     0     1     3     5     7     0     1     0     0     1     2     0     1   533     0
   171     1     4     1     8     2     4     6     1     0     0     1     0     3     1     1   561     0
   172     1     4     1     8     2     4     6     1     0     0     1     0     1     0     0   522     0
   173     2     5     0     1     3     5     7     0     1     0     1     1     3     1     1   704     0
   174     2     5     0     1     3     5     7     0     0     1     0     1     1     0     1   719     0
   175     1     4     1     8     2     4     6     0     0     0     0     0     3     0     0   477     0
   176     1     4     1     8     2     4     6     1     0     1     1     0     1     1     0   638     1
   177     2     6     2     3     5     7     1     0     1     1     1     0     3     1     1   821     0
   178     1     1     2     2     4     6     8     1     0     1     1     0     3     1     1   741     1
   179     2     8     1     7     1     3     5     0     0     1     1     1     3     1     0   867     0
   180     2     5     0     1     3     5     7     1     1     0     1     0     2     1     1   677     0
   181     2     7     0     5     7     1     3     1     0     1     0     0     2     0     1   858     0
   182     2     7     0     5     7     1     3     1     1     0     1     0     1     0     1   640     0
   183     1     4     1     8     2     4     6     1     0     0     1     1     3     0     1   980     0
   184     1     4     1     8     2     4     6     0     1     1     1     1     1     1     1  1137     0
   185     2     5     0     1     3     5     7     0     1     1     0     0     3     0     0   703     0
   186     2     8     1     7     1     3     5     0     1     1     0     0     2     0     0   624     0
   187     1     2     2     4     6     8     2     1     1     1     1     1     3     1     0   599     0
   188     1     2     2     4     6     8     2     1     1     0     0     1     1     0     0  1314     0
   189     1     2     2     4     6     8     2     1     1     0     1     0     1     0     0   817     0
   190     1     2     2     4     6     8     2     0     0     1     0     0     1     1     1   875     0
   191     1     4     1     8     2     4     6     0     1     1     1     1     2     0     1   537     0
   192     1     4     1     8     2     4     6     0     1     1     1     1     1     0     0   554     0
   193     1     2     2     4     6     8     2     0     1     1     1     1     2     0     0   453     0
   194     1     3     1     6     8     2     4     0     1     1     0     0     2     0     0   567     0
   195     2     6     2     3     5     7     1     0     0     0     1     0     3     0     1   600     0
   196     2     6     2     3     5     7     1     1     0     0     0     1     1     1     0   837     1
   197     2     5     0     1     3     5     7     0     0     1     0     0     2     1     0  1160     1
   198     2     5     0     1     3     5     7     0     1     0     1     1     1     0     1  1138     1
   199     2     6     2     3     5     7     1     0     1     1     0     1     2     0     0  1033     0
   200     2     6     2     3     5     7     1     0     0     1     1     0     1     0     1   610     0
   201     1     4     1     8     2     4     6     1     1     1     0     1     3     1     1   711     0
   202     1     4     1     8     2     4     6     1     1     1     0     0     1     0     0   572     0
   203     2     6     2     3     5     7     1     0     0     1     0     1     3     1     1   662     0
   204     2     6     2     3     5     7     1     1     1     0     0     0     1     1     1   671     0
   205     2     5     0     1     3     5     7     0     0     0     0     1     2     1     1   617     1
   206     1     4     1     8     2     4     6     1     1     0     0     1     3     1     1  1009     1
   207     2     7     0     5     7     1     3     0     1     1     0     0     3     1     0  1214     0
   208     2     8     1     7     1     3     5     1     0     1     0     1     2     1     1  1008     0
   209     2     6     2     3     5     7     1     0     0     0     0     1     2     1     0   808     0
   210     2     6     2     3     5     7     1     1     1     1     0     1     1     1     1   620     0
   211     2     7     0     5     7     1     3     0     1     1     0     1     2     1     0   632     0
   212     2     7     0     5     7     1     3     0     0     1     1     0     1     0     1   656     0
   213     1     2     2     4     6     8     2     1     1     0     0     0     3     1     1   618     0
   214     2     7     0     5     7     1     3     0     0     1     0     0     3     1     1   598     1
   215     1     3     1     6     8     2     4     0     1     1     1     1     3     0     1  1096     0
   216     1     2     2     4     6     8     2     0     0     1     1     1     2     0     1   717     0
   217     1     4     1     8     2     4     6     0     1     0     0     0     2     0     1   925     0
   218     1     4     1     8     2     4     6     0     0     0     1     1     1     0     1   686     0
   219     1     4     1     8     2     4     6     1     0     0     0     1     1     1     0   782     0
   220     1     4     1     8     2     4     6     1     0     1     0     1     1     0     0   831     0
   221     2     5     0     1     3     5     7     1     1     0     0     1     3     0     1   440     0
   222     2     7     0     5     7     1     3     0     1     0     0     1     2     1     0   776     0
   223     2     8     1     7     1     3     5     0     1     1     0     0     2     0     0   779     0
   224     2     5     0     1     3     5     7     1     0     1     1     0     2     1     1   936     0
   225     1     2     2     4     6     8     2     0     1     0     0     0     3     1     1   760     0
   226     1     2     2     4     6     8     2     0     0     1     0     0     1     0     1   622     1
   227     1     2     2     4     6     8     2     1     1     0     0     1     1     1     1   687     0
   228     1     2     2     4     6     8     2     0     0     0     1     1     1     1     1   665     0
   229     2     7     0     5     7     1     3     0     1     0     1     1     3     0     1   691     0
   230     2     5     0     1     3     5     7     1     1     0     1     0     2     1     0  1030     0
   231     2     6     2     3     5     7     1     1     0     1     1     0     2     0     1   577     0
   232     2     8     1     7     1     3     5     1     1     0     0     1     2     0     1   602     0
   233     2     5     0     1     3     5     7     0     1     0     1     0     2     1     0  1129     0
   234     2     6     2     3     5     7     1     0     1     0     0     1     2     0     0   640     0
   235     2     7     0     5     7     1     3     0     1     1     0     0     2     0     0   973     0
   236     2     7     0     5     7     1     3     1     0     1     1     1     1     1     1   769     0
   237     2     5     0     1     3     5     7     1     1     1     1     0     2     0     1   471     0
   238     2     5     0     1     3     5     7     0     0     1     0     0     1     1     1   649     1
   239     1     4     1     8     2     4     6     1     1     0     1     0     3     1     1   590     0
   240     2     5     0     1     3     5     7     0     0     1     0     0     3     1     1   712     0
   241     2     6     2     3     5     7     1     1     1     1     0     1     2     1     1   827     0
   242     1     3     1     6     8     2     4     1     0     0     0     0     3     0     1   675     0
   243     2     6     2     3     5     7     1     1     1     1     0     0     3     0     1   484     0
   244     1     3     1     6     8     2     4     1     1     1     0     0     3     0     0   760     0
   245     2     7     0     5     7     1     3     1     0     1     1     0     3     0     1   542     0
   246     2     7     0     5     7     1     3     1     1     0     1     0     1     0     1   694     0
   247     1     4     1     8     2     4     6     1     0     1     0     1     3     0     1   596     0
   248     1     4     1     8     2     4     6     1     1     0     1     1     1     0     1   521     0
   249     2     8     1     7     1     3     5     1     1     0     1     0     3     0     0   540     0
   250     2     8     1     7     1     3     5     1     1     0     0     1     1     0     0   514     0
   251     2     6     2     3     5     7     1     0     1     0     0     1     2     1     0   946     0
   252     2     6     2     3     5     7     1     0     0     1     0     1     1     0     1   453     1
   253     2     8     1     7     1     3     5     1     0     0     1     0     2     1     0   816     0
   254     2     5     0     1     3     5     7     0     0     0     1     0     2     1     0   749     0
   255     2     6     2     3     5     7     1     0     0     1     1     0     2     0     0   648     0
   256     2     7     0     5     7     1     3     1     0     0     1     1     2     1     0   784     0
   257     2     7     0     5     7     1     3     1     1     1     1     1     1     0     1   640     0
   258     2     7     0     5     7     1     3     1     1     0     1     0     1     0     0   491     0
   259     2     8     1     7     1     3     5     0     0     1     1     0     2     1     1   723     1
   260     2     8     1     7     1     3     5     1     0     1     1     0     1     1     0   972     0
   261     1     2     2     4     6     8     2     1     1     0     1     0     3     0     1   641     0
   262     1     2     2     4     6     8     2     0     0     1     0     1     1     1     1   837     0
   263     2     8     1     7     1     3     5     1     1     1     1     0     3     1     1   619     0
   264     2     8     1     7     1     3     5     0     0     1     0     1     1     1     1   700     0
   265     2     6     2     3     5     7     1     1     0     0     1     0     2     1     0   696     0
   266     2     7     0     5     7     1     3     0     0     0     1     0     2     1     0   645     0
   267     1     4     1     8     2     4     6     1     1     1     0     0     3     1     1   688     0
   268     1     4     1     8     2     4     6     1     1     1     0     1     1     0     0   716     0
   269     2     6     2     3     5     7     1     0     0     1     0     1     3     1     1   558     0
   270     2     6     2     3     5     7     1     1     1     0     1     0     1     1     1   546     0
   271     1     2     2     4     6     8     2     0     0     1     0     1     3     1     1   642     1
   272     1     2     2     4     6     8     2     1     0     0     1     1     1     1     0   624     0
   273     1     1     2     2     4     6     8     0     0     1     1     0     2     1     0   784     0
   274     1     1     2     2     4     6     8     0     0     0     0     0     1     0     0   518     0
   275     1     3     1     6     8     2     4     1     0     0     1     0     2     1     0   696     0
   276     1     4     1     8     2     4     6     0     1     0     0     1     2     1     1  1072     0
   277     1     1     2     2     4     6     8     0     1     1     1     1     2     0     0   533     1
   278     1     3     1     6     8     2     4     1     0     0     0     1     2     1     1  1235     0
   279     2     5     0     1     3     5     7     0     1     1     0     0     3     1     1   989     0
   280     2     7     0     5     7     1     3     1     0     1     1     0     2     1     1   607     1
   281     1     2     2     4     6     8     2     0     0     1     0     0     3     1     0   742     0
   282     1     3     1     6     8     2     4     0     1     1     0     1     2     0     1   546     0
   283     2     6     2     3     5     7     1     0     1     1     1     0     3     0     0   672     0
   284     2     7     0     5     7     1     3     0     0     1     0     0     2     0     1  1125     0
   285     2     7     0     5     7     1     3     0     0     1     1     0     1     0     0   490     0
   286     1     2     2     4     6     8     2     0     1     1     0     0     3     0     1   530     0
   287     2     7     0     5     7     1     3     1     1     0     0     1     3     1     0   568     0
   288     2     5     0     1     3     5     7     1     0     0     1     1     2     0     1   612     1
   289     1     2     2     4     6     8     2     0     0     1     0     1     3     1     0  1041     0
   290     1     4     1     8     2     4     6     0     0     0     0     1     2     0     0   474     0
   291     2     7     0     5     7     1     3     1     0     0     0     1     3     1     0   659     0
   292     2     8     1     7     1     3     5     0     1     0     1     1     2     1     1   720     0
   293     2     6     2     3     5     7     1     0     0     1     0     0     2     0     1   577     0
   294     2     6     2     3     5     7     1     0     0     0     0     0     1     0     0   463     0
   295     2     5     0     1     3     5     7     1     1     1     0     0     2     1     1   700     0
   296     2     5     0     1     3     5     7     0     0     1     1     1     1     1     1   589     0
   297     2     6     2     3     5     7     1     1     0     0     0     1     2     1     0  1004     0
   298     2     8     1     7     1     3     5     1     0     1     0     1     2     0     0   632     1
   299     2     8     1     7     1     3     5     1     1     1     1     1     1     0     1   673     0
   300     2     8     1     7     1     3     5     0     0     1     1     1     1     1     1   802     0
   301     2     5     0     1     3     5     7     0     1     0     0     1     2     0     1   524     0
   302     2     5     0     1     3     5     7     0     0     0     0     1     1     0     1   809     0
   303     2     6     2     3     5     7     1     1     0     1     0     1     2     1     0   702     0
   304     2     5     0     1     3     5     7     1     1     1     1     1     2     0     1   654     0
   305     1     4     1     8     2     4     6     1     0     0     0     1     3     0     1   566     0
   306     1     4     1     8     2     4     6     0     0     1     1     0     1     1     0   689     0
   307     1     3     1     6     8     2     4     1     1     0     1     1     2     1     1   858     0
   308     1     3     1     6     8     2     4     0     1     0     0     1     1     1     0   795     0
   309     1     1     2     2     4     6     8     1     0     1     1     1     2     1     1   834     0
   310     1     1     2     2     4     6     8     0     0     1     1     1     1     1     0   760     0
   311     2     5     0     1     3     5     7     0     1     0     0     0     3     0     1   566     0
   312     2     5     0     1     3     5     7     1     0     0     1     1     1     1     1   611     0
   313     1     1     2     2     4     6     8     0     1     0     0     1     3     1     1  1078     1
   314     2     8     1     7     1     3     5     1     1     1     1     0     3     1     0  1358     0
   315     1     3     1     6     8     2     4     1     0     1     0     1     3     0     1   572     0
   316     1     3     1     6     8     2     4     0     1     1     0     0     1     1     1   946     0
   317     1     1     2     2     4     6     8     1     0     0     0     0     2     1     1   706     0
   318     1     3     1     6     8     2     4     1     0     0     0     1     2     0     0   745     0
   319     2     8     1     7     1     3     5     0     0     1     1     1     3     1     0  1048     1
   320     2     8     1     7     1     3     5     0     1     1     1     1     1     0     1   658     0
   321     1     1     2     2     4     6     8     0     1     0     1     0     3     0     0   591     0
   322     1     1     2     2     4     6     8     0     0     0     0     1     1     0     1   787     0
   323     1     3     1     6     8     2     4     0     1     0     1     0     2     0     1   637     0
   324     1     4     1     8     2     4     6     0     1     1     1     1     2     0     0   794     0
   325     1     2     2     4     6     8     2     1     1     0     1     1     2     1     0   929     0
   326     1     2     2     4     6     8     2     0     0     0     1     1     1     1     1   810     0
   327     1     4     1     8     2     4     6     1     1     1     1     0     2     1     1   713     0
   328     1     4     1     8     2     4     6     0     0     1     1     1     1     1     1   776     0
   329     1     3     1     6     8     2     4     1     1     0     0     0     2     1     1   683     0
   330     1     3     1     6     8     2     4     0     1     1     1     0     1     1     0   680     0
   331     2     5     0     1     3     5     7     0     0     0     1     1     3     0     1   604     0
   332     1     4     1     8     2     4     6     0     0     1     0     0     3     0     0   565     1
   333     1     2     2     4     6     8     2     0     1     0     0     0     2     0     1   727     0
   334     1     3     1     6     8     2     4     0     1     0     0     0     2     0     0   522     0
   335     2     6     2     3     5     7     1     1     1     0     1     0     3     1     0   655     0
   336     2     5     0     1     3     5     7     1     1     0     0     1     2     0     0   600     0
   337     2     8     1     7     1     3     5     0     0     0     0     1     2     1     1   664     0
   338     2     5     0     1     3     5     7     0     0     1     0     1     2     0     0   819     0
   339     1     2     2     4     6     8     2     1     1     0     0     1     3     1     1   640     0
   340     1     3     1     6     8     2     4     0     1     0     0     0     2     1     0   626     1
   341     1     1     2     2     4     6     8     0     0     1     1     1     2     0     1   718     0
   342     1     1     2     2     4     6     8     0     1     1     1     0     1     0     1   586     1
   343     1     1     2     2     4     6     8     1     1     0     1     0     1     1     0   999     1
   344     2     8     1     7     1     3     5     0     1     1     1     1     3     1     0   741     0
   345     2     8     1     7     1     3     5     1     0     0     1     1     1     1     1   710     0
   346     2     7     0     5     7     1     3     0     1     1     0     0     2     1     1   742     0
   347     1     2     2     4     6     8     2     0     0     1     1     0     3     0     1   670     0
   348     1     2     2     4     6     8     2     0     0     1     1     0     1     0     0   508     0
   349     2     8     1     7     1     3     5     0     0     1     1     1     3     0     0   518     1
   350     1     3     1     6     8     2     4     1     1     0     0     1     3     1     1   740     0
   351     2     8     1     7     1     3     5     1     1     1     1     0     3     0     0   631     0
   352     2     8     1     7     1     3     5     0     0     1     1     1     1     1     1   759     0
   353     1     3     1     6     8     2     4     1     1     0     0     1     3     1     1   592     0
   354     1     2     2     4     6     8     2     1     1     1     1     0     2     0     0   738     0
   355     1     4     1     8     2     4     6     1     0     1     1     1     2     0     1   651     0
   356     1     4     1     8     2     4     6     1     1     0     1     0     1     0     1   594     0
   357     2     8     1     7     1     3     5     1     0     1     1     0     3     0     1   673     0
   358     2     8     1     7     1     3     5     0     1     1     0     0     1     1     1   850     0
   359     1     2     2     4     6     8     2     1     1     0     1     1     3     1     0   595     0
   360     1     4     1     8     2     4     6     0     1     1     0     1     2     1     0  1239     0
   361     1     4     1     8     2     4     6     1     0     1     0     0     1     1     1   620     0
   362     2     7     0     5     7     1     3     1     0     0     0     0     3     0     0   773     0
   363     2     5     0     1     3     5     7     1     0     0     0     0     2     0     0   648     0
   364     2     5     0     1     3     5     7     1     1     0     0     0     1     0     1   634     0
   365     2     5     0     1     3     5     7     1     0     1     1     1     1     0     1   897     0
   366     2     5     0     1     3     5     7     0     0     0     1     0     1     1     0   821     0
   367     2     8     1     7     1     3     5     0     1     1     1     1     2     0     1   510     0
   368     2     8     1     7     1     3     5     0     0     1     1     1     1     0     1   944     0
   369     1     2     2     4     6     8     2     0     1     0     1     1     3     0     1   581     0
   370     1     2     2     4     6     8     2     0     1     0     0     0     1     0     0   769     0
   371     2     7     0     5     7     1     3     1     0     0     1     0     3     1     1   734     0
   372     2     7     0     5     7     1     3     1     1     0     0     1     1     0     1   594     0
   373     2     6     2     3     5     7     1     0     0     0     0     1     2     1     1   782     0
   374     2     5     0     1     3     5     7     0     0     1     1     1     2     0     0  1037     0
   375     1     3     1     6     8     2     4     1     0     0     1     1     3     1     0   912     0
   376     1     3     1     6     8     2     4     1     1     1     0     0     1     0     1   536     0
   377     2     6     2     3     5     7     1     0     1     1     1     1     3     1     0   828     0
   378     2     6     2     3     5     7     1     1     0     0     0     1     1     1     1   860     0
   379     1     3     1     6     8     2     4     1     0     0     0     1     3     0     0   782     0
   380     1     3     1     6     8     2     4     1     0     0     1     1     1     0     0   537     0
   381     1     4     1     8     2     4     6     0     0     1     1     0     2     1     0   694     0
   382     1     1     2     2     4     6     8     0     0     0     0     1     2     0     0   659     0
   383     2     5     0     1     3     5     7     0     1     0     1     0     3     0     1   535     0
   384     2     5     0     1     3     5     7     1     0     1     0     1     1     1     1   553     1
   385     2     6     2     3     5     7     1     0     1     0     1     0     2     1     1   813     0
   386     2     6     2     3     5     7     1     1     0     1     0     1     1     1     1   732     0
   387     1     4     1     8     2     4     6     0     0     1     1     0     3     1     0   957     0
   388     1     4     1     8     2     4     6     1     0     1     1     1     1     1     0   740     0
   389     2     5     0     1     3     5     7     1     1     1     1     0     3     0     1   569     0
   390     2     5     0     1     3     5     7     0     1     1     1     1     1     1     0   716     0
   391     1     1     2     2     4     6     8     1     0     1     0     1     3     1     1   760     0
   392     1     1     2     2     4     6     8     0     0     1     0     0     1     1     0   662     0
   393     1     3     1     6     8     2     4     1     0     1     1     0     2     1     0   678     0
   394     1     3     1     6     8     2     4     0     1     0     0     1     1     1     1  1245     0
   395     1     4     1     8     2     4     6     0     1     1     0     0     2     0     0   650     0
   396     1     4     1     8     2     4     6     1     0     0     1     1     1     1     1   910     0
   397     2     8     1     7     1     3     5     0     1     0     1     1     3     1     1   823     1
   398     2     8     1     7     1     3     5     0     1     1     1     1     1     0     0   684     0
   399     2     8     1     7     1     3     5     0     0     1     0     1     1     0     1   606     0
   400     2     8     1     7     1     3     5     0     0     0     0     0     1     0     0   477     0
   401     2     7     0     5     7     1     3     0     0     1     0     0     2     0     0   797     0
   402     2     8     1     7     1     3     5     0     1     0     0     1     2     0     1   593     0
   403     1     2     2     4     6     8     2     1     1     1     1     0     3     1     0  1048     0
   404     1     2     2     4     6     8     2     1     0     1     0     1     1     0     1   520     1
   405     2     7     0     5     7     1     3     1     0     0     1     0     3     0     0   655     0
   406     2     6     2     3     5     7     1     1     0     0     1     0     2     0     0   563     0
   407     2     7     0     5     7     1     3     0     0     0     0     1     2     1     0  1332     0
   408     1     2     2     4     6     8     2     0     1     0     1     0     3     0     1   652     0
   409     2     8     1     7     1     3     5     0     1     0     1     1     3     0     0   753     1
   410     1     3     1     6     8     2     4     0     0     0     0     1     3     0     1   632     0
   411     1     1     2     2     4     6     8     1     0     0     0     1     2     1     0   840     0
   412     2     8     1     7     1     3     5     0     0     0     1     1     3     1     0   882     0
   413     1     4     1     8     2     4     6     0     1     0     0     0     3     0     1  1058     0
   414     2     5     0     1     3     5     7     1     0     0     1     1     3     1     1  1055     1
   415     1     3     1     6     8     2     4     1     1     1     1     0     3     0     1  1316     0
   416     2     6     2     3     5     7     1     0     0     1     0     0     3     1     1   926     0
   417     1     3     1     6     8     2     4     1     0     1     0     0     3     1     0   609     0
   418     1     1     2     2     4     6     8     0     1     0     0     0     2     1     1   643     0
   419     2     8     1     7     1     3     5     1     1     1     1     1     3     1     0   601     0
   420     1     1     2     2     4     6     8     0     1     0     1     0     3     1     0   772     0
   421     2     7     0     5     7     1     3     1     1     1     1     0     3     1     0   697     0
   422     2     7     0     5     7     1     3     0     0     1     1     0     1     1     1   961     0
   423     1     1     2     2     4     6     8     1     1     0     0     0     3     1     1   686     0
   424     1     2     2     4     6     8     2     0     1     1     0     0     2     1     0   788     1
   425     2     8     1     7     1     3     5     0     1     1     1     1     3     0     0   608     0
   426     2     8     1     7     1     3     5     0     0     1     1     1     1     0     1   565     0
   427     1     2     2     4     6     8     2     1     0     0     0     0     3     1     0   733     0
   428     1     2     2     4     6     8     2     1     1     1     0     0     1     0     1   559     0
   429     1     1     2     2     4     6     8     1     0     1     0     1     2     0     1   757     0
   430     1     2     2     4     6     8     2     0     1     1     0     1     2     1     1   980     0
   431     2     5     0     1     3     5     7     1     1     1     0     0     3     1     0   835     1
   432     2     5     0     1     3     5     7     1     0     1     0     1     1     0     1   709     0
   433     1     3     1     6     8     2     4     0     0     1     0     0     3     1     0   830     0
   434     1     4     1     8     2     4     6     1     0     1     1     0     2     1     0   659     0
   435     1     3     1     6     8     2     4     1     1     0     0     1     2     0     1   695     0
   436     1     1     2     2     4     6     8     0     0     1     0     1     2     1     1   648     1
   437     1     1     2     2     4     6     8     0     0     1     0     0     1     0     0   986     0
   438     2     6     2     3     5     7     1     1     0     1     0     1     3     1     0   731     0
   439     1     3     1     6     8     2     4     0     0     0     0     0     3     1     0   618     0
   440     1     3     1     6     8     2     4     1     0     1     0     1     1     1     0   640     0
   441     2     7     0     5     7     1     3     0     0     1     0     0     3     1     0   712     0
   442     2     7     0     5     7     1     3     0     1     1     1     0     1     0     1   651     0
   443     1     3     1     6     8     2     4     0     0     1     1     0     3     0     1   846     0
   444     1     3     1     6     8     2     4     0     1     1     0     0     1     0     1   554     0
   445     1     1     2     2     4     6     8     1     1     0     1     1     2     1     0   819     1
   446     1     1     2     2     4     6     8     0     1     1     0     1     1     1     0  1152     0
   447     1     3     1     6     8     2     4     0     0     0     1     0     2     0     1   725     0
   448     1     3     1     6     8     2     4     0     1     1     0     1     1     0     1   520     1
   449     2     8     1     7     1     3     5     0     1     1     1     0     3     0     0   888     0
   450     1     1     2     2     4     6     8     1     0     0     0     1     3     1     1   800     0
   451     1     3     1     6     8     2     4     0     0     1     1     1     2     1     0   575     1
   452     1     3     1     6     8     2     4     1     1     0     1     0     1     1     1   715     0
   453     1     1     2     2     4     6     8     0     0     1     1     1     2     1     1   813     0
   454     1     4     1     8     2     4     6     0     0     0     1     1     2     0     0   539     1
   455     1     2     2     4     6     8     2     1     0     1     0     0     2     1     0   710     0
   456     1     1     2     2     4     6     8     0     1     1     0     1     2     1     1   668     0
   457     1     2     2     4     6     8     2     0     1     1     1     1     2     0     0   657     0
   458     1     2     2     4     6     8     2     1     1     0     0     1     1     1     0   765     0
   459     1     3     1     6     8     2     4     0     0     1     0     0     2     1     1   690     0
   460     1     4     1     8     2     4     6     0     0     0     0     0     2     0     0   810     0
   461     2     6     2     3     5     7     1     1     1     0     1     0     3     1     1   503     0
   462     2     8     1     7     1     3     5     0     0     1     0     1     2     1     1   592     0
   463     1     3     1     6     8     2     4     0     1     0     0     1     3     0     1   533     0
   464     1     3     1     6     8     2     4     0     0     1     0     0     1     0     1   501     0
   465     2     5     0     1     3     5     7     0     0     1     1     0     3     0     0   662     0
   466     2     5     0     1     3     5     7     1     0     1     1     1     1     1     0   592     1
   467     1     2     2     4     6     8     2     0     0     1     0     0     3     1     0   764     0
   468     1     4     1     8     2     4     6     0     0     0     0     0     2     0     0   494     0
   469     2     5     0     1     3     5     7     1     1     1     0     0     3     1     1   668     0
   470     2     5     0     1     3     5     7     0     1     1     0     1     1     1     0   538     0
   471     1     3     1     6     8     2     4     1     1     1     1     0     3     1     0   627     0
   472     1     3     1     6     8     2     4     0     0     0     0     1     1     1     1   662     0
   473     1     4     1     8     2     4     6     1     0     0     0     0     2     1     0   486     0
   474     1     4     1     8     2     4     6     0     1     1     0     0     1     1     1   754     0
   475     1     2     2     4     6     8     2     1     0     0     1     1     2     1     1   795     0
   476     1     2     2     4     6     8     2     1     1     0     0     1     1     0     1   727     0
   477     2     6     2     3     5     7     1     0     1     1     0     0     3     1     0   635     0
   478     2     6     2     3     5     7     1     0     1     0     0     0     1     0     0   488     0
   479     1     2     2     4     6     8     2     0     0     0     1     1     3     0     1   793     0
   480     1     2     2     4     6     8     2     0     0     0     0     1     1     0     0   435     0
   481     1     2     2     4     6     8     2     0     1     1     0     1     1     0     1   662     0
   482     1     2     2     4     6     8     2     1     0     0     1     1     1     1     1   620     0
   483     1     1     2     2     4     6     8     1     0     0     0     0     2     0     0   465     0
   484     1     1     2     2     4     6     8     1     1     0     1     0     1     0     1   492     0
   485     2     8     1     7     1     3     5     0     1     1     0     1     3     1     0   696     0
   486     2     8     1     7     1     3     5     1     1     1     0     0     1     1     0   643     0
   487     1     1     2     2     4     6     8     1     1     1     0     1     3     0     0   542     0
   488     1     1     2     2     4     6     8     0     1     1     1     1     1     1     0   666     0
   489     2     8     1     7     1     3     5     0     1     1     0     0     3     0     0   492     0
   490     2     8     1     7     1     3     5     1     0     0     0     0     1     1     1   527     0
   491     2     6     2     3     5     7     1     1     0     0     0     1     2     0     0   591     0
   492     2     6     2     3     5     7     1     1     0     1     1     0     1     0     0   554     0
   493     1     2     2     4     6     8     2     0     1     1     1     1     3     1     1   485     0
   494     2     5     0     1     3     5     7     0     0     0     0     1     3     0     1   478     0
   495     2     8     1     7     1     3     5     1     1     0     1     0     2     1     1   712     0
   496     2     8     1     7     1     3     5     0     0     1     0     0     1     1     1   607     0
   497     1     3     1     6     8     2     4     1     1     1     0     1     3     1     1   583     0
   498     2     8     1     7     1     3     5     0     1     0     1     1     3     1     0   739     0
   499     2     7     0     5     7     1     3     0     1     1     0     1     2     0     0   710     0
   500     2     8     1     7     1     3     5     1     0     1     1     0     2     1     1   487     0
   501     1     4     1     8     2     4     6     1     1     0     0     1     3     0     1   445     0
   502     1     4     1     8     2     4     6     0     1     0     0     0     1     1     0   794     1
   503     2     6     2     3     5     7     1     0     1     0     0     1     3     0     0   645     0
   504     1     3     1     6     8     2     4     1     1     1     1     0     3     1     0   618     0
   505     1     3     1     6     8     2     4     1     0     1     0     1     1     0     1   569     0
   506     1     3     1     6     8     2     4     1     0     1     1     1     1     0     0   467     0
   507     2     8     1     7     1     3     5     0     1     1     1     0     3     1     1   501     0
   508     2     5     0     1     3     5     7     1     1     0     1     1     2     1     0   724     0
   509     1     4     1     8     2     4     6     1     1     1     0     1     3     0     0   859     1
   510     1     1     2     2     4     6     8     1     0     1     0     0     2     0     1   581     0
   511     2     5     0     1     3     5     7     0     1     1     1     1     3     1     1   542     0
   512     2     6     2     3     5     7     1     0     1     1     1     1     2     0     0   486     0
   513     1     1     2     2     4     6     8     0     1     1     0     0     3     0     0   615     0
   514     1     4     1     8     2     4     6     1     0     0     0     0     2     1     1   493     0
   515     1     2     2     4     6     8     2     1     1     1     0     1     2     0     1   429     0
   516     1     2     2     4     6     8     2     1     0     0     0     0     1     0     1   468     1
   517     2     6     2     3     5     7     1     0     1     1     1     1     3     1     1   500     0
   518     2     6     2     3     5     7     1     0     0     1     1     1     1     0     1   625     0
   519     2     8     1     7     1     3     5     0     1     0     0     0     2     0     1   572     0
   520     2     8     1     7     1     3     5     0     0     1     0     1     1     0     1   524     0
   521     1     2     2     4     6     8     2     0     1     1     0     1     3     0     1   583     0
   522     1     2     2     4     6     8     2     1     0     0     0     0     1     1     1   843     0
   523     1     3     1     6     8     2     4     0     1     1     1     0     2     1     1   537     0
   524     1     3     1     6     8     2     4     0     0     0     1     1     1     0     1   597     1
   525     1     4     1     8     2     4     6     0     0     0     1     1     2     0     0   860     0
   526     1     1     2     2     4     6     8     1     1     0     0     1     2     1     1   705     0
   527     2     7     0     5     7     1     3     1     1     0     1     1     3     0     0   803     0
   528     2     7     0     5     7     1     3     1     0     0     1     0     1     0     1   530     0
   529     2     6     2     3     5     7     1     1     0     0     0     1     2     0     0   644     0
   530     2     6     2     3     5     7     1     1     1     1     0     1     1     0     1   516     0
   531     1     1     2     2     4     6     8     0     1     0     0     1     3     1     0  1381     0
   532     1     1     2     2     4     6     8     1     0     0     1     1     1     1     1   766     0
   533     1     1     2     2     4     6     8     1     0     0     0     0     1     0     0   528     0
   534     1     2     2     4     6     8     2     1     1     0     0     0     2     0     1   595     0
   535     2     8     1     7     1     3     5     1     1     1     0     0     3     0     0   593     0
   536     2     6     2     3     5     7     1     0     0     1     1     0     2     1     1  1354     0
   537     2     7     0     5     7     1     3     1     0     1     1     1     2     1     0   743     0
   538     2     7     0     5     7     1     3     1     1     1     1     0     1     0     1   505     0
   539     1     2     2     4     6     8     2     0     0     1     1     0     3     1     1   771     1
   540     1     1     2     2     4     6     8     1     0     1     1     1     2     1     0   884     0
   541     2     5     0     1     3     5     7     1     1     0     0     0     3     0     1   522     0
   542     2     5     0     1     3     5     7     1     0     1     1     0     1     0     1   692     0
   543     1     3     1     6     8     2     4     0     1     1     0     1     3     1     1   951     0
   544     1     2     2     4     6     8     2     0     1     0     1     1     2     0     0   899     0
   545     1     1     2     2     4     6     8     0     1     1     0     1     2     0     0   593     0
   546     1     1     2     2     4     6     8     0     0     0     0     0     1     0     1   561     0
   547     1     4     1     8     2     4     6     0     0     1     1     0     2     0     0   745     0
   548     1     1     2     2     4     6     8     1     0     0     0     1     2     1     0  1083     0
   549     1     3     1     6     8     2     4     0     1     1     1     0     2     1     1   628     0
   550     2     6     2     3     5     7     1     1     1     0     0     0     3     1     0   881     0
   551     2     8     1     7     1     3     5     0     1     1     0     0     2     1     0   601     0
   552     2     8     1     7     1     3     5     0     1     0     1     1     1     0     0   583     0
   553     2     6     2     3     5     7     1     0     1     0     0     0     2     0     0   809     0
   554     2     6     2     3     5     7     1     1     0     0     1     1     1     1     1   691     0
   555     2     5     0     1     3     5     7     1     1     1     0     1     2     0     1   678     0
   556     2     8     1     7     1     3     5     1     0     0     0     1     2     0     1   525     0
   557     1     1     2     2     4     6     8     0     1     0     1     0     3     1     1   575     0
   558     1     1     2     2     4     6     8     0     1     0     1     0     1     0     0   567     0
   559     2     8     1     7     1     3     5     0     1     0     0     0     3     0     0   633     0
   560     2     6     2     3     5     7     1     0     1     0     0     0     2     0     0   610     0
   561     2     6     2     3     5     7     1     1     1     0     1     0     1     1     0   496     0
   562     2     6     2     3     5     7     1     1     1     1     1     1     1     0     0   419     0
   563     1     3     1     6     8     2     4     1     0     1     0     1     3     0     1   717     0
   564     1     3     1     6     8     2     4     0     1     1     1     0     1     1     1   723     1
   565     2     7     0     5     7     1     3     1     0     1     0     0     3     1     1   858     0
   566     2     7     0     5     7     1     3     0     1     0     1     0     1     1     1   830     0
   567     1     2     2     4     6     8     2     1     1     0     1     1     3     1     0   714     0
   568     2     5     0     1     3     5     7     0     1     0     0     1     3     1     0  1124     0
   569     2     5     0     1     3     5     7     1     1     0     1     0     1     1     0   641     0
   570     2     7     0     5     7     1     3     0     0     1     0     0     2     1     1   670     0
   571     1     3     1     6     8     2     4     1     1     1     1     1     3     1     1  1012     0
   572     1     3     1     6     8     2     4     0     1     1     0     0     1     1     0   648     0
   573     1     1     2     2     4     6     8     0     0     0     1     0     2     0     1   662     0
   574     1     3     1     6     8     2     4     1     1     0     0     0     2     1     1   931     0
   575     1     1     2     2     4     6     8     1     0     0     1     1     2     0     1   533     0
   576     1     1     2     2     4     6     8     0     1     1     0     1     1     1     1   586     0
   577     2     7     0     5     7     1     3     0     1     1     1     1     3     0     0   566     0
   578     2     7     0     5     7     1     3     1     1     1     1     0     1     1     0   566     0
   579     2     5     0     1     3     5     7     0     1     1     1     0     2     1     0   600     0
   580     2     5     0     1     3     5     7     1     0     0     0     1     1     1     1   557     0
   581     1     2     2     4     6     8     2     1     1     1     0     1     3     0     1   630     0
   582     1     2     2     4     6     8     2     0     1     0     0     0     1     1     0   824     0
   583     2     5     0     1     3     5     7     1     0     1     1     1     3     1     1   774     0
   584     2     5     0     1     3     5     7     0     1     1     0     0     1     1     1   714     0
   585     2     5     0     1     3     5     7     0     0     0     1     0     1     0     1   581     0
   586     2     6     2     3     5     7     1     1     0     0     0     0     2     1     0   667     0
   587     2     6     2     3     5     7     1     0     0     0     1     1     1     1     0   628     1
   588     2     6     2     3     5     7     1     1     0     0     0     0     1     1     0   654     0
   589     1     2     2     4     6     8     2     1     0     0     0     1     3     0     0   521     1
   590     1     2     2     4     6     8     2     1     0     1     1     0     1     0     0   640     0
   591     1     4     1     8     2     4     6     1     0     0     1     1     2     0     0   501     0
   592     1     1     2     2     4     6     8     0     1     1     0     1     2     1     1   850     0
   593     1     3     1     6     8     2     4     0     0     0     1     1     2     0     1   805     0
   594     1     3     1     6     8     2     4     1     1     1     1     1     1     1     1   544     0
   595     1     3     1     6     8     2     4     1     1     0     1     1     1     0     0   478     0
   596     1     3     1     6     8     2     4     0     0     1     0     0     1     1     1   744     0
   597     2     5     0     1     3     5     7     0     0     1     1     1     3     0     0   618     0
   598     2     5     0     1     3     5     7     0     0     1     0     1     1     0     0   483     0
   599     1     3     1     6     8     2     4     1     0     0     1     1     3     1     0   659     0
   600     1     3     1     6     8     2     4     0     1     0     0     1     1     1     1   597     0
   601     1     4     1     8     2     4     6     0     1     1     0     1     2     0     0   552     0
   602     2     5     0     1     3     5     7     1     0     0     0     0     3     1     1   786     1
   603     2     6     2     3     5     7     1     0     1     0     0     1     2     1     1   833     0
   604     2     6     2     3     5     7     1     1     1     0     0     0     1     1     0   652     0
   605     1     1     2     2     4     6     8     1     0     1     1     0     3     0     1   685     0
   606     1     1     2     2     4     6     8     1     1     1     0     0     1     0     1   741     0
   607     2     5     0     1     3     5     7     1     0     1     0     1     3     0     1   537     0
   608     2     6     2     3     5     7     1     0     0     1     1     0     2     1     0   849     0
   609     1     4     1     8     2     4     6     1     1     1     1     0     3     1     1   517     0
   610     2     7     0     5     7     1     3     1     1     0     0     1     3     0     0   793     0
   611     1     1     2     2     4     6     8     1     1     1     1     1     3     0     0   549     0
   612     1     1     2     2     4     6     8     0     0     1     1     1     1     1     1   614     0
   613     2     6     2     3     5     7     1     0     1     1     0     1     3     0     1   875     0
   614     2     7     0     5     7     1     3     0     0     0     1     0     2     0     1   855     0
   615     1     4     1     8     2     4     6     1     1     1     0     0     3     1     1   817     1
   616     1     3     1     6     8     2     4     1     1     1     0     1     2     0     0   706     0
   617     1     2     2     4     6     8     2     0     0     0     1     0     2     1     1   955     0
   618     1     2     2     4     6     8     2     0     1     1     0     1     1     0     1   488     0
   619     2     8     1     7     1     3     5     1     1     1     0     1     3     1     0   594     0
   620     2     5     0     1     3     5     7     1     1     0     0     1     2     0     0   551     0
   621     2     8     1     7     1     3     5     1     1     0     0     0     2     0     0   968     0
   622     2     6     2     3     5     7     1     0     0     1     0     1     2     1     1   636     0
   623     2     6     2     3     5     7     1     0     1     1     0     0     1     0     1   563     0
   624     2     7     0     5     7     1     3     1     1     0     0     1     2     1     0   783     0
   625     1     1     2     2     4     6     8     1     0     1     1     1     3     0     1   545     0
   626     2     6     2     3     5     7     1     1     0     1     1     1     3     0     0   861     0
   627     2     8     1     7     1     3     5     0     0     0     1     1     2     1     0   757     0
   628     2     5     0     1     3     5     7     1     1     0     0     1     2     1     1   594     0
   629     1     2     2     4     6     8     2     0     1     1     0     0     3     1     0   767     0
   630     1     2     2     4     6     8     2     1     0     1     1     0     1     1     1   680     0
   631     1     3     1     6     8     2     4     1     0     1     1     0     2     0     0   614     1
   632     2     8     1     7     1     3     5     1     1     0     1     1     3     0     1   594     0
   633     1     3     1     6     8     2     4     0     0     1     1     0     3     1     1  1154     0
   634     1     4     1     8     2     4     6     0     0     1     0     0     2     0     0   510     0
   635     1     1     2     2     4     6     8     1     1     1     0     0     2     1     1   637     0
   636     1     1     2     2     4     6     8     0     1     0     1     1     1     1     0   564     0
   637     2     8     1     7     1     3     5     0     0     0     0     0     3     0     1   610     0
   638     2     8     1     7     1     3     5     1     1     0     0     1     1     1     1   707     0
   639     1     2     2     4     6     8     2     0     0     0     1     0     3     1     1   754     0
   640     1     3     1     6     8     2     4     0     1     0     0     1     2     0     1   508     0
   641     1     4     1     8     2     4     6     1     0     1     0     0     2     1     1   644     0
   642     2     7     0     5     7     1     3     1     0     1     1     1     3     0     0   589     1
   643     1     4     1     8     2     4     6     1     1     0     0     0     3     0     1   866     0
   644     1     4     1     8     2     4     6     1     0     0     1     0     1     0     1  1045     0
   645     1     4     1     8     2     4     6     0     1     0     1     1     1     1     1   811     0
   646     1     2     2     4     6     8     2     1     1     1     1     0     2     1     0   856     0
   647     1     3     1     6     8     2     4     0     0     0     1     1     2     1     1   640     0
   648     1     1     2     2     4     6     8     0     0     0     0     0     2     0     0   560     0
   649     1     4     1     8     2     4     6     1     1     1     1     1     2     1     1   495     0
   650     1     4     1     8     2     4     6     0     1     0     1     0     1     1     0  1115     0
   651     1     2     2     4     6     8     2     1     1     0     0     0     2     1     0   665     0
   652     1     3     1     6     8     2     4     1     1     0     0     1     2     0     0   903     0
   653     2     8     1     7     1     3     5     0     1     1     0     1     3     1     0   580     0
   654     2     8     1     7     1     3     5     0     0     1     1     0     1     0     1   600     0
   655     2     7     0     5     7     1     3     1     1     0     1     1     2     1     1   781     0
   656     2     7     0     5     7     1     3     0     1     0     0     1     1     1     0   613     0
   657     2     8     1     7     1     3     5     1     0     1     0     0     2     1     1   563     0
   658     2     8     1     7     1     3     5     1     1     1     0     1     1     0     1   832     0
   659     1     4     1     8     2     4     6     1     0     0     1     0     3     0     1   490     0
   660     1     4     1     8     2     4     6     0     0     0     1     0     1     1     0   553     0
   661     2     7     0     5     7     1     3     0     1     1     0     1     3     0     1   421     0
   662     1     2     2     4     6     8     2     1     0     1     0     0     3     1     1   745     0
   663     1     4     1     8     2     4     6     1     0     0     1     1     2     0     0   712     0
   664     2     7     0     5     7     1     3     1     0     1     0     0     3     0     0   548     0
   665     1     3     1     6     8     2     4     0     1     0     0     0     3     1     1   698     0
   666     1     3     1     6     8     2     4     1     0     0     1     0     1     1     1   521     0
   667     2     7     0     5     7     1     3     1     1     1     0     0     3     0     1   645     0
   668     1     4     1     8     2     4     6     0     0     0     0     0     3     1     1   530     0
   669     2     7     0     5     7     1     3     0     0     1     0     0     3     0     0   504     0
   670     2     7     0     5     7     1     3     0     0     0     0     1     1     0     0   415     0
   671     2     8     1     7     1     3     5     0     1     1     0     0     2     0     1   443     0
   672     2     8     1     7     1     3     5     1     1     0     0     0     1     1     0   405     1
   673     1     1     2     2     4     6     8     1     0     1     1     0     3     0     1   664     0
   674     1     1     2     2     4     6     8     0     0     1     0     0     1     1     0   746     0
   675     2     5     0     1     3     5     7     0     1     0     0     1     3     0     1   416     0
   676     2     5     0     1     3     5     7     0     0     1     0     0     1     0     1   393     1
   677     2     7     0     5     7     1     3     0     1     0     1     0     2     0     1  1162     1
   678     2     8     1     7     1     3     5     1     0     1     1     0     2     1     1  1014     0
   679     2     8     1     7     1     3     5     0     1     0     0     0     1     1     1   591     0
   680     2     8     1     7     1     3     5     0     0     0     0     0     1     0     1   618     0
   681     1     1     2     2     4     6     8     0     0     1     1     0     3     0     0   518     0
   682     1     1     2     2     4     6     8     0     0     0     0     1     1     0     0   498     0
   683     1     3     1     6     8     2     4     0     0     0     1     1     2     0     0   385     0
   684     1     3     1     6     8     2     4     0     1     0     0     1     1     0     1   533     0
   685     1     1     2     2     4     6     8     1     0     1     1     1     2     1     1   703     0
   686     1     2     2     4     6     8     2     1     0     0     1     0     2     0     0   535     0
   687     2     5     0     1     3     5     7     0     0     0     1     1     3     1     0   566     0
   688     1     2     2     4     6     8     2     0     0     0     1     0     3     0     0   491     0
   689     2     8     1     7     1     3     5     1     1     1     1     0     3     1     1   636     0
   690     2     7     0     5     7     1     3     1     0     0     1     0     2     0     1   493     0
   691     2     8     1     7     1     3     5     1     0     1     1     1     2     0     0   517     0
   692     2     8     1     7     1     3     5     0     0     0     0     0     1     1     0   430     0
   693     2     6     2     3     5     7     1     0     0     0     0     1     2     0     0   484     0
   694     2     6     2     3     5     7     1     1     1     0     0     0     1     1     1   516     0
   695     1     1     2     2     4     6     8     1     1     0     1     0     3     0     0   428     0
   696     1     1     2     2     4     6     8     1     1     1     1     1     1     0     0   383     0
   697     1     1     2     2     4     6     8     1     0     1     1     1     1     0     1   482     0
   698     2     8     1     7     1     3     5     1     0     1     0     1     3     0     0   541     0
   699     2     5     0     1     3     5     7     0     0     1     0     0     2     1     0   575     1
   700     2     8     1     7     1     3     5     0     1     1     1     0     2     0     1   529     0
   701     2     8     1     7     1     3     5     0     0     1     1     1     1     0     1   757     0
   702     1     3     1     6     8     2     4     1     0     0     1     1     3     1     0   575     0
   703     1     1     2     2     4     6     8     1     0     1     0     0     2     0     0   510     0
   704     1     1     2     2     4     6     8     0     1     0     1     0     1     1     1   419     0
   705     1     4     1     8     2     4     6     1     1     1     1     1     2     1     0   735     0
   706     1     4     1     8     2     4     6     0     1     0     0     0     1     1     0   783     0
   707     2     6     2     3     5     7     1     0     0     0     1     1     3     0     1   603     0
   708     2     6     2     3     5     7     1     0     0     0     1     0     1     0     0   372     0
   709     2     7     0     5     7     1     3     1     1     1     0     1     2     1     1   624     0
   710     2     7     0     5     7     1     3     1     0     1     0     1     1     0     1   387     0
   711     1     3     1     6     8     2     4     1     1     0     1     1     3     0     1   504     0
   712     1     3     1     6     8     2     4     1     0     0     1     0     1     0     1   372     0
   713     1     2     2     4     6     8     2     1     0     0     0     0     2     0     0   372     0
   714     1     1     2     2     4     6     8     0     0     0     0     1     2     1     0   503     0
   715     1     4     1     8     2     4     6     0     1     0     1     0     2     0     1   428     0
   716     1     2     2     4     6     8     2     1     0     0     1     1     2     1     1   653     0
   717     2     5     0     1     3     5     7     0     0     0     1     1     3     1     0   434     0
   718     2     5     0     1     3     5     7     1     1     0     0     1     1     1     1   423     0
   719     2     8     1     7     1     3     5     1     0     0     0     0     2     0     1   396     0
   720     1     1     2     2     4     6     8     1     1     0     1     0     3     0     1   389     0
   721     1     4     1     8     2     4     6     0     1     1     0     0     2     1     0   444     0
   722     1     4     1     8     2     4     6     1     1     1     0     1     1     1     0   453     0
   723     2     5     0     1     3     5     7     0     0     0     1     0     3     1     1   462     0
   724     2     5     0     1     3     5     7     0     1     1     0     1     1     0     1   434     0
   725     2     6     2     3     5     7     1     1     0     1     0     0     2     1     1   471     0
   726     2     7     0     5     7     1     3     1     1     0     1     1     2     0     1   575     0
   727     1     1     2     2     4     6     8     1     1     0     0     1     3     0     0   505     0
   728     2     6     2     3     5     7     1     1     1     0     1     0     3     0     0   533     0
   729     1     1     2     2     4     6     8     0     1     1     0     0     3     1     0   568     0
   730     1     1     2     2     4     6     8     0     0     1     0     0     1     0     1   437     0
   731     2     6     2     3     5     7     1     0     0     1     0     0     3     0     0   410     0
   732     2     5     0     1     3     5     7     0     1     1     0     1     2     0     1   431     0
   733     1     3     1     6     8     2     4     1     1     1     1     1     3     1     0   489     0
   734     1     3     1     6     8     2     4     0     0     0     0     1     1     1     1   418     0
   735     2     7     0     5     7     1     3     1     1     0     0     1     3     1     1   604     0
   736     1     4     1     8     2     4     6     0     1     0     0     0     3     1     0   817     0
   737     2     6     2     3     5     7     1     1     0     0     1     1     3     1     1   585     0
   738     2     6     2     3     5     7     1     1     1     1     0     1     1     0     1   411     0
   739     2     5     0     1     3     5     7     0     0     0     1     0     2     1     1   457     0
   740     2     5     0     1     3     5     7     0     1     1     1     1     1     0     1   487     0
   741     2     6     2     3     5     7     1     0     1     1     1     1     2     0     0   478     0
   742     2     6     2     3     5     7     1     1     1     0     1     1     1     1     0   474     0
   743     1     1     2     2     4     6     8     1     1     0     1     0     3     0     0   549     0
   744     1     1     2     2     4     6     8     1     0     1     1     0     1     0     1   658     0
   745     1     1     2     2     4     6     8     1     1     0     1     0     1     0     1   832     0
   746     1     1     2     2     4     6     8     0     1     0     0     1     1     1     0   857     0
   747     1     2     2     4     6     8     2     1     1     1     0     0     2     1     0   741     0
   748     2     7     0     5     7     1     3     0     1     1     1     1     3     1     0   499     0
   749     1     4     1     8     2     4     6     0     0     0     1     1     3     0     1   424     0
   750     2     5     0     1     3     5     7     1     1     0     0     1     3     1     1   613     0
   751     2     7     0     5     7     1     3     1     1     0     0     1     2     0     0   562     0
   752     2     6     2     3     5     7     1     0     1     0     0     0     2     1     0   531     0
   753     1     2     2     4     6     8     2     0     0     0     1     0     3     0     1   639     0
   754     1     2     2     4     6     8     2     0     1     0     0     0     1     0     1   497     0
   755     1     3     1     6     8     2     4     1     1     1     0     0     2     1     0   551     0
   756     2     8     1     7     1     3     5     0     0     1     1     0     3     1     1   511     0
   757     1     4     1     8     2     4     6     0     0     0     0     1     3     0     0   409     0
   758     1     4     1     8     2     4     6     1     1     0     0     0     1     1     1   551     0
   759     1     1     2     2     4     6     8     0     1     1     0     1     2     1     0   547     0
   760     1     1     2     2     4     6     8     1     1     0     1     1     1     1     0   518     0
   761     2     5     0     1     3     5     7     0     1     1     0     1     3     1     0   397     0
   762     1     2     2     4     6     8     2     1     0     1     1     1     3     1     1   573     0
   763     1     2     2     4     6     8     2     1     0     0     1     1     1     0     0   474     0
   764     1     2     2     4     6     8     2     0     0     0     1     0     1     1     0   430     0
   765     1     2     2     4     6     8     2     0     1     1     1     1     1     0     1   453     0
   766     1     3     1     6     8     2     4     1     0     1     0     1     2     1     1   642     0
   767     1     2     2     4     6     8     2     1     1     1     0     1     2     0     1   509     0
   768     1     2     2     4     6     8     2     1     0     0     1     0     1     0     1   527     1
   769     2     5     0     1     3     5     7     1     0     0     1     0     3     0     0   629     0
   770     2     6     2     3     5     7     1     0     0     1     0     0     2     1     0   416     0
   771     2     6     2     3     5     7     1     0     0     1     1     1     1     0     0   484     0
   772     2     7     0     5     7     1     3     0     0     1     0     1     2     0     0   484     0
   773     2     8     1     7     1     3     5     1     0     0     1     0     2     1     0   599     0
   774     2     8     1     7     1     3     5     0     0     0     1     0     1     1     0   400     0
   775     1     1     2     2     4     6     8     0     1     1     1     1     3     0     1   423     0
   776     1     1     2     2     4     6     8     1     0     0     0     1     1     1     1   608     0
   777     1     1     2     2     4     6     8     0     1     1     0     0     1     1     1   434     0
   778     1     2     2     4     6     8     2     1     1     0     1     1     2     1     0   542     0
   779     2     8     1     7     1     3     5     1     0     0     1     1     3     0     1   599     0
   780     2     8     1     7     1     3     5     0     1     0     0     1     1     1     1   510     0
   781     2     6     2     3     5     7     1     0     1     1     1     1     2     0     0   469     0
   782     2     8     1     7     1     3     5     1     1     0     0     0     2     1     0   610     0
   783     2     6     2     3     5     7     1     0     0     0     0     1     2     1     1   727     0
   784     2     6     2     3     5     7     1     1     1     0     0     0     1     1     1   616     0
   785     2     5     0     1     3     5     7     0     0     0     0     1     2     1     1   472     0
   786     2     5     0     1     3     5     7     0     1     0     1     1     1     0     1   413     0
   787     1     3     1     6     8     2     4     0     1     1     0     1     3     0     0   504     0
   788     1     3     1     6     8     2     4     0     0     0     0     0     1     0     1   611     0
   789     2     7     0     5     7     1     3     0     0     1     1     1     3     0     0   414     0
   790     2     7     0     5     7     1     3     0     1     1     0     0     1     0     1   478     0
   791     1     4     1     8     2     4     6     0     0     0     1     0     3     0     1   395     0
   792     1     4     1     8     2     4     6     1     0     1     1     1     1     1     0   609     0
   793     2     7     0     5     7     1     3     1     1     0     0     0     3     0     1   494     0
   794     2     8     1     7     1     3     5     0     1     0     0     0     2     1     0   457     0
   795     2     5     0     1     3     5     7     1     1     1     1     0     2     1     0   546     1
   796     1     2     2     4     6     8     2     1     1     1     0     0     3     0     0   514     0
   797     2     8     1     7     1     3     5     1     0     1     0     0     3     0     1   436     0
   798     2     8     1     7     1     3     5     0     0     0     0     0     1     1     0   394     0
   799     2     7     0     5     7     1     3     1     0     1     0     0     2     1     0   687     1
   800     2     7     0     5     7     1     3     0     1     1     0     1     1     1     1   478     0
   801     1     2     2     4     6     8     2     1     1     1     1     1     3     1     0   472     0
   802     2     5     0     1     3     5     7     1     0     0     0     0     3     0     1   510     0
   803     2     7     0     5     7     1     3     0     1     0     1     0     2     1     1   550     0
   804     2     7     0     5     7     1     3     1     0     0     1     1     1     1     1   549     0
   805     2     6     2     3     5     7     1     1     1     0     1     1     2     0     1   830     0
   806     2     6     2     3     5     7     1     0     1     0     0     0     1     1     0   637     0
   807     1     1     2     2     4     6     8     1     0     1     1     1     3     1     1   644     0
   808     1     1     2     2     4     6     8     0     1     1     0     0     1     1     1   538     0
   809     2     6     2     3     5     7     1     0     0     0     0     1     3     0     1   589     0
   810     2     6     2     3     5     7     1     1     1     1     0     1     1     1     1   399     0
   811     2     5     0     1     3     5     7     1     1     1     0     1     2     0     0   459     0
   812     2     5     0     1     3     5     7     0     1     1     0     1     1     1     0   442     0
   813     1     1     2     2     4     6     8     1     1     1     0     0     3     1     0   462     0
   814     1     1     2     2     4     6     8     0     1     1     0     1     1     1     0   478     0
   815     1     4     1     8     2     4     6     0     0     1     1     0     2     0     1   395     0
   816     1     4     1     8     2     4     6     1     0     0     1     1     1     1     0   607     1
   817     2     8     1     7     1     3     5     1     1     1     1     0     3     0     1   843     0
   818     2     7     0     5     7     1     3     1     1     0     1     1     2     0     0   523     0
   819     2     8     1     7     1     3     5     1     1     0     1     1     2     0     0   542     0
   820     2     7     0     5     7     1     3     1     0     0     1     1     2     0     1   525     0
   821     1     1     2     2     4     6     8     0     0     1     0     0     3     1     0   520     0
   822     1     2     2     4     6     8     2     0     1     1     0     1     2     0     1   565     0
   823     2     8     1     7     1     3     5     1     1     0     0     1     3     1     0   496     0
   824     2     8     1     7     1     3     5     0     0     0     1     1     1     1     1   533     0
   825     1     3     1     6     8     2     4     0     1     0     0     0     3     0     1   700     0
   826     1     3     1     6     8     2     4     1     0     1     0     1     1     1     1   623     0
   827     2     6     2     3     5     7     1     1     1     1     1     1     3     0     1   427     0
   828     2     6     2     3     5     7     1     0     1     0     1     1     1     1     0   513     0
   829     2     6     2     3     5     7     1     1     1     0     1     1     1     1     0   420     0
   830     2     7     0     5     7     1     3     1     0     0     1     0     2     0     1   638     0
   831     1     4     1     8     2     4     6     0     1     0     0     0     3     1     1   560     0
   832     1     4     1     8     2     4     6     1     1     1     1     1     1     1     0   426     0
   833     1     1     2     2     4     6     8     0     1     1     1     1     2     1     0   405     0
   834     1     1     2     2     4     6     8     0     1     1     1     1     1     0     0   355     0
   835     1     3     1     6     8     2     4     0     0     0     1     1     2     0     1   383     0
   836     1     3     1     6     8     2     4     0     1     0     0     1     1     0     1   551     0
   837     2     6     2     3     5     7     1     1     0     1     1     0     3     1     1   524     0
   838     2     6     2     3     5     7     1     1     1     0     0     0     1     0     1   521     1
   839     2     7     0     5     7     1     3     0     1     1     1     0     2     1     0   484     0
   840     2     7     0     5     7     1     3     1     0     0     1     1     1     1     1   480     0
   841     2     5     0     1     3     5     7     1     0     0     1     0     2     0     0   506     0
   842     2     5     0     1     3     5     7     0     1     0     0     1     1     1     1   461     0
   843     2     5     0     1     3     5     7     0     1     1     1     0     1     0     0   416     0
   844     2     5     0     1     3     5     7     0     0     0     0     1     1     0     1   436     0
   845     2     7     0     5     7     1     3     0     0     0     1     0     2     0     0   412     0
   846     2     6     2     3     5     7     1     0     0     0     1     0     2     0     0   484     0
   847     2     6     2     3     5     7     1     0     0     1     1     0     1     0     0   386     0
   848     1     1     2     2     4     6     8     1     1     0     1     0     3     1     1   416     0
   849     1     2     2     4     6     8     2     0     1     1     0     0     2     1     0   795     0
   850     1     3     1     6     8     2     4     1     0     0     1     0     2     1     1   651     0
   851     1     4     1     8     2     4     6     0     0     1     0     0     2     1     0   615     0
   852     1     2     2     4     6     8     2     0     1     1     0     1     2     0     1   444     0
   853     1     3     1     6     8     2     4     0     1     1     1     0     2     0     0   490     0
   854     1     4     1     8     2     4     6     1     0     1     1     1     2     1     1   541     0
   855     1     2     2     4     6     8     2     0     0     1     1     0     2     1     0   756     0
   856     2     7     0     5     7     1     3     0     0     0     0     1     3     0     0   443     0
   857     2     6     2     3     5     7     1     1     1     0     0     1     2     1     1   749     0
   858     2     6     2     3     5     7     1     1     1     0     0     0     1     0     0   501     0
   859     2     6     2     3     5     7     1     0     1     1     1     0     1     1     0   443     0
   860     2     6     2     3     5     7     1     0     1     1     0     0     1     0     0   413     0
   861     2     5     0     1     3     5     7     1     0     0     0     1     2     1     1   715     0
   862     2     5     0     1     3     5     7     1     0     1     0     1     1     0     0   582     0
   863     1     3     1     6     8     2     4     1     1     1     0     1     3     0     1   597     0
   864     2     8     1     7     1     3     5     1     1     0     0     1     3     0     0   537     0
   865     1     1     2     2     4     6     8     1     1     0     1     0     3     0     0   479     0
   866     1     4     1     8     2     4     6     0     0     1     1     1     2     1     1   549     0
   867     2     7     0     5     7     1     3     0     1     0     0     0     3     0     1   553     0
   868     1     4     1     8     2     4     6     1     0     0     1     0     3     1     1   569     0
   869     2     5     0     1     3     5     7     0     1     0     0     1     3     1     1   577     0
   870     2     5     0     1     3     5     7     0     0     1     0     1     1     0     1   561     0
   871     2     8     1     7     1     3     5     1     0     0     1     1     2     1     0   589     0
   872     2     8     1     7     1     3     5     0     1     1     1     1     1     1     1   520     0
   873     1     3     1     6     8     2     4     1     0     1     0     0     3     1     1   542     0
   874     1     3     1     6     8     2     4     1     0     1     0     0     1     0     0   665     0
   875     2     8     1     7     1     3     5     0     0     0     0     0     3     1     0   491     0
   876     2     8     1     7     1     3     5     1     0     1     0     1     1     1     0   568     0
   877     2     7     0     5     7     1     3     0     0     1     0     0     2     1     0   627     0
   878     2     7     0     5     7     1     3     1     0     1     0     1     1     1     0   397     0
   879     2     6     2     3     5     7     1     0     1     1     0     0     2     1     1   520     0
   880     1     3     1     6     8     2     4     1     0     0     0     0     3     1     1   382     0
   881     2     5     0     1     3     5     7     0     0     0     1     0     3     1     0   508     0
   882     2     6     2     3     5     7     1     1     0     1     0     0     2     1     0   598     0
   883     1     3     1     6     8     2     4     1     0     0     0     0     3     0     0   398     0
   884     1     4     1     8     2     4     6     0     1     1     1     1     2     1     1   543     0
   885     2     6     2     3     5     7     1     1     0     1     1     0     3     1     1   647     0
   886     1     1     2     2     4     6     8     0     0     0     0     0     3     1     0   543     0
   887     1     4     1     8     2     4     6     1     1     0     1     0     2     1     1   528     0
   888     1     4     1     8     2     4     6     1     0     1     1     0     1     0     1   597     0
   889     2     7     0     5     7     1     3     0     1     0     0     0     3     1     1   758     0
   890     2     7     0     5     7     1     3     0     1     1     0     0     1     0     0   508     0
   891     1     1     2     2     4     6     8     0     1     0     1     1     3     0     0   594     1
   892     1     2     2     4     6     8     2     1     0     1     0     0     2     1     1   763     0
   893     1     4     1     8     2     4     6     0     1     0     1     1     2     1     1   607     0
   894     1     1     2     2     4     6     8     1     1     1     1     1     2     1     0   537     0
   895     2     8     1     7     1     3     5     0     0     0     1     1     3     1     1   471     0
   896     2     8     1     7     1     3     5     1     0     1     0     0     1     1     0   425     0
