     1     2     8     1     7     1     3     5     0     0     1     1     0     0     1     1   831     0
     2     2     5     0     1     3     5     7     1     1     0     1     0     2     1     1   758     0
     3     2     8     1     7     1     3     5     1     0     1     0     1     2     0     1   497     0
     4     2     8     1     7     1     3     5     1     0     0     1     0     1     0     0   464     0
     5     1     4     1     8     2     4     6     0     0     0     1     1     3     1     0   551     0
     6     1     4     1     8     2     4     6     0     0     0     1     0     1     0     0   479     0
     7     1     2     2     4     6     8     2     1     1     1     0     1     2     1     1   650     0
     8     1     3     1     6     8     2     4     1     0     1     0     1     2     0     1   700     0
     9     2     6     2     3     5     7     1     1     1     0     0     0     3     0     1  1352     1
    10     2     5     0     1     3     5     7     1     0     0     0     0     2     0     1   669     0
    11     1     2     2     4     6     8     2     1     1     1     0     0     3     0     1   632     0
    12     1     3     1     6     8     2     4     1     1     1     1     0     2     0     0   738     0
    13     2     5     0     1     3     5     7     0     1     1     1     0     3     1     0   655     0
    14     2     8     1     7     1     3     5     0     1     0     0     1     2     0     0   473     0
    15     2     8     1     7     1     3     5     0     0     0     0     1     1     0     1   526     0
    16     2     5     0     1     3     5     7     0     0     0     1     1     2     0     0   567     0
    17     2     7     0     5     7     1     3     0     0     1     1     1     2     0     0   572     0
    18     2     7     0     5     7     1     3     1     0     0     0     1     1     1     0   534     0
    19     2     7     0     5     7     1     3     1     1     1     0     1     1     0     1   424     0
    20     1     4     1     8     2     4     6     1     0     0     0     0     3     0     1   646     0
    21     1     4     1     8     2     4     6     0     1     0     1     0     1     1     1   456     0
    22     1     4     1     8     2     4     6     0     1     0     1     0     1     0     0   384     0
    23     2     7     0     5     7     1     3     0     1     1     0     1     3     0     0   515     0
    24     2     6     2     3     5     7     1     0     1     1     1     1     2     0     0   476     0
    25     1     1     2     2     4     6     8     1     0     1     0     0     3     1     1   630     0
    26     1     1     2     2     4     6     8     0     1     1     0     0     1     1     1   624     0
    27     2     5     0     1     3     5     7     0     1     0     1     0     3     0     0   356     0
    28     2     5     0     1     3     5     7     0     1     1     0     0     1     0     0   377     0
    29     2     5     0     1     3     5     7     0     1     1     0     1     1     0     0   378     0
    30     2     5     0     1     3     5     7     0     0     1     0     0     1     0     1   484     0
    31     1     1     2     2     4     6     8     1     1     1     1     1     3     1     1   446     0
    32     1     1     2     2     4     6     8     0     1     1     1     1     1     1     0   373     0
    33     1     2     2     4     6     8     2     0     1     0     1     0     2     0     0   499     1
    34     1     4     1     8     2     4     6     0     0     1     0     1     2     0     1   684     0
    35     1     2     2     4     6     8     2     1     1     1     1     1     2     1     1   483     0
    36     1     2     2     4     6     8     2     1     0     0     0     1     1     0     1   581     0
    37     1     2     2     4     6     8     2     0     0     1     0     0     1     1     0   499     0
    38     1     2     2     4     6     8     2     1     0     0     1     1     1     1     0   573     0
    39     1     3     1     6     8     2     4     1     1     1     1     0     2     0     1   687     0
    40     1     2     2     4     6     8     2     0     1     1     0     0     2     1     0   627     1
    41     2     7     0     5     7     1     3     1     0     0     0     1     3     1     1   663     0
    42     2     7     0     5     7     1     3     1     0     1     0     1     1     0     0   522     0
    43     2     8     1     7     1     3     5     1     1     1     1     1     2     0     1   457     0
    44     2     8     1     7     1     3     5     1     0     1     1     0     1     0     1   485     0
    45     2     5     0     1     3     5     7     1     1     1     1     1     2     0     1   483     0
    46     2     5     0     1     3     5     7     1     0     0     1     1     1     0     1   548     0
    47     1     1     2     2     4     6     8     0     0     1     0     0     3     1     0   713     1
    48     1     1     2     2     4     6     8     1     0     1     1     0     1     1     0  1254     0
    49     1     4     1     8     2     4     6     1     1     1     1     0     2     0     1   446     0
    50     2     7     0     5     7     1     3     1     1     0     0     0     3     0     0   609     0
    51     2     8     1     7     1     3     5     0     0     1     0     0     2     1     1   674     0
    52     1     3     1     6     8     2     4     1     1     1     0     1     3     1     1   654     0
    53     1     4     1     8     2     4     6     0     0     0     0     1     2     1     1   692     0
    54     1     4     1     8     2     4     6     0     0     1     1     0     1     0     0   535     0
    55     1     4     1     8     2     4     6     0     1     0     0     0     1     0     1   480     0
    56     1     4     1     8     2     4     6     1     1     0     0     0     1     1     0   508     0
    57     1     3     1     6     8     2     4     0     1     1     1     1     2     1     0   490     0
    58     2     8     1     7     1     3     5     0     0     1     1     1     3     0     1   459     0
    59     1     3     1     6     8     2     4     0     1     0     0     0     3     0     1   777     0
    60     1     4     1     8     2     4     6     1     1     1     0     1     2     1     0   488     0
    61     2     8     1     7     1     3     5     1     0     0     1     0     3     0     1   476     0
    62     2     7     0     5     7     1     3     0     0     0     1     0     2     1     0   527     0
    63     1     2     2     4     6     8     2     0     0     1     1     1     3     0     0   728     0
    64     1     2     2     4     6     8     2     0     0     1     1     1     1     0     0   458     0
    65     2     5     0     1     3     5     7     0     0     0     0     1     3     0     0   518     0
    66     1     4     1     8     2     4     6     1     0     1     1     1     3     1     0   420     1
    67     1     4     1     8     2     4     6     1     1     1     1     1     1     0     1   618     0
    68     1     1     2     2     4     6     8     0     0     0     1     1     2     1     1   714     0
    69     2     7     0     5     7     1     3     1     0     0     0     0     3     1     0   499     0
    70     2     6     2     3     5     7     1     1     1     0     0     0     2     0     1   572     0
    71     1     2     2     4     6     8     2     1     1     1     0     0     3     0     0   588     0
    72     1     2     2     4     6     8     2     0     0     1     0     0     1     1     1   476     0
    73     2     6     2     3     5     7     1     0     0     1     0     0     3     0     0   464     0
    74     2     7     0     5     7     1     3     0     1     1     0     0     2     0     1   666     0
    75     1     3     1     6     8     2     4     0     1     0     1     0     3     0     0   482     0
    76     2     8     1     7     1     3     5     1     0     0     1     0     3     1     1   686     0
    77     2     6     2     3     5     7     1     0     1     0     0     0     2     1     1   517     0
    78     2     6     2     3     5     7     1     0     1     1     1     1     1     0     0   429     0
    79     1     1     2     2     4     6     8     1     1     0     0     0     3     1     0   606     0
    80     1     3     1     6     8     2     4     0     1     1     1     1     2     1     0   453     0
    81     2     8     1     7     1     3     5     1     0     1     0     1     3     1     1   473     0
    82     2     8     1     7     1     3     5     0     1     0     0     0     1     1     1   567     0
    83     1     2     2     4     6     8     2     0     0     1     0     1     3     0     1   581     0
    84     2     5     0     1     3     5     7     1     0     0     1     1     3     1     0   645     0
    85     1     2     2     4     6     8     2     1     1     1     1     0     3     0     1   634     0
    86     2     7     0     5     7     1     3     0     1     0     1     0     3     1     0   577     0
    87     2     5     0     1     3     5     7     0     0     0     0     1     2     0     1   514     0
    88     2     6     2     3     5     7     1     0     1     1     1     1     2     0     1   515     0
    89     1     2     2     4     6     8     2     1     1     0     0     0     3     1     0   731     0
    90     1     2     2     4     6     8     2     1     1     1     1     0     1     0     0   629     0
    91     2     7     0     5     7     1     3     0     1     1     1     0     3     1     0   593     0
    92     2     7     0     5     7     1     3     1     1     1     0     1     1     1     0   500     0
    93     2     8     1     7     1     3     5     0     0     0     0     0     2     1     1   536     0
    94     2     8     1     7     1     3     5     0     1     1     1     0     1     0     1   601     0
    95     2     6     2     3     5     7     1     0     0     0     1     1     2     0     1   555     0
    96     1     1     2     2     4     6     8     1     0     1     0     0     3     1     0   736     0
    97     2     6     2     3     5     7     1     0     1     0     0     1     3     1     1   577     0
    98     2     8     1     7     1     3     5     1     0     1     1     1     2     1     1   573     0
    99     2     5     0     1     3     5     7     1     1     1     1     0     2     0     1   428     0
   100     2     5     0     1     3     5     7     0     0     1     1     1     1     1     1   495     0
   101     1     3     1     6     8     2     4     0     0     0     1     0     3     0     0   774     0
   102     1     4     1     8     2     4     6     1     1     0     0     1     2     1     1   570     0
   103     1     3     1     6     8     2     4     1     0     1     1     1     2     0     1   624     0
   104     1     3     1     6     8     2     4     1     1     0     1     1     1     0     1   517     0
   105     1     1     2     2     4     6     8     0     0     0     1     1     2     1     1   904     0
   106     1     1     2     2     4     6     8     1     0     1     0     0     1     1     0   533     0
   107     2     8     1     7     1     3     5     1     0     0     0     1     3     0     0   667     0
   108     2     8     1     7     1     3     5     0     1     1     0     1     1     1     1   697     0
   109     2     5     0     1     3     5     7     1     1     0     0     1     2     1     0   836     0
   110     2     7     0     5     7     1     3     0     1     0     1     0     2     1     0   674     0
   111     1     2     2     4     6     8     2     0     1     0     0     1     3     0     0   952     0
   112     1     2     2     4     6     8     2     0     1     1     0     0     1     0     0   628     0
   113     2     7     0     5     7     1     3     1     0     0     0     0     3     1     1   768     1
   114     2     7     0     5     7     1     3     1     0     1     0     1     1     0     0   618     0
   115     1     2     2     4     6     8     2     0     0     1     1     1     3     1     0   618     0
   116     1     2     2     4     6     8     2     1     1     1     0     1     1     1     1   485     1
   117     2     5     0     1     3     5     7     1     1     0     1     1     3     0     0   468     0
   118     1     2     2     4     6     8     2     0     1     0     0     0     3     1     0   788     1
   119     2     7     0     5     7     1     3     0     1     1     1     1     3     0     0   677     0
   120     2     7     0     5     7     1     3     1     1     1     0     0     1     1     0   501     0
   121     2     6     2     3     5     7     1     1     0     1     0     1     2     0     1   597     0
   122     2     6     2     3     5     7     1     1     0     0     0     0     1     0     0   427     0
   123     2     6     2     3     5     7     1     0     1     0     0     1     1     1     1   453     0
   124     2     6     2     3     5     7     1     1     0     0     1     1     1     1     1   437     0
   125     2     6     2     3     5     7     1     1     0     0     0     1     1     0     0   380     0
   126     2     8     1     7     1     3     5     1     0     1     0     0     2     0     0   755     0
   127     2     6     2     3     5     7     1     1     1     0     1     0     2     0     1   465     0
   128     2     7     0     5     7     1     3     1     1     1     1     1     2     0     0   507     0
   129     1     1     2     2     4     6     8     1     1     0     1     1     3     0     0   599     0
   130     1     2     2     4     6     8     2     0     0     1     1     0     2     1     1   423     0
   131     2     7     0     5     7     1     3     1     1     1     1     0     3     1     1   518     0
   132     2     5     0     1     3     5     7     1     1     1     0     1     2     0     0   440     0
   133     2     5     0     1     3     5     7     0     0     0     0     0     1     1     1   463     0
   134     1     2     2     4     6     8     2     0     1     1     1     0     3     0     1   596     0
   135     2     7     0     5     7     1     3     0     0     0     1     0     3     0     1   475     1
   136     2     7     0     5     7     1     3     1     0     1     1     1     1     1     0  1113     0
   137     2     6     2     3     5     7     1     1     1     0     1     1     2     0     1   644     0
   138     2     6     2     3     5     7     1     1     0     0     0     1     1     0     1   431     0
   139     1     1     2     2     4     6     8     1     0     0     1     1     3     0     0   490     0
   140     2     6     2     3     5     7     1     1     0     1     1     0     3     0     0   395     0
   141     1     3     1     6     8     2     4     0     1     1     1     0     3     1     1   512     0
   142     1     3     1     6     8     2     4     0     1     0     0     1     1     0     0   552     0
   143     1     2     2     4     6     8     2     0     1     0     0     0     2     0     0   590     0
   144     1     2     2     4     6     8     2     1     0     0     0     1     1     1     1   754     0
   145     2     7     0     5     7     1     3     1     1     1     1     1     3     0     1   607     0
   146     2     7     0     5     7     1     3     1     0     0     0     1     1     0     1   477     0
   147     1     2     2     4     6     8     2     1     1     1     0     1     3     0     1   413     0
   148     1     3     1     6     8     2     4     0     1     1     0     1     2     1     0   478     0
   149     2     8     1     7     1     3     5     1     1     1     0     0     3     1     0   691     0
   150     2     6     2     3     5     7     1     1     1     1     0     0     2     0     0   552     0
   151     2     6     2     3     5     7     1     1     0     1     0     0     1     0     1   682     0
   152     2     6     2     3     5     7     1     0     1     0     1     1     1     1     1   583     0
   153     2     7     0     5     7     1     3     1     0     1     1     0     2     1     1   465     0
   154     2     8     1     7     1     3     5     1     0     1     0     0     2     0     0   494     0
   155     2     6     2     3     5     7     1     1     0     1     1     0     2     0     0   743     0
   156     2     6     2     3     5     7     1     1     0     0     1     0     1     0     0   450     0
   157     1     2     2     4     6     8     2     0     1     1     1     1     3     1     1   454     0
   158     1     2     2     4     6     8     2     0     0     1     1     1     1     0     1   847     0
   159     1     4     1     8     2     4     6     0     1     1     0     1     2     0     1   404     0
   160     1     4     1     8     2     4     6     0     1     1     1     1     1     0     0   398     0
   161     2     5     0     1     3     5     7     1     1     0     0     0     3     1     0   658     0
   162     2     5     0     1     3     5     7     1     1     1     1     0     1     0     0   422     0
   163     1     1     2     2     4     6     8     0     0     1     0     0     3     1     1   453     0
   164     2     8     1     7     1     3     5     0     1     0     1     1     3     0     1   408     0
   165     2     7     0     5     7     1     3     1     1     0     1     0     2     1     0   772     0
   166     1     4     1     8     2     4     6     0     0     1     1     1     3     1     1   553     0
   167     2     7     0     5     7     1     3     1     1     1     1     0     3     1     1   549     0
   168     2     7     0     5     7     1     3     0     1     0     1     0     1     1     0   454     0
   169     1     3     1     6     8     2     4     1     1     0     0     0     3     1     0   827     0
   170     1     3     1     6     8     2     4     0     0     1     0     0     1     1     1   405     1
   171     2     5     0     1     3     5     7     1     1     0     0     1     3     1     1   432     0
   172     2     5     0     1     3     5     7     0     1     0     1     1     1     1     0   482     0
   173     2     5     0     1     3     5     7     0     0     0     0     1     1     0     1   456     0
   174     2     8     1     7     1     3     5     0     0     0     0     0     2     0     0   455     0
   175     1     3     1     6     8     2     4     0     0     0     1     0     3     0     0   341     0
   176     1     3     1     6     8     2     4     1     0     0     1     0     1     1     0   878     0
   177     1     1     2     2     4     6     8     0     0     0     0     0     2     1     0   422     0
   178     1     1     2     2     4     6     8     0     0     0     0     0     1     0     0   429     0
   179     2     8     1     7     1     3     5     0     0     1     0     0     3     0     0   476     0
   180     2     8     1     7     1     3     5     0     1     1     0     1     1     0     1   421     0
   181     2     7     0     5     7     1     3     0     1     1     0     1     2     0     0   554     0
   182     2     8     1     7     1     3     5     0     0     1     1     0     2     0     1   432     0
   183     1     2     2     4     6     8     2     1     1     1     1     1     3     1     1   804     0
   184     1     2     2     4     6     8     2     0     1     0     0     1     1     1     0   705     0
   185     1     3     1     6     8     2     4     1     1     0     1     0     2     1     0   591     0
   186     1     3     1     6     8     2     4     1     0     0     0     0     1     0     1   632     0
   187     1     4     1     8     2     4     6     1     0     1     0     1     2     0     0   623     0
   188     1     3     1     6     8     2     4     1     0     1     1     1     2     0     0   514     1
   189     2     5     0     1     3     5     7     1     0     0     1     0     3     0     0   496     0
   190     1     4     1     8     2     4     6     1     0     1     1     0     3     0     0   419     0
   191     2     7     0     5     7     1     3     1     0     0     1     1     3     0     0   409     0
   192     2     7     0     5     7     1     3     0     1     1     1     1     1     1     1   682     0
   193     1     4     1     8     2     4     6     0     1     1     1     0     3     0     0   421     0
   194     1     4     1     8     2     4     6     1     0     0     0     1     1     1     1   447     0
   195     1     1     2     2     4     6     8     0     0     1     1     1     2     1     0   696     0
   196     1     3     1     6     8     2     4     1     0     0     1     1     2     1     0   605     0
   197     1     2     2     4     6     8     2     1     0     1     0     0     2     0     0   681     0
   198     1     3     1     6     8     2     4     0     1     0     0     0     2     1     1   619     0
   199     1     4     1     8     2     4     6     1     1     0     1     0     2     1     0   562     0
   200     1     4     1     8     2     4     6     0     0     1     0     0     1     1     1   634     0
   201     1     3     1     6     8     2     4     0     0     1     1     1     2     0     0   479     0
   202     1     3     1     6     8     2     4     0     0     1     1     1     1     0     0   436     0
   203     1     1     2     2     4     6     8     0     0     1     1     0     2     0     0   478     0
   204     2     8     1     7     1     3     5     1     1     1     0     0     3     1     1   599     0
   205     1     1     2     2     4     6     8     1     0     1     0     0     3     0     1   625     0
   206     1     1     2     2     4     6     8     0     0     0     0     0     1     1     0   410     0
   207     2     8     1     7     1     3     5     1     1     1     0     0     3     1     1   495     0
   208     2     5     0     1     3     5     7     0     0     0     0     0     2     1     1   448     0
   209     1     3     1     6     8     2     4     1     1     1     0     1     3     1     1   512     0
   210     1     4     1     8     2     4     6     1     0     0     0     1     2     0     1   468     1
   211     1     3     1     6     8     2     4     0     0     1     1     1     2     1     0   751     0
   212     1     1     2     2     4     6     8     1     1     0     1     0     2     1     1   456     1
   213     1     3     1     6     8     2     4     1     0     1     1     0     2     0     1  1169     0
   214     1     4     1     8     2     4     6     1     1     1     1     0     2     0     1   374     0
   215     2     6     2     3     5     7     1     1     1     1     0     0     3     0     0   593     0
   216     2     7     0     5     7     1     3     1     1     0     0     0     2     0     0   613     0
   217     2     7     0     5     7     1     3     1     0     1     1     1     1     0     1   637     0
   218     2     8     1     7     1     3     5     0     1     1     0     0     2     1     1   638     0
   219     1     2     2     4     6     8     2     1     1     0     0     1     3     1     0   526     0
   220     1     1     2     2     4     6     8     1     0     0     0     1     2     0     1   455     0
   221     2     7     0     5     7     1     3     1     1     0     0     1     3     0     1   632     0
   222     2     5     0     1     3     5     7     0     1     1     0     1     2     1     0   544     0
   223     1     3     1     6     8     2     4     1     1     1     0     1     3     1     0   500     0
   224     1     2     2     4     6     8     2     0     0     0     1     0     2     1     1   807     0
   225     1     1     2     2     4     6     8     0     0     1     1     0     2     0     0   896     1
   226     1     1     2     2     4     6     8     0     1     0     0     1     1     0     1   445     1
   227     2     7     0     5     7     1     3     0     1     1     0     1     3     0     0  1119     1
   228     2     7     0     5     7     1     3     0     0     1     1     0     1     0     1   760     0
   229     2     8     1     7     1     3     5     0     1     1     0     1     2     0     1   523     0
   230     2     8     1     7     1     3     5     1     1     1     0     1     1     1     0  1038     0
   231     1     3     1     6     8     2     4     1     1     0     0     1     3     0     0   585     0
   232     1     3     1     6     8     2     4     0     1     0     0     0     1     1     0   418     0
   233     1     3     1     6     8     2     4     0     0     1     0     0     1     0     1   441     0
   234     1     3     1     6     8     2     4     0     1     1     0     1     1     0     1   440     0
   235     2     5     0     1     3     5     7     0     1     1     0     1     3     0     0   573     0
   236     2     5     0     1     3     5     7     0     0     0     1     0     1     0     1   457     0
   237     1     3     1     6     8     2     4     0     1     1     1     0     3     0     1   367     0
   238     1     3     1     6     8     2     4     1     0     0     0     1     1     1     1   713     0
   239     1     4     1     8     2     4     6     0     1     1     0     1     2     1     1   455     0
   240     1     4     1     8     2     4     6     0     0     0     0     0     1     0     1   432     0
   241     1     1     2     2     4     6     8     1     1     1     1     1     2     1     1   579     0
   242     1     1     2     2     4     6     8     0     1     1     1     1     1     1     0   379     0
   243     2     6     2     3     5     7     1     0     0     1     1     1     3     0     1   508     0
   244     1     3     1     6     8     2     4     0     1     1     1     1     3     0     1   408     0
   245     2     7     0     5     7     1     3     1     1     0     0     0     3     1     0   614     0
   246     2     7     0     5     7     1     3     0     1     1     0     0     1     1     0   430     0
   247     2     7     0     5     7     1     3     1     0     0     0     0     1     1     1   460     0
   248     2     5     0     1     3     5     7     1     1     1     1     0     2     0     1   401     0
   249     2     8     1     7     1     3     5     1     0     1     0     0     2     0     1   540     0
   250     2     5     0     1     3     5     7     1     0     1     1     1     2     0     0   530     0
   251     1     1     2     2     4     6     8     0     1     0     0     0     3     1     1   554     0
   252     1     1     2     2     4     6     8     1     0     0     1     1     1     1     1   525     0
   253     2     8     1     7     1     3     5     0     0     0     1     0     3     1     0   529     0
   254     2     7     0     5     7     1     3     0     0     1     1     1     2     0     0   525     0
   255     2     6     2     3     5     7     1     1     0     0     0     0     2     1     0   536     0
   256     2     6     2     3     5     7     1     1     0     1     0     1     1     0     0   440     0
   257     1     4     1     8     2     4     6     1     1     1     0     0     3     0     1   632     0
   258     1     4     1     8     2     4     6     1     1     0     0     0     1     0     0   435     0
   259     2     5     0     1     3     5     7     1     0     0     0     0     3     0     1   499     0
   260     2     5     0     1     3     5     7     0     1     1     0     1     1     1     1   501     0
   261     2     5     0     1     3     5     7     0     1     1     1     1     1     0     0   393     0
   262     2     5     0     1     3     5     7     1     1     0     1     0     1     1     0   469     0
   263     2     7     0     5     7     1     3     1     0     1     1     0     2     0     1   571     0
   264     2     6     2     3     5     7     1     0     0     1     1     1     2     1     0   796     0
   265     1     3     1     6     8     2     4     1     0     1     0     1     3     1     0   552     0
   266     1     3     1     6     8     2     4     1     1     0     1     1     1     0     1   549     0
   267     2     5     0     1     3     5     7     0     0     0     0     0     3     1     1   631     0
   268     2     5     0     1     3     5     7     1     0     0     1     1     1     1     0   628     0
   269     2     7     0     5     7     1     3     0     0     1     1     0     2     1     0   672     0
   270     1     2     2     4     6     8     2     0     1     1     0     0     3     0     1   594     0
   271     1     2     2     4     6     8     2     1     1     0     1     0     1     1     0   618     0
   272     1     2     2     4     6     8     2     1     0     1     1     1     1     0     1   489     0
   273     2     5     0     1     3     5     7     1     1     1     1     0     3     0     1   424     0
   274     2     6     2     3     5     7     1     0     0     1     1     1     2     1     1   566     1
   275     1     3     1     6     8     2     4     1     0     1     1     0     3     1     0  1215     0
   276     1     1     2     2     4     6     8     1     1     0     1     1     2     0     1   472     0
   277     2     6     2     3     5     7     1     0     0     1     1     0     3     1     1   493     0
   278     2     6     2     3     5     7     1     0     0     1     0     0     1     0     0   388     0
   279     1     4     1     8     2     4     6     0     1     1     0     1     3     0     1   373     0
   280     1     4     1     8     2     4     6     1     1     1     0     0     1     1     0   455     0
   281     1     1     2     2     4     6     8     1     0     1     0     0     2     0     1   559     0
   282     2     8     1     7     1     3     5     0     0     0     0     0     3     1     0   634     0
   283     2     8     1     7     1     3     5     1     0     1     1     0     1     1     0   552     0
   284     1     3     1     6     8     2     4     1     0     0     1     0     3     0     0   429     0
   285     1     4     1     8     2     4     6     0     1     0     1     0     2     1     1   482     0
   286     1     4     1     8     2     4     6     0     0     0     0     0     1     0     1   410     0
   287     2     7     0     5     7     1     3     1     1     1     0     0     3     1     1   704     0
   288     2     7     0     5     7     1     3     0     0     1     1     1     1     1     1   604     0
   289     2     8     1     7     1     3     5     0     0     1     0     1     2     0     0   482     0
   290     2     8     1     7     1     3     5     1     0     1     0     0     1     1     0   514     0
   291     2     6     2     3     5     7     1     0     1     0     1     0     2     1     1   499     0
   292     1     3     1     6     8     2     4     1     1     1     1     0     3     1     0   568     0
   293     1     1     2     2     4     6     8     0     1     1     1     0     2     1     0   457     0
   294     1     2     2     4     6     8     2     1     0     0     0     1     2     1     1   607     0
   295     1     1     2     2     4     6     8     0     0     1     0     0     2     1     0   580     0
   296     1     1     2     2     4     6     8     0     1     0     1     1     1     0     1   509     0
   297     1     2     2     4     6     8     2     1     0     1     1     0     2     1     1   532     0
   298     1     2     2     4     6     8     2     0     1     1     1     1     1     1     1   440     1
   299     2     8     1     7     1     3     5     0     1     0     0     0     3     0     0   481     0
   300     2     6     2     3     5     7     1     0     1     0     1     1     2     0     0   378     1
   301     1     4     1     8     2     4     6     1     0     0     0     0     3     1     1   595     0
   302     1     4     1     8     2     4     6     1     0     1     0     0     1     0     0   513     0
   303     2     6     2     3     5     7     1     1     0     0     0     0     3     0     0   462     0
   304     2     8     1     7     1     3     5     1     1     0     1     1     2     0     1   398     0
   305     2     7     0     5     7     1     3     1     1     1     1     1     2     0     0   423     0
   306     2     7     0     5     7     1     3     0     0     0     0     1     1     1     1   472     0
   307     2     5     0     1     3     5     7     1     0     0     0     1     2     1     0   714     0
   308     1     2     2     4     6     8     2     0     1     1     1     0     3     1     1   955     0
   309     1     4     1     8     2     4     6     1     1     0     0     0     2     1     0   562     0
   310     2     7     0     5     7     1     3     0     1     1     1     0     3     1     0   416     0
   311     1     2     2     4     6     8     2     1     0     0     1     0     3     1     1   462     0
   312     1     2     2     4     6     8     2     0     1     1     1     0     1     1     1   587     1
   313     1     2     2     4     6     8     2     0     0     0     1     1     1     0     1   550     0
   314     1     2     2     4     6     8     2     0     0     0     1     0     1     0     0   391     0
   315     1     4     1     8     2     4     6     1     1     1     1     0     2     1     1   404     0
   316     1     2     2     4     6     8     2     1     0     0     0     1     2     0     1   418     0
   317     2     7     0     5     7     1     3     1     0     1     0     1     3     0     0   482     0
   318     2     7     0     5     7     1     3     1     1     0     1     1     1     0     1   441     0
   319     1     4     1     8     2     4     6     0     1     0     0     0     3     1     0   504     0
   320     2     5     0     1     3     5     7     1     0     0     1     1     3     1     1   523     0
   321     2     5     0     1     3     5     7     1     1     1     0     1     1     0     1   494     0
   322     2     6     2     3     5     7     1     0     1     0     1     1     2     1     0   627     0
   323     2     6     2     3     5     7     1     0     0     0     0     1     1     0     1   461     0
   324     2     6     2     3     5     7     1     0     0     0     1     1     1     0     0   442     0
   325     1     3     1     6     8     2     4     0     1     0     1     1     3     0     1   361     0
   326     1     3     1     6     8     2     4     1     1     1     0     0     1     1     0   586     0
   327     1     3     1     6     8     2     4     0     1     0     0     1     1     1     0   377     0
   328     1     3     1     6     8     2     4     0     0     1     0     0     1     0     1   384     1
   329     1     3     1     6     8     2     4     0     0     0     1     0     1     0     0   746     0
   330     1     3     1     6     8     2     4     0     1     1     0     0     1     0     1   488     1
   331     2     5     0     1     3     5     7     0     1     1     1     1     3     0     0   419     0
   332     2     5     0     1     3     5     7     1     0     1     0     1     1     1     1   717     0
   333     1     1     2     2     4     6     8     1     1     1     1     1     3     0     1   416     0
   334     1     1     2     2     4     6     8     1     0     0     0     1     1     0     1   458     0
   335     1     4     1     8     2     4     6     1     1     1     0     0     2     0     1   895     0
   336     1     2     2     4     6     8     2     0     0     1     1     0     2     1     1   576     0
   337     1     2     2     4     6     8     2     0     0     1     1     1     1     0     0   704     1
   338     1     2     2     4     6     8     2     0     0     0     0     1     1     0     0   426     0
   339     2     8     1     7     1     3     5     1     0     0     0     0     3     1     0   592     0
   340     2     8     1     7     1     3     5     0     0     1     0     0     1     1     0   498     1
   341     2     7     0     5     7     1     3     0     0     0     0     1     2     0     0   622     0
   342     2     7     0     5     7     1     3     1     1     0     0     0     1     1     1   690     0
   343     1     4     1     8     2     4     6     1     1     1     0     0     3     0     0   568     0
   344     2     5     0     1     3     5     7     0     1     0     1     0     3     1     0   582     0
   345     2     7     0     5     7     1     3     0     0     1     1     0     2     0     1   486     0
   346     2     7     0     5     7     1     3     0     0     0     0     1     1     0     0   406     0
   347     2     7     0     5     7     1     3     0     1     0     0     1     1     0     1   422     1
   348     2     7     0     5     7     1     3     1     1     1     1     0     1     1     0   627     0
   349     2     7     0     5     7     1     3     1     1     0     0     0     1     0     0   510     0
   350     2     6     2     3     5     7     1     0     0     1     0     1     2     1     1   845     0
   351     1     1     2     2     4     6     8     0     1     1     1     1     3     0     1   399     1
   352     1     1     2     2     4     6     8     0     0     0     1     0     1     0     1   758     0
   353     2     5     0     1     3     5     7     1     1     0     0     0     3     1     1   616     0
   354     2     6     2     3     5     7     1     0     0     1     0     1     2     1     1   578     0
   355     2     5     0     1     3     5     7     0     0     1     0     0     2     0     0   483     0
   356     2     6     2     3     5     7     1     1     0     1     1     0     2     1     0   754     0
   357     1     4     1     8     2     4     6     0     0     1     0     0     3     1     0   537     0
   358     1     2     2     4     6     8     2     1     1     1     1     1     2     1     1   458     0
   359     1     2     2     4     6     8     2     0     1     0     1     0     1     1     0   515     0
   360     2     5     0     1     3     5     7     1     1     0     1     1     3     1     0   511     0
   361     2     6     2     3     5     7     1     1     1     0     1     1     2     0     0   388     0
   362     2     6     2     3     5     7     1     1     0     0     0     0     1     0     1   477     0
   363     2     7     0     5     7     1     3     1     1     0     1     0     2     0     1   560     0
   364     1     2     2     4     6     8     2     0     1     1     1     1     3     1     0   466     0
   365     1     1     2     2     4     6     8     1     0     0     1     1     2     1     1   665     0
   366     2     6     2     3     5     7     1     1     1     1     0     0     3     0     1   469     0
   367     2     5     0     1     3     5     7     0     1     1     1     1     2     1     0   462     0
   368     2     5     0     1     3     5     7     0     0     1     1     1     1     0     1   504     0
   369     1     3     1     6     8     2     4     0     1     0     1     0     3     0     1   645     0
   370     1     3     1     6     8     2     4     1     1     0     1     0     1     1     0   657     0
   371     2     8     1     7     1     3     5     0     1     1     0     1     3     1     0   350     0
   372     2     8     1     7     1     3     5     1     1     1     0     1     1     1     0   370     0
   373     1     2     2     4     6     8     2     1     0     1     0     1     3     0     1   390     0
   374     1     2     2     4     6     8     2     0     1     1     1     1     1     1     1   541     0
   375     1     4     1     8     2     4     6     1     1     1     1     1     2     1     0   376     0
   376     1     2     2     4     6     8     2     1     0     0     1     1     2     0     1   471     0
   377     2     6     2     3     5     7     1     1     1     1     1     1     3     0     1   436     1
   378     2     8     1     7     1     3     5     0     1     0     1     0     2     1     0   339     0
   379     1     1     2     2     4     6     8     1     1     0     1     1     3     1     0   462     0
   380     1     1     2     2     4     6     8     1     1     1     1     1     1     0     0   377     0
   381     2     5     0     1     3     5     7     1     0     0     1     1     3     0     1   446     0
   382     2     8     1     7     1     3     5     1     0     0     1     0     2     0     0   467     0
   383     2     5     0     1     3     5     7     0     1     0     1     0     2     1     1   631     0
   384     2     5     0     1     3     5     7     0     0     0     0     0     1     0     1   457     0
   385     2     7     0     5     7     1     3     1     1     1     0     0     2     1     1   766     0
   386     2     7     0     5     7     1     3     0     0     1     0     0     1     1     1   388     1
   387     2     7     0     5     7     1     3     1     1     1     1     1     1     1     1   428     0
   388     2     7     0     5     7     1     3     0     0     0     0     0     1     1     1   396     0
   389     2     8     1     7     1     3     5     0     0     1     0     1     2     0     0   473     0
   390     2     7     0     5     7     1     3     0     0     1     0     0     2     0     0   428     0
   391     1     1     2     2     4     6     8     0     1     1     0     0     3     0     1   392     0
   392     1     1     2     2     4     6     8     1     1     1     1     0     1     1     0   542     0
   393     2     5     0     1     3     5     7     0     1     0     1     0     3     1     0   342     0
   394     2     7     0     5     7     1     3     1     1     0     1     0     2     1     0   549     0
   395     1     4     1     8     2     4     6     0     1     1     0     1     3     1     0   371     0
   396     1     4     1     8     2     4     6     1     1     0     1     1     1     1     0   398     0
   397     1     3     1     6     8     2     4     0     0     0     0     0     2     1     1   471     0
   398     1     4     1     8     2     4     6     1     1     0     0     0     2     1     1   509     0
   399     1     3     1     6     8     2     4     1     0     0     0     1     2     0     1   622     0
   400     1     1     2     2     4     6     8     1     0     1     0     1     2     0     0   613     0
   401     2     7     0     5     7     1     3     1     0     0     1     0     3     0     0   469     0
   402     2     7     0     5     7     1     3     0     0     1     1     1     1     1     0   617     0
   403     2     6     2     3     5     7     1     1     0     1     1     1     2     1     0   560     0
   404     2     6     2     3     5     7     1     0     0     1     0     1     1     1     0   520     0
   405     1     2     2     4     6     8     2     0     1     0     0     0     3     0     1   496     0
   406     1     1     2     2     4     6     8     1     0     0     0     0     2     1     1   683     0
   407     2     6     2     3     5     7     1     1     0     1     0     0     3     0     0   780     0
   408     2     7     0     5     7     1     3     0     0     1     0     1     2     1     0   660     0
   409     2     8     1     7     1     3     5     1     0     0     0     1     2     1     0   576     0
   410     1     1     2     2     4     6     8     0     1     0     0     0     3     1     1   497     0
   411     1     4     1     8     2     4     6     1     1     0     1     0     2     1     0   552     0
   412     1     4     1     8     2     4     6     1     1     1     1     1     1     0     0   594     0
   413     1     4     1     8     2     4     6     1     1     0     0     0     1     0     0   434     0
   414     1     4     1     8     2     4     6     0     0     0     1     1     1     1     1   391     1
   415     2     5     0     1     3     5     7     0     1     0     1     0     3     0     1   420     0
   416     1     4     1     8     2     4     6     1     1     1     1     1     3     1     0   438     0
   417     2     8     1     7     1     3     5     1     0     0     1     1     3     0     1   505     0
   418     2     8     1     7     1     3     5     1     0     1     0     1     1     0     0   451     0
   419     1     1     2     2     4     6     8     0     1     0     0     1     3     1     1   489     0
   420     1     1     2     2     4     6     8     0     0     1     0     1     1     0     1   428     0
   421     2     7     0     5     7     1     3     0     0     1     1     0     3     0     0   497     0
   422     2     7     0     5     7     1     3     0     1     1     1     0     1     0     1   433     1
   423     2     7     0     5     7     1     3     1     1     0     0     0     1     1     0   765     0
   424     2     8     1     7     1     3     5     0     0     1     0     1     2     1     1   588     0
   425     2     7     0     5     7     1     3     1     1     1     1     0     2     1     1   689     0
   426     2     7     0     5     7     1     3     1     0     0     1     1     1     0     1   453     0
   427     2     5     0     1     3     5     7     1     1     1     1     1     2     0     1   437     0
   428     2     5     0     1     3     5     7     1     0     0     1     0     1     0     1   503     0
   429     2     8     1     7     1     3     5     0     1     1     0     0     2     1     1   421     0
   430     2     6     2     3     5     7     1     0     1     0     0     1     2     0     0   508     0
   431     2     6     2     3     5     7     1     1     0     1     1     1     1     1     1   467     0
   432     2     6     2     3     5     7     1     1     0     1     1     1     1     0     0   614     0
   433     1     3     1     6     8     2     4     1     0     0     0     0     3     0     0   686     0
   434     2     8     1     7     1     3     5     0     1     1     0     0     3     1     1   539     0
   435     1     3     1     6     8     2     4     1     1     0     1     1     3     1     0   519     1
   436     1     4     1     8     2     4     6     1     0     0     1     1     2     0     1   575     0
   437     1     3     1     6     8     2     4     1     1     1     0     0     2     0     1   491     1
   438     1     2     2     4     6     8     2     0     0     1     1     0     2     1     1   698     0
   439     1     1     2     2     4     6     8     0     0     1     0     1     2     0     0   530     0
   440     1     2     2     4     6     8     2     1     0     0     1     1     2     1     0   584     0
   441     1     2     2     4     6     8     2     0     0     1     1     0     1     1     0   568     0
   442     2     7     0     5     7     1     3     0     0     1     1     1     3     0     0   539     0
   443     1     3     1     6     8     2     4     1     1     0     0     1     3     1     1   766     0
   444     1     3     1     6     8     2     4     0     1     0     0     0     1     1     0   610     0
   445     1     3     1     6     8     2     4     0     0     1     1     0     1     0     1   515     0
   446     1     3     1     6     8     2     4     0     1     1     0     1     1     0     1   513     0
   447     1     2     2     4     6     8     2     1     0     0     0     0     2     1     1   629     0
   448     2     7     0     5     7     1     3     1     1     0     0     0     3     0     1   560     0
   449     1     4     1     8     2     4     6     0     0     1     0     0     3     1     1   552     0
   450     2     7     0     5     7     1     3     0     1     1     0     1     3     0     1   464     0
   451     1     4     1     8     2     4     6     1     1     0     0     0     3     1     0   527     0
   452     1     1     2     2     4     6     8     1     1     1     0     1     2     0     0   420     0
   453     2     6     2     3     5     7     1     0     1     1     1     1     3     1     0   677     0
   454     2     6     2     3     5     7     1     1     1     1     0     0     1     1     0   507     0
   455     1     3     1     6     8     2     4     0     1     1     1     1     3     1     0   431     0
   456     1     3     1     6     8     2     4     0     0     1     1     1     1     0     1   524     0
   457     1     1     2     2     4     6     8     0     0     1     0     1     2     0     0   465     1
   458     1     1     2     2     4     6     8     0     0     0     1     1     1     0     0   508     0
   459     2     6     2     3     5     7     1     0     1     0     1     1     3     0     1   498     0
   460     2     6     2     3     5     7     1     1     1     1     0     1     1     1     0   530     0
   461     2     6     2     3     5     7     1     0     1     0     1     1     1     1     0   423     0
   462     1     1     2     2     4     6     8     0     1     1     1     0     3     0     0   392     0
   463     2     6     2     3     5     7     1     1     0     0     1     0     3     1     1   500     0
   464     1     1     2     2     4     6     8     0     0     0     1     1     3     1     0   349     0
   465     1     3     1     6     8     2     4     0     0     1     1     1     2     0     0   534     0
   466     2     6     2     3     5     7     1     1     1     0     1     0     3     1     1   528     0
   467     1     4     1     8     2     4     6     1     0     0     1     1     3     0     1   684     0
   468     1     4     1     8     2     4     6     0     1     1     1     1     1     1     1   447     0
   469     2     6     2     3     5     7     1     0     1     1     1     1     3     0     0   459     0
   470     2     6     2     3     5     7     1     0     0     0     0     1     1     0     1   532     0
   471     1     4     1     8     2     4     6     1     0     0     0     1     3     1     0   432     1
   472     1     4     1     8     2     4     6     0     1     0     1     1     1     1     1   453     0
   473     1     4     1     8     2     4     6     0     0     1     1     0     1     0     1   710     0
   474     1     4     1     8     2     4     6     0     1     1     0     0     1     0     1   466     0
   475     1     3     1     6     8     2     4     1     0     0     1     0     2     1     1   803     1
   476     1     3     1     6     8     2     4     1     0     0     1     0     1     0     0   622     0
   477     2     7     0     5     7     1     3     0     0     0     0     0     3     1     0   555     0
   478     2     7     0     5     7     1     3     0     0     1     1     0     1     0     0   784     0
   479     1     3     1     6     8     2     4     0     0     0     0     1     3     0     0   473     0
   480     1     3     1     6     8     2     4     1     1     0     0     1     1     1     1   731     0
   481     1     1     2     2     4     6     8     1     1     1     0     0     2     0     0   518     0
   482     1     4     1     8     2     4     6     1     0     1     1     1     2     0     1   372     1
   483     2     8     1     7     1     3     5     1     1     1     1     0     3     0     1   608     0
   484     2     8     1     7     1     3     5     0     0     1     1     1     1     1     1   540     0
   485     1     1     2     2     4     6     8     0     1     0     0     1     3     0     1   416     0
   486     1     4     1     8     2     4     6     1     1     0     1     1     2     1     0   571     0
   487     2     5     0     1     3     5     7     0     0     1     0     0     3     1     1   478     0
   488     2     8     1     7     1     3     5     1     1     0     0     0     2     1     1   906     0
   489     2     5     0     1     3     5     7     1     0     0     1     1     2     0     1   524     0
   490     2     5     0     1     3     5     7     0     1     0     1     1     1     1     1   511     0
   491     2     5     0     1     3     5     7     0     0     1     0     0     1     0     1   471     0
   492     2     5     0     1     3     5     7     0     0     1     0     1     1     0     0   474     0
   493     1     4     1     8     2     4     6     0     1     1     0     1     3     0     1   381     0
   494     1     4     1     8     2     4     6     0     0     1     1     0     1     0     1   406     0
   495     1     2     2     4     6     8     2     1     0     0     1     1     2     1     0   800     0
   496     1     1     2     2     4     6     8     1     1     1     1     1     2     0     1   447     0
   497     1     1     2     2     4     6     8     0     0     0     0     1     1     1     1   415     0
   498     2     8     1     7     1     3     5     1     1     0     0     0     3     1     1   691     0
   499     1     2     2     4     6     8     2     0     1     1     0     0     3     1     0   774     0
   500     1     2     2     4     6     8     2     0     1     0     1     1     1     0     0   495     0
   501     2     5     0     1     3     5     7     1     1     1     1     0     3     1     0   717     0
   502     2     5     0     1     3     5     7     0     0     0     1     1     1     1     1   482     0
   503     2     8     1     7     1     3     5     1     0     0     0     0     2     1     0   526     0
   504     2     8     1     7     1     3     5     1     0     0     1     1     1     0     0   545     0
   505     2     6     2     3     5     7     1     1     0     1     0     1     2     0     0   608     0
   506     2     6     2     3     5     7     1     0     1     1     0     1     1     1     1   523     0
   507     1     2     2     4     6     8     2     1     0     0     1     0     3     1     1   653     0
   508     1     2     2     4     6     8     2     0     0     0     1     0     1     1     0   507     0
   509     2     8     1     7     1     3     5     0     0     1     0     0     3     0     0   563     0
   510     1     1     2     2     4     6     8     0     0     1     1     0     3     0     0   366     0
   511     2     7     0     5     7     1     3     0     1     1     0     1     3     0     1   622     0
   512     1     2     2     4     6     8     2     1     1     1     1     0     3     1     0   518     0
   513     1     3     1     6     8     2     4     1     1     0     1     1     2     0     0   399     0
   514     2     8     1     7     1     3     5     1     1     0     1     1     3     0     0   333     0
   515     1     1     2     2     4     6     8     0     0     0     0     0     3     1     1   390     0
   516     2     6     2     3     5     7     1     1     1     0     0     0     3     1     1   587     0
   517     1     4     1     8     2     4     6     0     1     1     1     1     3     1     0   396     0
   518     2     7     0     5     7     1     3     1     0     0     0     1     3     1     1   457     0
   519     1     4     1     8     2     4     6     0     1     1     0     0     3     1     1   652     0
   520     1     4     1     8     2     4     6     0     1     0     1     1     1     0     0   347     0
   521     1     2     2     4     6     8     2     0     0     1     1     0     2     0     1   367     0
   522     1     2     2     4     6     8     2     0     0     1     0     0     1     0     0   435     0
   523     2     6     2     3     5     7     1     1     0     0     1     1     3     1     0   456     0
   524     2     5     0     1     3     5     7     0     1     1     0     1     2     1     1   405     0
   525     1     3     1     6     8     2     4     0     1     1     1     1     3     0     0   397     0
   526     1     3     1     6     8     2     4     1     1     1     1     1     1     1     0   329     0
   527     2     6     2     3     5     7     1     0     0     0     1     1     3     1     1   419     0
   528     1     3     1     6     8     2     4     1     1     0     0     1     3     1     1   598     0
   529     2     8     1     7     1     3     5     1     1     0     1     1     3     0     0   396     0
   530     2     8     1     7     1     3     5     1     0     0     0     0     1     0     1   428     1
   531     2     8     1     7     1     3     5     1     1     0     0     0     1     0     1   492     0
   532     2     8     1     7     1     3     5     1     0     1     1     1     1     0     1   494     0
   533     2     8     1     7     1     3     5     0     0     1     0     1     1     1     0   336     1
   534     2     8     1     7     1     3     5     0     1     0     0     1     1     0     1   610     0
   535     2     8     1     7     1     3     5     0     0     1     0     1     1     0     1   465     0
   536     2     8     1     7     1     3     5     1     0     1     1     0     1     1     0   490     0
   537     2     6     2     3     5     7     1     1     0     0     0     1     2     0     0   391     0
   538     2     6     2     3     5     7     1     0     0     1     1     1     1     1     0   465     0
   539     1     1     2     2     4     6     8     1     1     0     0     0     3     1     1   594     0
   540     1     1     2     2     4     6     8     1     1     0     1     0     1     0     0   573     0
   541     1     1     2     2     4     6     8     0     1     1     0     1     1     1     0   497     0
   542     1     1     2     2     4     6     8     1     1     1     0     0     1     1     0   388     0
   543     2     6     2     3     5     7     1     0     1     1     0     1     3     1     0   383     0
   544     2     6     2     3     5     7     1     0     0     1     1     0     1     0     1   403     0
   545     1     2     2     4     6     8     2     1     1     1     1     0     3     1     1   657     0
   546     1     3     1     6     8     2     4     1     1     0     0     1     2     0     0   553     0
   547     2     5     0     1     3     5     7     0     0     1     0     1     3     1     1   545     0
   548     2     5     0     1     3     5     7     0     0     0     0     0     1     0     0   403     0
   549     1     3     1     6     8     2     4     0     0     1     1     1     3     0     0   748     0
   550     1     2     2     4     6     8     2     0     1     1     0     0     2     0     1   489     0
   551     1     1     2     2     4     6     8     0     0     1     1     0     2     0     1   480     0
   552     1     4     1     8     2     4     6     0     1     1     0     0     2     0     1   431     0
   553     1     3     1     6     8     2     4     1     1     0     0     0     2     1     0   625     0
   554     1     4     1     8     2     4     6     1     1     1     1     1     2     0     0   442     0
   555     2     5     0     1     3     5     7     0     1     1     1     0     3     1     0   469     0
   556     2     5     0     1     3     5     7     1     1     0     1     0     1     1     0   373     0
   557     2     6     2     3     5     7     1     0     1     1     0     1     2     1     0   430     0
   558     2     6     2     3     5     7     1     1     1     1     0     1     1     1     0   374     0
   559     1     2     2     4     6     8     2     1     1     0     0     1     3     0     0   681     0
   560     1     2     2     4     6     8     2     0     1     0     1     1     1     1     0   490     0
   561     1     3     1     6     8     2     4     1     0     1     0     1     2     1     1  1032     0
   562     1     3     1     6     8     2     4     0     1     0     0     1     1     1     1   434     0
   563     1     1     2     2     4     6     8     1     0     1     0     1     2     1     1   676     0
   564     1     1     2     2     4     6     8     1     0     1     0     0     1     0     0   434     0
   565     2     6     2     3     5     7     1     0     1     0     1     1     3     1     1   378     0
   566     1     1     2     2     4     6     8     1     1     1     0     0     3     1     0   365     0
   567     2     8     1     7     1     3     5     0     1     1     1     1     3     1     0   329     0
   568     2     8     1     7     1     3     5     1     1     1     0     0     1     1     0   459     0
   569     1     1     2     2     4     6     8     0     1     1     1     0     3     1     0   392     0
   570     1     1     2     2     4     6     8     0     0     1     1     1     1     0     1   438     0
   571     1     1     2     2     4     6     8     1     0     0     1     1     1     1     0   452     0
   572     1     1     2     2     4     6     8     1     0     1     0     1     1     0     0   408     0
   573     1     1     2     2     4     6     8     0     1     0     0     1     1     1     1   446     0
   574     1     1     2     2     4     6     8     0     0     1     0     1     1     0     1   434     0
   575     1     2     2     4     6     8     2     1     1     0     1     0     2     1     1   596     0
   576     1     4     1     8     2     4     6     0     0     1     1     1     2     1     1   361     1
   577     1     1     2     2     4     6     8     1     1     1     0     1     2     1     1   612     0
   578     1     1     2     2     4     6     8     1     0     0     0     0     1     0     1   318     0
   579     1     1     2     2     4     6     8     0     1     0     1     1     1     1     1   687     0
   580     1     2     2     4     6     8     2     0     0     1     0     1     2     0     1   556     0
   581     1     3     1     6     8     2     4     1     0     1     0     0     2     1     0   589     0
   582     1     4     1     8     2     4     6     1     1     0     1     1     2     0     1   447     0
   583     2     6     2     3     5     7     1     1     1     1     1     1     3     0     0   501     0
   584     2     5     0     1     3     5     7     0     0     0     1     1     2     1     1   562     0
   585     1     4     1     8     2     4     6     1     0     0     0     1     3     1     0   420     0
   586     1     1     2     2     4     6     8     1     1     0     0     0     2     0     1   482     0
   587     1     4     1     8     2     4     6     1     0     1     0     0     2     0     1   427     0
   588     1     3     1     6     8     2     4     0     1     1     0     1     2     1     1   654     0
   589     1     2     2     4     6     8     2     0     1     1     0     0     2     0     0   344     1
   590     1     2     2     4     6     8     2     1     1     1     0     1     1     1     0   616     0
   591     1     1     2     2     4     6     8     1     1     0     0     0     2     0     0   420     0
   592     1     1     2     2     4     6     8     0     0     1     0     0     1     1     1   417     0
   593     1     2     2     4     6     8     2     0     1     0     0     1     2     0     1   660     0
   594     1     1     2     2     4     6     8     0     1     0     0     0     2     0     0   391     0
   595     1     4     1     8     2     4     6     0     0     0     1     0     2     0     1   405     0
   596     1     4     1     8     2     4     6     1     1     0     0     0     1     1     1   631     0
   597     1     2     2     4     6     8     2     1     0     0     0     1     2     0     1   521     0
   598     1     2     2     4     6     8     2     0     1     0     1     1     1     1     1   474     0
   599     2     8     1     7     1     3     5     1     1     0     1     1     3     1     0   419     0
   600     2     8     1     7     1     3     5     1     0     0     1     0     1     0     1   476     0
   601     2     6     2     3     5     7     1     1     0     1     1     0     2     0     0   503     0
   602     2     7     0     5     7     1     3     0     0     0     0     1     2     1     0   657     0
   603     2     6     2     3     5     7     1     0     1     0     1     0     2     0     1   497     0
   604     2     6     2     3     5     7     1     0     1     0     0     1     1     0     0   403     0
   605     2     5     0     1     3     5     7     0     0     1     0     0     2     0     1   548     1
   606     2     5     0     1     3     5     7     1     0     1     1     0     1     1     0   756     0
   607     1     4     1     8     2     4     6     0     0     0     0     1     3     1     0   448     0
   608     1     4     1     8     2     4     6     1     1     0     0     0     1     1     1   472     0
   609     1     2     2     4     6     8     2     0     1     1     0     0     2     1     0   428     1
   610     1     2     2     4     6     8     2     0     1     0     1     1     1     0     0   640     0
   611     2     8     1     7     1     3     5     1     0     1     0     0     3     1     1   588     0
   612     2     6     2     3     5     7     1     1     0     1     1     0     2     0     0   429     0
   613     1     4     1     8     2     4     6     1     1     0     0     0     3     0     1   450     0
   614     1     4     1     8     2     4     6     0     0     1     0     1     1     1     1   454     0
   615     1     3     1     6     8     2     4     0     0     0     0     1     2     0     0   416     0
   616     1     3     1     6     8     2     4     0     0     0     1     1     1     0     0   394     0
   617     2     8     1     7     1     3     5     0     1     0     1     1     3     0     1   426     0
   618     2     5     0     1     3     5     7     1     1     1     1     1     2     1     0   551     0
   619     2     6     2     3     5     7     1     0     0     0     1     1     2     1     1   585     0
   620     2     6     2     3     5     7     1     1     1     0     0     1     1     1     1   638     0
   621     2     7     0     5     7     1     3     0     0     0     0     1     2     1     1   575     0
   622     2     7     0     5     7     1     3     0     0     0     1     0     1     0     0   435     0
   623     2     6     2     3     5     7     1     1     1     1     0     0     2     1     1   722     0
   624     2     5     0     1     3     5     7     0     0     0     0     0     2     1     1   662     0
   625     2     8     1     7     1     3     5     1     0     1     1     1     2     1     0   576     0
   626     2     8     1     7     1     3     5     0     1     1     0     1     1     1     1   676     0
   627     2     6     2     3     5     7     1     1     0     1     1     0     2     1     1   468     0
   628     2     7     0     5     7     1     3     0     0     0     0     1     2     1     0   561     0
   629     1     4     1     8     2     4     6     0     0     0     1     1     3     0     0   526     0
   630     1     1     2     2     4     6     8     1     0     0     0     0     2     1     0   423     0
   631     1     1     2     2     4     6     8     1     1     0     0     0     1     0     1   437     1
   632     1     2     2     4     6     8     2     1     1     1     1     0     2     0     0   626     0
   633     1     4     1     8     2     4     6     0     1     1     1     0     2     1     0   449     0
   634     1     4     1     8     2     4     6     0     0     0     0     1     1     0     1   493     0
   635     1     1     2     2     4     6     8     0     1     0     0     0     2     0     1   412     0
   636     1     1     2     2     4     6     8     0     1     1     0     0     1     0     0   435     0
   637     2     7     0     5     7     1     3     1     1     0     1     0     3     1     0   432     1
   638     2     7     0     5     7     1     3     1     0     0     1     0     1     0     1   451     0
   639     1     2     2     4     6     8     2     1     0     0     0     1     3     0     0   473     0
   640     1     3     1     6     8     2     4     0     1     0     0     1     2     1     1   683     0
   641     1     2     2     4     6     8     2     0     0     0     0     1     2     0     1   464     0
   642     1     3     1     6     8     2     4     0     0     0     1     1     2     0     0   504     0
   643     1     3     1     6     8     2     4     1     1     0     1     1     1     1     1   586     0
   644     1     3     1     6     8     2     4     1     0     0     1     1     1     0     1   484     0
   645     1     2     2     4     6     8     2     0     0     1     0     1     2     1     0   706     0
   646     1     2     2     4     6     8     2     1     1     1     0     0     1     1     1   447     1
   647     2     8     1     7     1     3     5     0     1     1     1     1     3     1     0   455     0
   648     2     8     1     7     1     3     5     0     0     0     0     0     1     0     1   551     0
   649     2     8     1     7     1     3     5     0     0     1     1     1     1     0     0   438     0
   650     2     8     1     7     1     3     5     0     0     1     0     1     1     0     0   378     0
   651     2     5     0     1     3     5     7     1     1     1     1     1     2     1     1   544     0
   652     2     5     0     1     3     5     7     0     0     1     0     1     1     1     1   398     0
   653     2     8     1     7     1     3     5     0     0     0     0     0     2     0     0   467     0
   654     1     1     2     2     4     6     8     0     0     1     0     1     3     0     0   559     0
   655     2     5     0     1     3     5     7     0     1     0     1     0     3     0     1   476     0
   656     1     2     2     4     6     8     2     0     1     0     0     1     3     0     0   452     1
   657     1     2     2     4     6     8     2     0     0     0     1     1     1     0     1   450     0
   658     1     2     2     4     6     8     2     1     1     0     0     1     1     1     1   671     0
   659     1     4     1     8     2     4     6     1     1     0     0     0     2     0     0   625     0
   660     1     3     1     6     8     2     4     1     1     1     1     1     2     0     0   497     0
   661     2     7     0     5     7     1     3     0     0     0     1     1     3     1     1   476     0
   662     1     4     1     8     2     4     6     1     0     0     0     0     3     1     0   513     0
   663     1     4     1     8     2     4     6     1     1     0     0     0     1     0     1   607     0
   664     1     4     1     8     2     4     6     1     1     1     1     0     1     0     0   427     0
   665     2     5     0     1     3     5     7     0     1     0     0     0     3     1     0   785     0
   666     2     5     0     1     3     5     7     0     1     1     1     0     1     0     0   464     0
   667     2     6     2     3     5     7     1     0     0     1     1     0     2     0     1   404     0
   668     2     6     2     3     5     7     1     1     0     1     1     1     1     1     0   697     0
   669     1     4     1     8     2     4     6     1     1     0     1     1     3     0     1   455     0
   670     1     4     1     8     2     4     6     1     1     1     1     1     1     0     0   406     0
   671     1     3     1     6     8     2     4     1     1     0     1     1     2     0     0   554     1
   672     1     3     1     6     8     2     4     1     0     0     1     0     1     0     1   604     0
   673     2     8     1     7     1     3     5     1     0     1     0     0     3     0     0   495     0
   674     1     3     1     6     8     2     4     0     0     1     0     0     3     1     0   537     0
   675     1     1     2     2     4     6     8     1     1     1     1     0     2     1     1   535     1
   676     1     3     1     6     8     2     4     1     1     0     1     0     2     0     0   769     0
   677     1     2     2     4     6     8     2     0     0     1     0     1     2     1     1   442     1
   678     2     5     0     1     3     5     7     1     1     0     1     1     3     1     1   453     0
   679     1     4     1     8     2     4     6     0     0     0     0     0     3     1     1   454     0
   680     1     4     1     8     2     4     6     1     0     0     1     0     1     1     0   513     0
   681     1     2     2     4     6     8     2     1     0     0     1     1     2     0     0   501     1
   682     1     4     1     8     2     4     6     0     1     0     1     1     2     1     1   577     0
   683     1     4     1     8     2     4     6     0     1     0     0     1     1     0     0   416     0
   684     2     5     0     1     3     5     7     0     0     1     1     1     3     0     1   500     0
   685     2     6     2     3     5     7     1     1     0     0     0     1     2     1     0   870     0
   686     2     6     2     3     5     7     1     1     0     1     0     1     1     0     0   430     0
   687     1     3     1     6     8     2     4     1     1     1     1     0     3     0     1   462     0
   688     2     6     2     3     5     7     1     0     0     1     1     1     3     1     1   418     0
   689     2     8     1     7     1     3     5     1     0     0     1     1     2     1     0   523     0
   690     2     8     1     7     1     3     5     1     0     1     0     0     1     0     0   405     0
   691     1     2     2     4     6     8     2     1     1     1     1     1     3     0     1   468     0
   692     2     7     0     5     7     1     3     1     1     0     1     0     3     0     0   517     0
   693     2     8     1     7     1     3     5     1     1     1     0     1     2     0     0   363     0
   694     1     3     1     6     8     2     4     1     0     1     1     0     3     0     1   411     0
   695     1     1     2     2     4     6     8     1     1     0     0     0     2     0     1   500     0
   696     1     2     2     4     6     8     2     0     0     0     0     1     2     1     1   814     0
   697     1     3     1     6     8     2     4     0     0     0     1     0     2     0     0   441     1
   698     1     3     1     6     8     2     4     0     1     0     1     1     1     0     1   740     0
   699     1     3     1     6     8     2     4     0     0     1     1     0     1     0     1   423     1
   700     1     3     1     6     8     2     4     0     1     1     0     0     1     0     1   490     0
   701     1     1     2     2     4     6     8     1     1     0     0     1     2     1     0   469     1
   702     1     1     2     2     4     6     8     1     0     0     0     1     1     0     1   635     0
   703     2     7     0     5     7     1     3     1     1     1     1     0     3     0     1   461     0
   704     2     7     0     5     7     1     3     1     1     1     0     0     1     0     0   530     0
   705     1     2     2     4     6     8     2     1     0     1     0     1     3     0     1   542     0
   706     1     2     2     4     6     8     2     1     0     1     0     0     1     0     0   598     0
   707     1     1     2     2     4     6     8     1     0     0     1     0     2     0     0   627     0
   708     1     1     2     2     4     6     8     0     1     1     1     1     1     1     1   452     0
   709     1     1     2     2     4     6     8     1     0     1     0     0     1     1     1   680     0
   710     1     1     2     2     4     6     8     1     1     0     1     1     1     0     1   515     0
   711     2     7     0     5     7     1     3     1     1     0     1     1     3     0     0   712     0
   712     2     7     0     5     7     1     3     1     0     0     1     0     1     0     1   444     0
   713     1     3     1     6     8     2     4     1     0     0     1     1     3     0     0   571     0
   714     1     3     1     6     8     2     4     1     0     0     1     1     1     0     0   462     0
   715     1     4     1     8     2     4     6     0     1     0     0     0     2     1     1   772     0
   716     1     1     2     2     4     6     8     0     1     1     1     1     2     0     0   517     0
   717     2     7     0     5     7     1     3     1     1     0     1     1     3     1     0   594     0
   718     1     4     1     8     2     4     6     1     0     1     1     0     3     0     1   527     0
   719     2     7     0     5     7     1     3     1     0     1     1     1     3     0     0   524     0
   720     1     2     2     4     6     8     2     0     1     0     0     1     3     1     1   661     0
   721     1     1     2     2     4     6     8     0     0     0     0     1     2     0     1   619     0
   722     1     1     2     2     4     6     8     1     0     0     1     1     1     1     0   965     0
   723     2     6     2     3     5     7     1     0     0     0     1     1     3     1     0   710     0
   724     2     6     2     3     5     7     1     1     1     1     0     1     1     1     1   441     1
   725     2     6     2     3     5     7     1     1     1     0     1     1     1     0     0   486     0
   726     2     6     2     3     5     7     1     1     0     0     1     0     1     0     1   391     0
   727     2     8     1     7     1     3     5     0     0     1     1     0     2     1     0   769     1
   728     2     8     1     7     1     3     5     0     1     1     1     1     1     0     1   693     0
   729     2     7     0     5     7     1     3     0     1     0     0     0     2     0     0   632     0
   730     2     7     0     5     7     1     3     1     0     0     1     1     1     1     1   837     0
   731     1     1     2     2     4     6     8     0     0     1     0     1     3     1     0   498     0
   732     1     4     1     8     2     4     6     0     0     1     0     1     2     0     0   591     0
   733     1     1     2     2     4     6     8     0     1     0     0     0     2     0     1   609     0
   734     1     1     2     2     4     6     8     0     0     1     0     1     1     0     1   434     0
   735     2     8     1     7     1     3     5     0     1     0     0     1     3     0     1   500     0
   736     2     7     0     5     7     1     3     0     0     1     1     1     2     0     1   505     0
   737     2     7     0     5     7     1     3     0     1     0     0     0     1     0     1   433     1
   738     2     5     0     1     3     5     7     1     0     0     1     1     2     1     1   939     0
   739     1     4     1     8     2     4     6     0     0     1     1     0     3     1     0   537     0
   740     1     4     1     8     2     4     6     1     0     1     1     1     1     1     0   815     0
   741     1     4     1     8     2     4     6     1     1     1     1     0     1     0     1   422     0
   742     2     5     0     1     3     5     7     1     0     0     0     0     3     0     1   411     0
   743     1     2     2     4     6     8     2     0     0     1     0     1     3     1     0   581     0
   744     1     3     1     6     8     2     4     0     0     0     0     1     2     0     0   434     0
   745     2     6     2     3     5     7     1     0     1     0     1     1     3     0     1   456     0
   746     2     6     2     3     5     7     1     0     0     1     0     0     1     0     1   401     0
   747     2     6     2     3     5     7     1     0     1     1     0     0     1     0     1   381     1
   748     2     6     2     3     5     7     1     0     1     0     1     1     1     0     0   435     0
   749     2     6     2     3     5     7     1     0     0     1     1     1     1     0     1   464     0
   750     1     3     1     6     8     2     4     0     0     0     0     0     3     0     0   445     0
   751     1     1     2     2     4     6     8     1     0     0     0     1     2     1     0   690     0
   752     1     2     2     4     6     8     2     1     1     1     0     1     2     0     1   491     0
   753     2     7     0     5     7     1     3     1     1     1     0     0     3     0     0   511     0
   754     2     8     1     7     1     3     5     0     1     0     1     1     2     1     0   433     0
   755     2     6     2     3     5     7     1     1     1     1     1     0     2     1     0   527     0
   756     2     6     2     3     5     7     1     0     1     1     1     1     1     1     0   407     0
   757     1     2     2     4     6     8     2     1     0     0     0     0     3     1     1   457     0
   758     1     2     2     4     6     8     2     1     1     1     0     0     1     0     1   391     1
   759     2     7     0     5     7     1     3     0     0     0     1     1     3     1     1   643     0
   760     2     7     0     5     7     1     3     1     1     1     0     0     1     1     1   534     0
   761     2     5     0     1     3     5     7     0     1     1     1     0     2     1     0   661     0
   762     2     5     0     1     3     5     7     0     1     1     1     1     1     0     0   349     0
   763     1     3     1     6     8     2     4     1     0     0     1     1     3     1     1   754     0
   764     1     3     1     6     8     2     4     1     1     0     0     1     1     0     1   558     0
   765     1     4     1     8     2     4     6     0     1     1     0     0     2     1     0   429     0
   766     1     1     2     2     4     6     8     0     0     0     0     0     2     0     1   458     0
   767     2     8     1     7     1     3     5     1     1     1     0     0     3     1     1   565     0
   768     2     8     1     7     1     3     5     0     1     0     1     0     1     1     0   423     0
   769     2     8     1     7     1     3     5     0     1     1     1     0     1     0     0   406     0
   770     2     8     1     7     1     3     5     0     0     0     0     1     1     0     1   472     0
   771     1     4     1     8     2     4     6     0     0     0     0     1     3     0     0   372     0
   772     1     4     1     8     2     4     6     0     0     0     0     1     1     0     0   476     1
   773     2     5     0     1     3     5     7     0     1     0     1     0     3     0     1   703     0
   774     2     5     0     1     3     5     7     0     1     0     0     1     1     0     0   448     0
   775     1     2     2     4     6     8     2     0     1     1     0     0     3     0     0   431     1
   776     1     2     2     4     6     8     2     1     0     0     0     0     1     1     1   536     0
   777     2     8     1     7     1     3     5     0     1     1     1     1     3     1     1   443     0
   778     2     8     1     7     1     3     5     0     1     1     0     1     1     0     0   366     0
   779     1     1     2     2     4     6     8     0     1     1     0     1     3     0     0   447     0
   780     1     3     1     6     8     2     4     0     0     1     0     0     2     0     1   438     0
   781     1     3     1     6     8     2     4     0     1     0     0     1     1     0     1   477     0
   782     2     6     2     3     5     7     1     0     1     1     1     0     3     0     0   498     0
   783     2     8     1     7     1     3     5     1     1     0     0     1     2     1     0   471     0
   784     2     8     1     7     1     3     5     0     0     1     0     1     1     1     1   464     0
   785     1     4     1     8     2     4     6     1     0     0     1     0     3     1     0   944     0
   786     1     4     1     8     2     4     6     0     0     1     1     0     1     1     0   477     0
   787     2     5     0     1     3     5     7     1     0     1     0     1     3     1     0   576     0
   788     2     5     0     1     3     5     7     1     1     1     0     1     1     0     1   579     0
   789     2     7     0     5     7     1     3     1     1     0     1     1     2     0     0   494     0
   790     2     8     1     7     1     3     5     0     1     0     0     1     2     1     0   470     0
   791     2     8     1     7     1     3     5     1     0     1     1     1     1     1     1   531     0
   792     1     1     2     2     4     6     8     0     0     0     0     1     3     1     0   649     0
   793     2     5     0     1     3     5     7     1     0     0     1     0     3     1     0   454     0
   794     2     5     0     1     3     5     7     1     1     1     0     1     1     0     1   449     0
   795     2     5     0     1     3     5     7     0     0     1     0     0     1     1     1   546     0
   796     2     6     2     3     5     7     1     1     0     1     1     0     2     1     0   443     0
   797     1     1     2     2     4     6     8     1     1     1     1     1     3     0     1   484     0
   798     2     6     2     3     5     7     1     0     1     0     0     0     3     1     0   545     1
   799     2     5     0     1     3     5     7     1     1     0     1     0     2     1     0   583     0
   800     2     5     0     1     3     5     7     0     1     1     1     1     1     1     0   423     0
   801     1     2     2     4     6     8     2     1     1     1     0     1     3     1     0   448     1
   802     1     2     2     4     6     8     2     1     1     0     1     0     1     0     0   845     0
   803     1     3     1     6     8     2     4     0     0     0     0     0     2     1     1   534     0
   804     2     6     2     3     5     7     1     1     1     1     1     1     3     1     1   589     0
   805     1     2     2     4     6     8     2     1     0     1     0     0     3     0     1   438     0
   806     2     5     0     1     3     5     7     1     1     0     0     1     3     0     1   453     0
   807     2     7     0     5     7     1     3     0     0     0     1     1     2     1     1   636     0
   808     2     7     0     5     7     1     3     0     0     0     1     0     1     0     0   387     0
   809     2     8     1     7     1     3     5     1     0     1     0     1     2     1     0   620     0
   810     2     8     1     7     1     3     5     0     1     1     0     0     1     1     1   511     0
   811     2     5     0     1     3     5     7     1     1     0     0     0     2     1     0   588     0
   812     2     5     0     1     3     5     7     0     0     0     1     1     1     1     1   642     0
   813     2     5     0     1     3     5     7     1     0     0     0     0     1     1     0   478     0
   814     2     6     2     3     5     7     1     1     0     1     0     1     2     0     0   678     0
   815     2     5     0     1     3     5     7     0     0     1     1     0     2     1     0   491     0
   816     2     5     0     1     3     5     7     1     1     1     1     0     1     1     1   527     0
   817     2     6     2     3     5     7     1     1     0     1     0     0     2     0     1   428     0
   818     2     7     0     5     7     1     3     0     0     1     1     1     2     1     0   579     0
   819     2     8     1     7     1     3     5     0     1     0     0     0     2     0     1   446     0
   820     2     8     1     7     1     3     5     1     0     0     0     1     1     1     1   485     0
   821     1     2     2     4     6     8     2     0     1     0     1     0     3     1     1   712     0
   822     1     2     2     4     6     8     2     1     1     0     0     0     1     1     0   445     1
   823     1     4     1     8     2     4     6     0     0     0     0     1     2     1     1   712     0
   824     1     3     1     6     8     2     4     0     1     1     1     0     2     0     1   469     0
   825     2     7     0     5     7     1     3     0     1     0     0     0     3     0     0   340     1
   826     2     8     1     7     1     3     5     1     0     0     1     1     2     1     1   607     0
   827     2     5     0     1     3     5     7     1     1     1     1     1     2     0     1   435     0
   828     2     5     0     1     3     5     7     0     1     0     1     0     1     1     0   738     0
   829     1     1     2     2     4     6     8     1     1     1     1     0     3     1     0   684     0
   830     1     2     2     4     6     8     2     1     1     1     0     0     2     0     0   687     0
   831     1     3     1     6     8     2     4     1     0     1     0     1     2     0     1   705     0
   832     1     1     2     2     4     6     8     0     0     1     0     0     2     1     0   682     0
   833     2     8     1     7     1     3     5     0     0     1     0     1     3     0     0   469     0
   834     2     8     1     7     1     3     5     0     1     1     0     1     1     0     1   419     0
   835     1     4     1     8     2     4     6     1     0     1     0     0     3     1     1   680     0
   836     1     4     1     8     2     4     6     0     1     1     0     1     1     1     1   440     0
   837     1     1     2     2     4     6     8     0     1     1     1     1     2     0     0   500     0
   838     1     1     2     2     4     6     8     0     1     1     0     0     1     0     0   409     0
   839     1     2     2     4     6     8     2     0     0     0     1     0     2     0     1   597     0
   840     1     2     2     4     6     8     2     0     1     1     1     0     1     0     1   600     0
   841     1     3     1     6     8     2     4     0     0     1     0     1     2     0     1   602     0
   842     1     3     1     6     8     2     4     1     1     0     0     0     1     1     1   709     0
   843     2     6     2     3     5     7     1     1     0     0     0     1     3     0     1   480     0
   844     2     6     2     3     5     7     1     0     1     1     1     0     1     1     1   452     1
   845     2     5     0     1     3     5     7     1     1     0     0     0     2     1     0   813     0
   846     1     4     1     8     2     4     6     1     0     1     1     1     3     0     1   564     0
   847     2     7     0     5     7     1     3     1     1     1     1     0     3     0     1   498     0
   848     2     7     0     5     7     1     3     0     0     1     1     1     1     1     1   568     0
   849     2     5     0     1     3     5     7     1     1     0     1     1     2     1     1   467     0
   850     2     7     0     5     7     1     3     0     1     0     0     0     2     1     0   652     0
   851     2     8     1     7     1     3     5     1     0     1     1     0     2     1     1   543     0
   852     2     5     0     1     3     5     7     0     1     0     0     1     2     1     1   548     0
   853     2     5     0     1     3     5     7     0     1     1     0     0     1     0     0   490     0
   854     2     6     2     3     5     7     1     1     0     1     0     1     2     1     1   557     0
   855     1     3     1     6     8     2     4     0     0     1     0     0     3     1     0   508     0
   856     1     3     1     6     8     2     4     1     0     1     0     1     1     1     0   500     0
   857     2     7     0     5     7     1     3     1     1     1     0     0     3     0     1   469     0
   858     2     8     1     7     1     3     5     1     0     0     0     0     2     0     1   469     0
   859     1     4     1     8     2     4     6     0     0     0     0     1     3     1     0  1155     0
   860     1     4     1     8     2     4     6     1     1     0     1     0     1     1     1   582     0
   861     2     7     0     5     7     1     3     0     1     1     0     1     3     1     0   443     1
   862     2     7     0     5     7     1     3     1     1     1     0     1     1     1     0   575     0
   863     2     5     0     1     3     5     7     0     0     0     0     1     2     1     1   598     0
   864     2     5     0     1     3     5     7     0     1     1     1     0     1     0     1   498     0
   865     1     1     2     2     4     6     8     1     1     0     0     0     3     1     0   656     0
   866     1     1     2     2     4     6     8     1     1     1     1     1     1     0     0   454     0
   867     2     5     0     1     3     5     7     1     1     0     1     0     3     0     0   537     0
   868     2     5     0     1     3     5     7     1     1     1     1     1     1     0     0   433     0
   869     2     6     2     3     5     7     1     1     1     1     1     0     2     0     0   705     0
   870     2     7     0     5     7     1     3     0     1     0     1     1     2     1     0   577     0
   871     1     3     1     6     8     2     4     1     0     1     0     0     3     1     1   558     0
   872     1     3     1     6     8     2     4     1     1     0     1     1     1     0     1   465     0
   873     2     6     2     3     5     7     1     1     1     0     1     0     3     0     0   463     0
   874     2     6     2     3     5     7     1     1     0     0     0     0     1     0     1   546     0
   875     2     5     0     1     3     5     7     0     1     0     1     1     2     1     1   756     0
   876     2     7     0     5     7     1     3     1     1     1     1     1     2     1     0   425     0
   877     1     3     1     6     8     2     4     0     0     1     0     1     3     1     1   492     0
   878     1     3     1     6     8     2     4     0     0     1     0     1     1     0     0   494     0
   879     2     6     2     3     5     7     1     1     0     0     1     0     3     1     0   489     0
   880     2     6     2     3     5     7     1     1     1     0     1     0     1     0     1   543     0
   881     2     8     1     7     1     3     5     0     1     0     0     1     2     1     0   477     0
   882     2     8     1     7     1     3     5     1     1     1     0     0     1     1     0   423     0
   883     2     8     1     7     1     3     5     1     0     1     0     0     1     0     1   511     0
   884     2     5     0     1     3     5     7     0     0     1     1     0     2     1     0   504     0
   885     1     4     1     8     2     4     6     0     1     1     0     1     3     0     1   448     0
   886     1     1     2     2     4     6     8     1     1     1     0     1     2     1     0   472     0
   887     1     2     2     4     6     8     2     1     1     0     0     0     2     0     0   601     0
   888     1     2     2     4     6     8     2     1     0     0     1     1     1     0     1   534     0
   889     1     2     2     4     6     8     2     1     1     1     0     0     1     0     1   591     0
   890     1     4     1     8     2     4     6     1     0     0     1     1     2     0     1   533     0
   891     2     6     2     3     5     7     1     0     0     1     0     0     3     1     0   514     0
   892     2     6     2     3     5     7     1     1     0     1     1     0     1     1     0   492     0
   893     1     4     1     8     2     4     6     0     1     0     0     0     3     1     1   632     0
   894     1     1     2     2     4     6     8     1     0     1     0     1     2     1     1   650     0
   895     2     8     1     7     1     3     5     0     0     1     0     1     3     1     0   472     0
   896     2     5     0     1     3     5     7     1     1     0     1     1     2     1     1   418     0
