     1     2     5     0     1     3     5     7     0     1     0     1     0     3     1     0   999     0
     2     2     5     0     1     3     5     7     1     1     0     1     1     1     1     0  1222     0
     3     1     4     1     8     2     4     6     0     1     0     0     1     3     1     0   833     0
     4     1     2     2     4     6     8     2     1     0     1     1     0     2     1     1   720     0
     5     1     1     2     2     4     6     8     1     0     0     1     1     2     0     0   743     0
     6     1     1     2     2     4     6     8     0     1     1     0     0     1     1     1   775     0
     7     1     2     2     4     6     8     2     1     0     1     0     0     2     1     1   794     0
     8     1     2     2     4     6     8     2     1     0     0     0     0     1     0     0   588     0
     9     1     1     2     2     4     6     8     1     1     0     1     0     2     0     1   728     0
    10     2     6     2     3     5     7     1     1     1     1     1     1     3     0     0   862     0
    11     2     7     0     5     7     1     3     1     1     0     1     1     2     0     0   680     0
    12     2     5     0     1     3     5     7     1     0     1     1     0     2     0     1   938     0
    13     2     5     0     1     3     5     7     0     0     0     0     1     1     1     0   591     0
    14     2     5     0     1     3     5     7     0     1     0     1     0     1     0     1   993     0
    15     2     7     0     5     7     1     3     0     1     1     0     1     2     0     0   750     0
    16     2     6     2     3     5     7     1     0     1     1     0     1     2     0     0   607     0
    17     1     1     2     2     4     6     8     1     1     1     1     0     3     1     0   636     0
    18     1     1     2     2     4     6     8     1     0     1     0     1     1     0     1   702     0
    19     1     1     2     2     4     6     8     1     0     1     0     0     1     0     0   520     0
    20     1     4     1     8     2     4     6     1     1     1     1     0     2     0     1   670     0
    21     1     3     1     6     8     2     4     0     1     1     1     0     2     1     0   744     0
    22     1     3     1     6     8     2     4     1     1     1     0     0     1     1     0   592     0
    23     1     4     1     8     2     4     6     1     0     1     1     1     2     0     1   907     0
    24     1     4     1     8     2     4     6     0     1     1     0     0     1     1     1   908     0
    25     2     6     2     3     5     7     1     0     0     0     0     1     3     0     1   662     0
    26     1     1     2     2     4     6     8     1     1     0     1     1     3     1     1   936     0
    27     1     3     1     6     8     2     4     0     1     0     1     1     2     1     0   748     0
    28     1     3     1     6     8     2     4     1     0     1     1     1     1     1     1   817     0
    29     1     1     2     2     4     6     8     0     0     0     0     0     2     1     0   770     0
    30     1     1     2     2     4     6     8     1     0     1     0     1     1     1     0   603     0
    31     2     8     1     7     1     3     5     0     0     0     0     1     3     1     0   582     1
    32     2     8     1     7     1     3     5     1     1     0     0     1     1     1     1  1100     0
    33     1     1     2     2     4     6     8     0     0     1     1     1     3     1     1   803     0
    34     1     1     2     2     4     6     8     1     0     0     1     1     1     1     0   685     0
    35     2     8     1     7     1     3     5     1     0     0     0     0     3     0     0   923     0
    36     2     8     1     7     1     3     5     1     1     0     0     0     1     0     1   677     0
    37     1     2     2     4     6     8     2     0     1     1     1     1     3     1     0   843     1
    38     1     3     1     6     8     2     4     0     0     0     1     1     2     0     1   820     0
    39     1     1     2     2     4     6     8     0     1     0     1     0     2     0     1   703     0
    40     1     1     2     2     4     6     8     1     0     0     1     0     1     1     1  1003     0
    41     1     1     2     2     4     6     8     0     0     0     1     1     1     1     0   832     0
    42     1     4     1     8     2     4     6     0     1     0     1     0     2     0     1  1170     0
    43     1     1     2     2     4     6     8     1     1     0     1     1     2     1     0   745     0
    44     1     1     2     2     4     6     8     0     1     0     0     1     1     1     0   757     0
    45     1     1     2     2     4     6     8     0     0     1     1     0     1     0     1  1203     0
    46     1     1     2     2     4     6     8     1     1     0     1     0     1     1     1  1284     0
    47     1     4     1     8     2     4     6     1     1     0     1     1     2     0     0  1033     0
    48     1     4     1     8     2     4     6     0     1     0     1     0     1     1     0   774     0
    49     1     2     2     4     6     8     2     1     1     1     1     1     2     1     0   614     0
    50     1     2     2     4     6     8     2     0     1     0     1     0     1     1     0   833     0
    51     1     2     2     4     6     8     2     1     1     0     1     1     1     1     0   714     0
    52     2     7     0     5     7     1     3     1     0     0     0     1     3     0     1   742     0
    53     1     1     2     2     4     6     8     1     1     0     0     1     3     0     1   740     1
    54     2     6     2     3     5     7     1     1     0     0     1     1     3     0     1  1462     0
    55     1     4     1     8     2     4     6     0     0     1     0     0     3     1     0   752     0
    56     1     3     1     6     8     2     4     1     0     0     1     0     2     1     0   988     0
    57     2     8     1     7     1     3     5     1     1     1     0     1     3     0     1   586     0
    58     2     8     1     7     1     3     5     1     0     0     1     0     1     0     1   987     0
    59     2     5     0     1     3     5     7     1     0     0     0     1     2     0     0  1361     0
    60     2     5     0     1     3     5     7     0     1     1     1     0     1     1     1  1024     0
    61     1     2     2     4     6     8     2     1     1     0     0     0     3     1     0   732     0
    62     2     5     0     1     3     5     7     0     0     1     0     1     3     1     1   831     0
    63     1     2     2     4     6     8     2     1     1     0     0     0     3     1     1   792     0
    64     1     2     2     4     6     8     2     1     1     1     0     0     1     0     0  1114     0
    65     1     3     1     6     8     2     4     0     1     0     1     1     2     1     0   678     0
    66     1     3     1     6     8     2     4     1     0     0     1     0     1     1     1   748     0
    67     1     3     1     6     8     2     4     1     0     0     0     0     1     0     0  1427     0
    68     1     3     1     6     8     2     4     0     0     1     1     0     1     1     0   650     0
    69     2     8     1     7     1     3     5     1     1     0     1     1     3     1     1   875     0
    70     2     7     0     5     7     1     3     1     1     1     1     1     2     0     0  1204     0
    71     1     2     2     4     6     8     2     0     0     1     0     1     3     1     1   756     0
    72     1     2     2     4     6     8     2     1     1     0     1     0     1     1     1   796     0
    73     2     8     1     7     1     3     5     1     0     1     1     0     3     0     1  1500     2
    74     2     8     1     7     1     3     5     1     1     0     1     1     1     0     1   701     0
    75     2     7     0     5     7     1     3     1     1     0     0     1     2     0     0   770     0
    76     1     4     1     8     2     4     6     0     1     0     0     0     3     1     0   741     1
    77     2     8     1     7     1     3     5     1     1     0     1     1     3     1     0   572     0
    78     2     8     1     7     1     3     5     1     1     1     1     1     1     0     0   573     0
    79     1     2     2     4     6     8     2     0     0     0     1     1     3     1     1   942     0
    80     1     2     2     4     6     8     2     1     0     0     1     0     1     1     0   605     0
    81     1     4     1     8     2     4     6     0     0     0     0     1     2     1     0  1193     0
    82     1     4     1     8     2     4     6     1     1     1     1     0     1     1     1   647     0
    83     2     8     1     7     1     3     5     0     1     1     1     1     3     1     0  1309     0
    84     2     8     1     7     1     3     5     1     0     0     1     1     1     1     1   605     0
    85     2     6     2     3     5     7     1     0     1     1     0     0     2     1     1   754     0
    86     2     8     1     7     1     3     5     0     0     1     1     0     2     0     1  1408     0
    87     2     6     2     3     5     7     1     1     0     0     1     1     2     1     0   818     0
    88     2     6     2     3     5     7     1     1     0     1     1     1     1     0     0   707     0
    89     1     4     1     8     2     4     6     1     1     1     0     0     3     0     1   659     0
    90     1     2     2     4     6     8     2     1     1     1     1     0     2     0     0   869     0
    91     1     1     2     2     4     6     8     1     0     0     1     0     2     0     1   929     0
    92     1     2     2     4     6     8     2     0     1     1     0     0     2     1     1   596     0
    93     2     8     1     7     1     3     5     0     1     1     1     1     3     0     0  1500     2
    94     2     8     1     7     1     3     5     0     0     1     0     1     1     0     1  1100     0
    95     2     5     0     1     3     5     7     1     0     0     1     0     2     1     0   723     0
    96     2     5     0     1     3     5     7     0     0     0     1     1     1     1     0   680     0
    97     2     6     2     3     5     7     1     0     0     0     1     0     2     0     0   617     0
    98     2     6     2     3     5     7     1     1     0     0     0     0     1     1     0   541     0
    99     2     8     1     7     1     3     5     1     0     0     1     1     2     0     0   684     0
   100     2     5     0     1     3     5     7     0     1     1     1     1     2     1     1  1159     0
   101     1     4     1     8     2     4     6     0     1     1     1     0     3     0     0  1150     0
   102     1     4     1     8     2     4     6     0     1     0     0     1     1     0     0   682     0
   103     2     6     2     3     5     7     1     1     0     0     0     0     3     1     1   984     0
   104     2     7     0     5     7     1     3     1     1     1     1     0     2     0     1   829     0
   105     1     1     2     2     4     6     8     0     0     1     0     1     3     1     1   728     0
   106     1     1     2     2     4     6     8     1     1     0     1     1     1     1     1   741     0
   107     2     6     2     3     5     7     1     0     0     0     1     0     3     1     1   699     0
   108     2     6     2     3     5     7     1     1     0     1     0     0     1     1     0   537     0
   109     1     3     1     6     8     2     4     1     0     0     1     0     3     0     0   596     0
   110     1     3     1     6     8     2     4     0     1     0     0     1     1     1     1   993     0
   111     2     8     1     7     1     3     5     0     0     1     1     0     3     0     1  1272     0
   112     2     7     0     5     7     1     3     1     0     1     1     1     2     1     0   692     0
   113     2     6     2     3     5     7     1     1     0     1     1     0     2     0     0  1096     0
   114     2     6     2     3     5     7     1     0     0     0     0     1     1     1     0   595     0
   115     2     6     2     3     5     7     1     0     1     0     1     0     1     0     1   723     0
   116     2     6     2     3     5     7     1     0     1     0     0     0     1     0     0   749     0
   117     2     7     0     5     7     1     3     1     0     0     0     1     2     1     1  1389     0
   118     1     2     2     4     6     8     2     0     0     1     0     0     3     1     0   884     1
   119     2     5     0     1     3     5     7     0     0     0     1     0     3     0     0   901     0
   120     2     5     0     1     3     5     7     0     1     0     1     1     1     0     1   893     0
   121     1     3     1     6     8     2     4     1     0     0     0     0     3     1     1   741     0
   122     1     4     1     8     2     4     6     1     0     0     0     0     2     0     0   691     0
   123     2     5     0     1     3     5     7     1     0     0     1     1     3     0     0   789     0
   124     2     5     0     1     3     5     7     0     1     1     1     1     1     1     1   757     0
   125     1     2     2     4     6     8     2     0     0     0     1     0     3     0     1  1140     0
   126     1     2     2     4     6     8     2     0     1     1     1     1     1     0     1   707     0
   127     1     2     2     4     6     8     2     1     0     0     0     0     1     1     1   609     0
   128     2     7     0     5     7     1     3     1     1     0     0     0     3     0     1   635     0
   129     1     4     1     8     2     4     6     1     0     1     1     1     3     0     1   727     0
   130     1     4     1     8     2     4     6     1     1     0     1     0     1     0     1   663     0
   131     1     1     2     2     4     6     8     1     0     0     1     0     2     0     1   630     0
   132     1     1     2     2     4     6     8     0     1     1     1     1     1     1     1   728     0
   133     2     6     2     3     5     7     1     1     0     0     0     1     3     1     1   623     0
   134     2     6     2     3     5     7     1     1     1     1     0     0     1     0     1   572     0
   135     2     6     2     3     5     7     1     1     1     1     0     0     1     0     0   659     0
   136     2     5     0     1     3     5     7     0     0     1     1     0     2     1     1   706     0
   137     2     7     0     5     7     1     3     0     0     1     0     0     2     0     0   628     0
   138     2     7     0     5     7     1     3     0     1     1     0     1     1     0     1   591     0
   139     2     6     2     3     5     7     1     0     1     1     1     0     2     0     0   538     0
   140     1     1     2     2     4     6     8     0     0     0     1     0     3     0     1   675     0
   141     1     2     2     4     6     8     2     1     0     1     1     0     2     1     0   680     0
   142     1     2     2     4     6     8     2     0     1     1     0     0     1     1     1   720     0
   143     2     5     0     1     3     5     7     0     1     1     1     1     3     0     0   750     0
   144     2     5     0     1     3     5     7     0     0     1     1     1     1     0     1   729     0
   145     2     7     0     5     7     1     3     0     0     0     1     1     2     0     0   799     0
   146     1     4     1     8     2     4     6     1     1     0     0     1     3     1     1   893     0
   147     1     2     2     4     6     8     2     0     1     0     0     0     2     1     0   549     0
   148     2     5     0     1     3     5     7     0     0     0     0     1     3     0     1   550     0
   149     2     8     1     7     1     3     5     1     1     0     0     1     2     1     1  1171     0
   150     2     8     1     7     1     3     5     0     1     0     0     0     1     1     0   608     0
   151     1     1     2     2     4     6     8     0     0     1     1     1     3     0     1   738     0
   152     1     2     2     4     6     8     2     0     1     0     0     1     2     0     1   543     0
   153     1     3     1     6     8     2     4     1     0     0     1     0     2     1     1   801     0
   154     1     3     1     6     8     2     4     1     0     1     0     0     1     0     0   582     0
   155     2     7     0     5     7     1     3     1     0     0     1     0     3     0     0   559     0
   156     2     8     1     7     1     3     5     1     1     1     1     1     2     0     1   569     0
   157     2     7     0     5     7     1     3     1     1     0     0     1     2     0     0   798     1
   158     2     7     0     5     7     1     3     0     1     1     1     0     1     1     0  1014     0
   159     1     3     1     6     8     2     4     1     0     0     0     1     3     1     1   868     0
   160     2     6     2     3     5     7     1     0     0     1     1     1     3     1     0   821     0
   161     2     5     0     1     3     5     7     1     0     0     1     1     2     1     0  1042     0
   162     2     5     0     1     3     5     7     1     0     1     0     0     1     0     0   766     0
   163     2     8     1     7     1     3     5     1     0     1     1     1     2     0     0   901     0
   164     2     5     0     1     3     5     7     0     1     1     0     0     2     1     1   672     0
   165     1     3     1     6     8     2     4     0     0     0     1     0     3     0     1  1164     0
   166     1     2     2     4     6     8     2     0     1     1     1     0     2     0     1   913     0
   167     2     8     1     7     1     3     5     1     0     1     0     1     3     1     1   893     0
   168     2     8     1     7     1     3     5     1     0     1     0     1     1     0     0  1500     2
   169     2     8     1     7     1     3     5     1     0     1     1     1     1     0     0   643     0
   170     2     6     2     3     5     7     1     1     0     1     1     1     2     0     0   829     0
   171     1     4     1     8     2     4     6     0     0     1     0     1     3     1     0   721     0
   172     2     5     0     1     3     5     7     0     0     0     0     0     3     0     0   482     0
   173     2     8     1     7     1     3     5     0     1     0     1     0     2     0     1   592     0
   174     2     8     1     7     1     3     5     1     0     0     0     1     1     1     1  1175     0
   175     2     5     0     1     3     5     7     0     1     0     1     1     2     1     1   613     0
   176     2     5     0     1     3     5     7     1     0     1     0     1     1     1     1   614     0
   177     1     2     2     4     6     8     2     0     0     1     0     0     3     1     0   734     0
   178     1     2     2     4     6     8     2     1     0     1     1     0     1     1     0   645     0
   179     2     6     2     3     5     7     1     0     0     1     0     1     3     1     0   748     0
   180     2     6     2     3     5     7     1     1     1     0     1     1     1     1     1   613     0
   181     1     2     2     4     6     8     2     0     0     0     0     0     3     1     1   730     0
   182     1     2     2     4     6     8     2     1     0     0     1     1     1     1     0   600     0
   183     1     4     1     8     2     4     6     1     1     1     0     1     2     0     1   812     0
   184     1     4     1     8     2     4     6     0     0     1     1     1     1     1     1   697     0
   185     1     1     2     2     4     6     8     0     1     1     0     0     2     0     1   775     1
   186     1     3     1     6     8     2     4     1     0     0     1     0     2     1     1   743     0
   187     1     1     2     2     4     6     8     1     0     0     0     0     2     0     0   743     0
   188     1     1     2     2     4     6     8     0     0     0     0     1     1     1     0   762     0
   189     2     5     0     1     3     5     7     1     0     0     0     1     3     1     0   705     0
   190     2     7     0     5     7     1     3     0     1     1     1     0     2     1     1   595     0
   191     2     8     1     7     1     3     5     0     0     0     1     0     2     0     1   625     0
   192     2     6     2     3     5     7     1     1     0     1     1     1     2     1     0   754     0
   193     1     1     2     2     4     6     8     0     1     0     0     0     3     1     1   821     0
   194     1     1     2     2     4     6     8     1     0     0     1     1     1     1     1   623     0
   195     1     3     1     6     8     2     4     1     1     1     0     1     2     0     1   752     0
   196     1     3     1     6     8     2     4     0     1     1     1     1     1     1     0   709     0
   197     2     5     0     1     3     5     7     1     1     1     0     0     3     1     0   689     0
   198     1     4     1     8     2     4     6     0     1     1     1     1     3     1     0   531     0
   199     1     2     2     4     6     8     2     0     1     1     1     0     2     0     0   578     0
   200     1     1     2     2     4     6     8     0     1     0     0     1     2     0     0   738     0
   201     2     5     0     1     3     5     7     0     1     1     0     0     3     0     0   455     0
   202     2     8     1     7     1     3     5     1     0     0     1     0     2     1     1   660     0
   203     2     8     1     7     1     3     5     1     1     1     0     0     1     0     1  1150     0
   204     2     8     1     7     1     3     5     0     0     0     0     0     1     1     1  1031     0
   205     1     4     1     8     2     4     6     0     0     1     0     0     3     0     0   793     0
   206     1     1     2     2     4     6     8     1     1     0     1     1     2     1     1   986     0
   207     1     4     1     8     2     4     6     1     1     0     0     0     2     0     0   671     1
   208     1     4     1     8     2     4     6     1     1     0     1     0     1     0     0   655     0
   209     2     7     0     5     7     1     3     0     1     1     0     0     3     1     0   776     0
   210     2     7     0     5     7     1     3     1     0     1     1     0     1     1     1  1028     0
   211     2     8     1     7     1     3     5     1     0     0     1     0     2     0     0  1296     0
   212     1     3     1     6     8     2     4     0     1     1     1     1     3     1     1   760     0
   213     2     5     0     1     3     5     7     1     0     1     1     0     3     1     1  1001     0
   214     2     5     0     1     3     5     7     0     0     1     1     1     1     1     0   574     0
   215     1     2     2     4     6     8     2     0     1     0     0     1     3     0     1   729     0
   216     1     2     2     4     6     8     2     0     0     0     1     1     1     0     1   637     0
   217     1     4     1     8     2     4     6     0     1     0     1     0     2     0     1   613     0
   218     2     5     0     1     3     5     7     1     1     0     0     1     3     1     0   742     1
   219     1     4     1     8     2     4     6     0     0     0     0     1     3     1     1  1077     0
   220     1     4     1     8     2     4     6     0     0     1     1     0     1     0     0  1223     0
   221     2     7     0     5     7     1     3     0     0     0     0     0     3     0     0   583     0
   222     2     7     0     5     7     1     3     1     1     0     0     0     1     1     1   752     0
   223     1     1     2     2     4     6     8     1     0     0     1     0     3     0     1  1147     0
   224     2     6     2     3     5     7     1     1     1     1     0     1     3     0     1   888     0
   225     2     7     0     5     7     1     3     0     0     0     1     1     2     1     1  1176     0
   226     2     7     0     5     7     1     3     0     0     0     1     0     1     0     0   822     0
   227     2     7     0     5     7     1     3     1     1     1     0     1     1     1     1  1279     0
   228     2     8     1     7     1     3     5     1     0     0     1     0     2     0     1   881     0
   229     2     6     2     3     5     7     1     0     0     0     1     0     2     1     0   603     0
   230     2     6     2     3     5     7     1     0     0     1     1     0     1     0     0   542     0
   231     1     4     1     8     2     4     6     0     0     1     1     1     3     0     0   936     0
   232     1     1     2     2     4     6     8     1     1     0     1     0     2     1     1  1034     0
   233     2     7     0     5     7     1     3     1     0     0     1     1     3     0     1   665     0
   234     1     2     2     4     6     8     2     0     0     1     1     0     3     1     0   912     0
   235     2     7     0     5     7     1     3     0     1     0     0     0     3     0     1   701     1
   236     2     7     0     5     7     1     3     0     1     0     0     0     1     0     0   584     0
   237     1     2     2     4     6     8     2     1     1     1     0     0     3     1     0   591     0
   238     1     3     1     6     8     2     4     0     0     1     1     0     2     1     1   649     0
   239     1     3     1     6     8     2     4     1     0     0     1     1     1     1     0   967     0
   240     1     4     1     8     2     4     6     0     1     0     0     1     2     1     1   824     1
   241     1     2     2     4     6     8     2     0     1     0     0     1     2     0     0  1034     0
   242     2     7     0     5     7     1     3     0     0     1     0     0     3     0     1   667     0
   243     2     8     1     7     1     3     5     1     1     0     0     1     2     1     1  1356     1
   244     2     8     1     7     1     3     5     1     1     0     1     1     1     0     0  1159     0
   245     2     8     1     7     1     3     5     0     0     0     1     1     1     1     1   638     0
   246     1     3     1     6     8     2     4     1     0     1     0     0     3     1     0  1062     0
   247     1     1     2     2     4     6     8     1     1     1     1     1     2     0     1   884     0
   248     1     1     2     2     4     6     8     0     0     1     1     0     1     1     1   793     0
   249     1     2     2     4     6     8     2     1     1     1     0     1     2     1     1   756     0
   250     1     2     2     4     6     8     2     1     0     1     1     0     1     0     1   842     0
   251     1     2     2     4     6     8     2     0     1     0     1     1     1     1     1   826     0
   252     1     2     2     4     6     8     2     0     1     0     0     0     1     0     0  1189     0
   253     1     1     2     2     4     6     8     0     0     1     1     1     2     0     1   937     0
   254     1     4     1     8     2     4     6     0     1     1     0     1     2     0     1   973     0
   255     1     2     2     4     6     8     2     1     0     1     0     0     2     1     1   688     0
   256     1     2     2     4     6     8     2     0     0     0     0     1     1     1     0   640     0
   257     2     8     1     7     1     3     5     1     1     1     0     0     3     1     1   672     0
   258     2     8     1     7     1     3     5     1     1     1     1     1     1     0     0   531     0
   259     2     6     2     3     5     7     1     0     0     0     0     0     2     1     1   787     0
   260     2     5     0     1     3     5     7     1     0     1     0     1     2     1     0   893     0
   261     1     4     1     8     2     4     6     0     0     1     1     1     3     1     0   857     0
   262     1     3     1     6     8     2     4     0     0     1     1     0     2     0     0   837     0
   263     1     4     1     8     2     4     6     1     0     0     1     0     2     1     0   795     0
   264     1     4     1     8     2     4     6     1     1     0     0     1     1     0     1   716     0
   265     1     3     1     6     8     2     4     0     0     1     0     0     2     1     1   928     0
   266     1     2     2     4     6     8     2     1     0     1     1     0     2     1     0   733     0
   267     2     6     2     3     5     7     1     0     1     0     1     1     3     1     1  1008     0
   268     2     7     0     5     7     1     3     0     0     0     1     0     2     0     1   620     0
   269     1     2     2     4     6     8     2     0     1     1     0     1     3     0     1   680     0
   270     1     2     2     4     6     8     2     1     1     1     0     1     1     1     0   578     0
   271     2     6     2     3     5     7     1     1     0     0     1     0     3     0     1   627     0
   272     2     6     2     3     5     7     1     0     1     0     1     1     1     1     1   568     0
   273     1     2     2     4     6     8     2     0     1     1     0     0     3     0     0  1328     0
   274     1     4     1     8     2     4     6     0     1     0     1     1     2     0     0   694     0
   275     2     7     0     5     7     1     3     1     0     1     1     1     3     1     1   696     0
   276     2     5     0     1     3     5     7     0     1     1     0     1     2     1     1   648     0
   277     2     5     0     1     3     5     7     0     0     0     1     1     1     0     1   837     0
   278     2     6     2     3     5     7     1     1     1     1     1     1     2     1     1   668     0
   279     2     5     0     1     3     5     7     1     1     0     1     1     2     0     0   701     0
   280     2     5     0     1     3     5     7     1     1     1     1     0     1     0     0   655     0
   281     2     7     0     5     7     1     3     1     0     0     1     1     2     0     1   735     0
   282     2     6     2     3     5     7     1     0     0     1     1     1     2     1     0   938     0
   283     1     1     2     2     4     6     8     0     1     0     0     1     3     0     1   728     0
   284     2     6     2     3     5     7     1     1     1     0     1     1     3     1     0   621     0
   285     1     2     2     4     6     8     2     1     0     1     1     0     3     0     1   570     0
   286     1     4     1     8     2     4     6     1     1     0     1     1     2     0     1   962     0
   287     1     2     2     4     6     8     2     1     0     1     0     1     2     0     1   672     0
   288     1     2     2     4     6     8     2     0     1     0     0     1     1     1     1  1180     0
   289     2     6     2     3     5     7     1     1     0     1     1     1     3     1     1   706     0
   290     2     7     0     5     7     1     3     1     1     1     1     1     2     0     1   674     0
   291     2     6     2     3     5     7     1     1     1     0     0     1     2     0     0   611     0
   292     2     8     1     7     1     3     5     1     1     1     1     0     2     0     0   560     0
   293     1     1     2     2     4     6     8     1     1     1     0     0     3     0     0   609     0
   294     1     2     2     4     6     8     2     1     0     1     1     0     2     0     1   743     0
   295     1     4     1     8     2     4     6     0     1     0     0     0     2     1     1   932     0
   296     1     4     1     8     2     4     6     0     1     1     0     1     1     0     0   797     0
   297     1     2     2     4     6     8     2     1     1     1     0     0     2     1     0   692     0
   298     1     2     2     4     6     8     2     1     1     1     0     1     1     0     0  1048     0
   299     2     8     1     7     1     3     5     0     0     0     0     1     3     1     1   850     0
   300     2     8     1     7     1     3     5     0     1     1     0     1     1     0     1   522     0
   301     2     7     0     5     7     1     3     0     1     0     0     0     2     0     0  1276     0
   302     2     8     1     7     1     3     5     1     1     1     1     1     2     1     0   697     0
   303     2     8     1     7     1     3     5     1     1     1     1     0     1     0     0   558     0
   304     2     5     0     1     3     5     7     0     0     1     1     1     2     1     1   870     0
   305     2     6     2     3     5     7     1     0     0     1     0     1     2     0     0   878     0
   306     2     5     0     1     3     5     7     0     0     0     0     0     2     0     0   665     0
   307     2     8     1     7     1     3     5     0     1     0     0     0     2     0     1   618     0
   308     2     7     0     5     7     1     3     0     1     0     1     0     2     0     0   963     0
   309     2     6     2     3     5     7     1     1     1     0     1     1     2     1     0   746     0
   310     2     6     2     3     5     7     1     1     0     0     0     1     1     0     1   544     0
   311     1     2     2     4     6     8     2     1     1     0     0     0     3     0     1   590     0
   312     1     2     2     4     6     8     2     0     1     1     0     0     1     1     0  1107     0
   313     1     3     1     6     8     2     4     0     1     0     1     1     2     0     0   551     0
   314     1     3     1     6     8     2     4     1     0     1     0     1     1     1     1   879     0
   315     2     7     0     5     7     1     3     0     0     0     0     0     3     1     0   796     0
   316     2     7     0     5     7     1     3     1     0     1     1     1     1     1     0  1500     2
   317     1     4     1     8     2     4     6     1     1     1     0     0     3     0     1   758     0
   318     2     5     0     1     3     5     7     1     1     1     0     1     3     0     0   593     1
   319     2     5     0     1     3     5     7     0     0     0     1     0     1     1     1  1463     0
   320     2     5     0     1     3     5     7     0     1     0     1     0     1     0     1   779     0
   321     2     8     1     7     1     3     5     0     0     1     0     0     2     0     1   615     0
   322     2     8     1     7     1     3     5     0     1     1     0     1     1     0     1   595     0
   323     2     5     0     1     3     5     7     0     1     1     1     1     2     0     0   853     0
   324     2     5     0     1     3     5     7     1     1     1     1     0     1     1     0   682     0
   325     2     8     1     7     1     3     5     1     0     1     0     1     2     0     1   737     0
   326     2     8     1     7     1     3     5     0     1     1     0     0     1     1     1   642     0
   327     2     5     0     1     3     5     7     1     1     1     0     0     2     1     0   945     0
   328     2     8     1     7     1     3     5     0     0     1     1     0     2     1     1   616     0
   329     2     7     0     5     7     1     3     0     1     1     1     1     2     0     1   819     0
   330     2     7     0     5     7     1     3     0     0     1     0     1     1     0     1   560     0
   331     2     6     2     3     5     7     1     1     0     0     1     1     2     1     0   780     1
   332     2     6     2     3     5     7     1     0     0     0     1     0     1     1     0  1276     0
   333     1     1     2     2     4     6     8     1     1     1     0     1     3     1     1   784     0
   334     1     1     2     2     4     6     8     1     0     0     1     0     1     0     1   802     0
   335     1     4     1     8     2     4     6     0     1     0     1     1     2     1     1  1103     0
   336     1     1     2     2     4     6     8     0     0     1     0     0     2     0     1   727     0
   337     2     8     1     7     1     3     5     0     0     1     1     0     3     0     0  1288     0
   338     2     8     1     7     1     3     5     0     0     1     0     1     1     0     0   627     0
   339     2     8     1     7     1     3     5     1     0     0     1     1     1     1     0   752     0
   340     2     5     0     1     3     5     7     1     1     0     1     1     2     0     1   754     0
   341     2     5     0     1     3     5     7     1     1     0     1     1     1     0     0   591     0
   342     2     6     2     3     5     7     1     1     0     0     1     0     2     0     1   658     0
   343     1     1     2     2     4     6     8     0     0     0     0     0     3     1     0  1160     0
   344     2     8     1     7     1     3     5     1     1     1     1     0     3     1     1  1214     0
   345     1     1     2     2     4     6     8     0     0     1     1     0     3     1     1   654     0
   346     1     2     2     4     6     8     2     1     0     1     1     1     2     1     0   854     0
   347     2     7     0     5     7     1     3     0     1     1     0     0     3     1     1   790     0
   348     1     4     1     8     2     4     6     0     0     0     1     0     3     0     1  1028     0
   349     2     5     0     1     3     5     7     1     1     1     0     1     3     1     1   742     0
   350     2     5     0     1     3     5     7     1     0     0     0     0     1     0     1  1013     0
   351     1     4     1     8     2     4     6     1     0     0     0     0     3     0     0   687     0
   352     2     7     0     5     7     1     3     0     0     1     0     0     3     1     0   679     0
   353     1     3     1     6     8     2     4     0     0     1     0     1     3     0     0   952     0
   354     1     3     1     6     8     2     4     0     1     0     0     1     1     0     1  1362     0
   355     1     3     1     6     8     2     4     0     0     1     0     1     1     0     1   683     0
   356     1     3     1     6     8     2     4     1     0     1     1     0     1     1     0   810     0
   357     1     4     1     8     2     4     6     0     0     0     1     1     2     1     0   745     0
   358     1     1     2     2     4     6     8     1     0     0     0     0     2     1     0   698     0
   359     1     4     1     8     2     4     6     1     1     1     0     0     2     0     1   995     0
   360     1     4     1     8     2     4     6     0     0     1     1     0     1     1     1   807     0
   361     2     7     0     5     7     1     3     0     0     1     1     0     3     0     0   708     0
   362     2     7     0     5     7     1     3     1     0     1     1     1     1     1     0   613     0
   363     2     7     0     5     7     1     3     1     1     1     0     1     1     0     1   920     0
   364     2     7     0     5     7     1     3     1     0     1     1     1     1     0     1   586     0
   365     2     6     2     3     5     7     1     0     0     0     1     1     2     1     0   785     0
   366     2     6     2     3     5     7     1     1     1     0     0     1     1     1     1   589     1
   367     1     3     1     6     8     2     4     1     1     1     1     0     3     0     0   997     0
   368     1     1     2     2     4     6     8     0     0     1     1     1     2     1     1   696     0
   369     1     3     1     6     8     2     4     1     0     0     1     0     2     1     0  1125     0
   370     2     6     2     3     5     7     1     0     0     1     0     0     3     1     0   641     0
   371     2     6     2     3     5     7     1     1     0     0     1     0     1     1     0   573     0
   372     2     6     2     3     5     7     1     0     1     0     0     0     1     1     1   594     0
   373     2     7     0     5     7     1     3     0     1     1     0     0     2     0     0   654     1
   374     2     7     0     5     7     1     3     1     1     1     0     1     1     1     0   652     0
   375     2     8     1     7     1     3     5     1     0     0     0     0     2     0     1   712     0
   376     2     6     2     3     5     7     1     0     1     0     1     0     2     1     1   784     0
   377     1     4     1     8     2     4     6     0     0     0     1     0     3     0     1   684     0
   378     1     4     1     8     2     4     6     0     1     1     0     1     1     0     1  1500     0
   379     2     8     1     7     1     3     5     0     1     1     0     1     3     0     0   566     0
   380     1     3     1     6     8     2     4     1     1     0     1     1     3     1     0   545     0
   381     1     1     2     2     4     6     8     1     1     0     0     0     2     0     0   702     0
   382     1     1     2     2     4     6     8     1     1     0     1     0     1     0     0   467     0
   383     2     8     1     7     1     3     5     0     1     1     0     1     3     1     0   567     0
   384     2     8     1     7     1     3     5     1     1     1     0     1     1     1     0   553     0
   385     1     4     1     8     2     4     6     1     0     0     0     0     3     0     1   598     0
   386     1     4     1     8     2     4     6     0     1     1     1     0     1     1     1   644     1
   387     1     3     1     6     8     2     4     1     0     0     1     1     2     1     1  1196     0
   388     1     3     1     6     8     2     4     0     0     1     0     0     1     1     0   644     0
   389     1     3     1     6     8     2     4     0     1     1     0     0     1     0     1  1473     0
   390     1     3     1     6     8     2     4     1     0     1     1     0     1     1     1   604     0
   391     1     3     1     6     8     2     4     1     0     0     0     0     1     0     0   584     0
   392     2     6     2     3     5     7     1     0     0     1     1     1     3     1     0   806     0
   393     2     8     1     7     1     3     5     1     1     1     1     0     2     1     1   958     0
   394     2     8     1     7     1     3     5     0     0     1     1     1     1     1     1   773     0
   395     2     5     0     1     3     5     7     1     1     1     1     0     2     1     1  1500     2
   396     1     2     2     4     6     8     2     1     0     1     0     0     3     0     1   860     0
   397     1     2     2     4     6     8     2     1     0     0     1     0     1     0     0  1500     2
   398     1     2     2     4     6     8     2     1     1     1     1     1     1     0     1  1007     0
   399     2     5     0     1     3     5     7     1     1     0     0     0     3     0     0   766     0
   400     2     5     0     1     3     5     7     1     0     0     1     1     1     0     1   877     0
   401     2     7     0     5     7     1     3     1     1     1     0     1     2     0     1   773     0
   402     2     8     1     7     1     3     5     0     1     0     0     0     2     1     0   705     0
   403     2     6     2     3     5     7     1     0     0     1     1     1     2     0     1   656     0
   404     2     6     2     3     5     7     1     1     0     1     1     1     1     1     0   648     0
   405     1     3     1     6     8     2     4     0     0     0     0     1     3     1     0  1000     0
   406     2     8     1     7     1     3     5     0     0     0     1     1     3     0     0   635     0
   407     2     7     0     5     7     1     3     0     1     0     1     1     2     0     1   636     0
   408     2     7     0     5     7     1     3     1     1     1     1     1     1     1     0   740     0
   409     1     4     1     8     2     4     6     0     1     0     1     1     3     1     0   801     0
   410     1     4     1     8     2     4     6     1     0     0     1     0     1     1     1   649     0
   411     2     6     2     3     5     7     1     0     0     0     0     0     3     1     0   904     0
   412     2     8     1     7     1     3     5     0     1     1     1     1     2     0     1   602     0
   413     2     5     0     1     3     5     7     1     0     1     0     1     2     1     1   754     0
   414     2     6     2     3     5     7     1     0     1     1     0     0     2     1     1   719     0
   415     1     4     1     8     2     4     6     0     0     1     0     0     3     0     1   565     0
   416     2     7     0     5     7     1     3     1     0     1     1     1     3     1     0   790     0
   417     2     7     0     5     7     1     3     0     1     0     0     0     1     1     1   697     0
   418     2     7     0     5     7     1     3     1     0     0     1     1     1     1     1   563     0
   419     2     8     1     7     1     3     5     1     1     1     1     0     2     0     1   817     0
   420     2     5     0     1     3     5     7     0     0     0     1     0     2     1     1   884     0
   421     2     5     0     1     3     5     7     0     0     0     1     0     1     0     0   608     0
   422     2     6     2     3     5     7     1     1     0     0     1     0     2     1     0   665     0
   423     1     4     1     8     2     4     6     0     0     0     1     1     3     1     0   614     0
   424     1     1     2     2     4     6     8     1     0     0     1     0     2     1     0   604     0
   425     2     5     0     1     3     5     7     1     1     0     0     1     3     0     1   585     0
   426     1     4     1     8     2     4     6     0     1     1     0     0     3     1     0   933     1
   427     2     6     2     3     5     7     1     0     0     0     0     1     3     0     1   740     0
   428     2     6     2     3     5     7     1     0     0     1     0     0     1     0     0   487     0
   429     2     5     0     1     3     5     7     0     0     1     0     0     2     0     0   749     0
   430     2     5     0     1     3     5     7     0     1     1     0     0     1     0     1   636     0
   431     1     4     1     8     2     4     6     1     1     0     1     1     3     1     0   579     0
   432     1     4     1     8     2     4     6     1     0     0     1     0     1     0     1   622     0
   433     1     3     1     6     8     2     4     0     0     1     1     0     2     1     0   566     0
   434     1     4     1     8     2     4     6     1     1     1     0     0     2     1     1   883     0
   435     2     8     1     7     1     3     5     1     0     1     1     1     3     0     1   567     0
   436     2     8     1     7     1     3     5     0     1     0     1     0     1     1     1  1400     0
   437     2     5     0     1     3     5     7     0     0     0     0     0     2     0     1   635     0
   438     2     5     0     1     3     5     7     1     0     1     0     0     1     1     0   547     0
   439     1     4     1     8     2     4     6     0     0     1     0     0     3     1     0   618     0
   440     1     4     1     8     2     4     6     0     1     1     0     1     1     0     1   600     0
   441     1     4     1     8     2     4     6     1     0     1     1     1     1     1     1  1496     0
   442     1     1     2     2     4     6     8     0     0     0     0     0     2     1     0   579     0
   443     2     7     0     5     7     1     3     1     0     0     0     0     3     1     0   606     0
   444     2     7     0     5     7     1     3     1     0     0     0     0     1     0     0   458     0
   445     1     3     1     6     8     2     4     1     1     1     0     0     3     0     1   747     0
   446     1     3     1     6     8     2     4     1     0     1     1     0     1     0     1   561     0
   447     1     1     2     2     4     6     8     0     1     0     0     1     2     1     1   781     0
   448     1     1     2     2     4     6     8     0     0     1     1     1     1     0     1   584     0
   449     1     2     2     4     6     8     2     1     0     0     0     1     2     1     0  1111     0
   450     1     2     2     4     6     8     2     0     1     1     0     0     1     1     1   792     0
   451     2     7     0     5     7     1     3     0     1     1     0     1     3     0     0   743     0
   452     2     7     0     5     7     1     3     1     0     1     1     0     1     1     1   556     0
   453     2     6     2     3     5     7     1     1     0     0     0     1     2     0     0   557     0
   454     2     6     2     3     5     7     1     1     1     1     1     0     1     0     1   635     0
   455     2     7     0     5     7     1     3     1     1     1     0     1     2     0     0   687     0
   456     2     8     1     7     1     3     5     1     1     1     0     1     2     0     0   852     0
   457     2     5     0     1     3     5     7     1     1     0     0     1     2     0     0   593     0
   458     2     6     2     3     5     7     1     0     0     1     0     1     2     1     1   757     0
   459     1     4     1     8     2     4     6     1     0     0     1     1     3     1     0   786     0
   460     1     1     2     2     4     6     8     0     1     1     0     1     2     1     1   570     0
   461     1     4     1     8     2     4     6     1     1     0     1     1     2     1     0   599     1
   462     1     4     1     8     2     4     6     1     0     0     1     0     1     0     1  1255     0
   463     1     3     1     6     8     2     4     1     0     0     0     1     2     0     0   685     0
   464     1     3     1     6     8     2     4     0     1     0     0     0     1     1     1   893     1
   465     1     1     2     2     4     6     8     1     1     0     0     1     2     1     0   757     0
   466     1     1     2     2     4     6     8     1     1     1     1     0     1     0     0   856     0
   467     2     6     2     3     5     7     1     0     0     1     1     0     3     1     1   749     0
   468     2     6     2     3     5     7     1     0     0     1     1     1     1     0     0   734     0
   469     2     5     0     1     3     5     7     1     0     0     0     1     2     1     0   684     0
   470     2     5     0     1     3     5     7     1     0     0     1     1     1     0     0   514     0
   471     1     3     1     6     8     2     4     0     1     1     1     0     3     1     1   811     0
   472     1     3     1     6     8     2     4     0     1     0     1     0     1     0     0   678     0
   473     1     3     1     6     8     2     4     0     0     0     1     0     1     0     1   605     0
   474     1     4     1     8     2     4     6     0     0     1     1     0     2     0     0   674     0
   475     1     1     2     2     4     6     8     0     0     1     0     1     2     0     0   515     0
   476     1     1     2     2     4     6     8     1     1     0     0     0     1     1     1   703     0
   477     1     1     2     2     4     6     8     1     0     1     1     1     1     0     1   563     0
   478     2     8     1     7     1     3     5     0     1     1     0     1     3     1     1   960     0
   479     1     4     1     8     2     4     6     1     0     1     1     0     3     1     1   681     0
   480     1     1     2     2     4     6     8     1     1     0     1     0     2     0     1   651     0
   481     2     6     2     3     5     7     1     0     1     1     0     0     3     1     0   646     1
   482     2     6     2     3     5     7     1     1     0     0     0     0     1     1     1   659     0
   483     2     6     2     3     5     7     1     0     1     0     1     1     1     1     1  1193     0
   484     1     3     1     6     8     2     4     0     1     0     1     1     3     0     0   700     0
   485     1     1     2     2     4     6     8     1     1     1     1     1     2     1     0   544     0
   486     1     1     2     2     4     6     8     0     1     0     1     0     1     1     0   587     0
   487     2     7     0     5     7     1     3     1     1     0     1     1     3     1     0   702     0
   488     2     7     0     5     7     1     3     0     1     0     1     0     1     1     0   490     0
   489     2     7     0     5     7     1     3     1     0     0     1     1     1     1     1   596     0
   490     2     6     2     3     5     7     1     0     1     1     1     1     2     1     1   719     0
   491     2     7     0     5     7     1     3     1     1     1     0     1     2     1     0   935     0
   492     2     7     0     5     7     1     3     0     1     0     1     1     1     1     0   482     0
   493     2     7     0     5     7     1     3     0     1     1     1     1     1     0     0   477     0
   494     2     7     0     5     7     1     3     1     0     0     0     0     1     1     1   534     0
   495     1     4     1     8     2     4     6     0     1     0     0     1     3     1     1   736     0
   496     1     3     1     6     8     2     4     1     1     1     1     1     2     1     0   607     0
   497     1     3     1     6     8     2     4     0     0     1     0     1     1     1     1   503     0
   498     2     6     2     3     5     7     1     0     1     0     0     1     3     0     1  1323     0
   499     1     2     2     4     6     8     2     1     0     1     1     1     3     1     1   614     0
   500     1     3     1     6     8     2     4     1     0     0     1     1     2     0     0   639     0
   501     2     8     1     7     1     3     5     1     0     1     0     0     3     0     0   541     0
   502     2     5     0     1     3     5     7     0     1     0     1     1     2     1     1   794     0
   503     1     2     2     4     6     8     2     1     0     1     0     0     3     1     1   734     0
   504     1     2     2     4     6     8     2     0     0     0     0     0     1     1     0   554     0
   505     2     6     2     3     5     7     1     1     1     1     0     0     3     1     1   817     0
   506     2     6     2     3     5     7     1     0     1     0     1     1     1     1     0   667     0
   507     2     8     1     7     1     3     5     0     0     1     0     0     2     0     1   517     0
   508     2     8     1     7     1     3     5     0     0     1     0     0     1     0     0   515     0
   509     1     1     2     2     4     6     8     1     1     1     0     0     3     1     1   747     0
   510     1     1     2     2     4     6     8     0     1     0     1     0     1     1     0   542     0
   511     2     6     2     3     5     7     1     0     0     0     1     0     3     0     1   510     0
   512     2     6     2     3     5     7     1     0     1     1     1     0     1     0     1   758     1
   513     1     2     2     4     6     8     2     1     1     0     0     0     3     1     0   742     0
   514     1     4     1     8     2     4     6     0     0     1     0     1     2     1     1   933     0
   515     1     2     2     4     6     8     2     0     0     1     1     1     2     0     0   542     0
   516     1     3     1     6     8     2     4     0     0     0     0     1     2     0     0   788     0
   517     1     1     2     2     4     6     8     1     0     0     0     0     2     1     0  1469     0
   518     1     2     2     4     6     8     2     1     1     0     1     0     2     0     1   601     0
   519     1     4     1     8     2     4     6     1     0     1     1     1     2     0     1   740     0
   520     1     4     1     8     2     4     6     1     1     0     1     0     1     0     1   556     0
   521     1     3     1     6     8     2     4     1     0     1     1     0     2     0     1   535     0
   522     1     4     1     8     2     4     6     1     1     1     1     0     2     0     1   635     1
   523     2     8     1     7     1     3     5     1     0     1     1     1     3     0     1   768     0
   524     2     8     1     7     1     3     5     1     0     1     1     1     1     0     0   557     0
   525     2     8     1     7     1     3     5     1     1     1     1     0     1     0     1   557     0
   526     2     8     1     7     1     3     5     0     0     1     1     1     1     1     1   961     0
   527     2     5     0     1     3     5     7     0     0     1     0     1     2     0     0   803     0
   528     2     6     2     3     5     7     1     1     0     1     1     0     2     1     0   602     0
   529     1     3     1     6     8     2     4     1     0     1     1     0     3     0     0   564     0
   530     1     3     1     6     8     2     4     1     1     0     1     0     1     0     1   588     0
   531     2     7     0     5     7     1     3     1     0     1     1     0     3     0     1   653     0
   532     2     7     0     5     7     1     3     1     1     0     1     1     1     0     1   638     0
   533     1     1     2     2     4     6     8     1     1     0     1     1     3     0     0   688     1
   534     1     2     2     4     6     8     2     0     0     1     0     0     2     1     1   954     0
   535     1     4     1     8     2     4     6     1     0     1     0     1     2     1     0   969     0
   536     2     7     0     5     7     1     3     0     0     0     0     0     3     1     0   554     0
   537     2     7     0     5     7     1     3     0     0     1     1     1     1     0     0   511     0
   538     2     5     0     1     3     5     7     0     0     0     0     1     2     0     0   616     0
   539     1     3     1     6     8     2     4     1     0     0     0     1     3     1     0   531     0
   540     1     3     1     6     8     2     4     0     1     0     1     0     1     1     1   813     0
   541     1     3     1     6     8     2     4     1     1     0     1     1     1     1     0   506     0
   542     1     3     1     6     8     2     4     1     1     0     0     1     1     0     0   468     0
   543     2     5     0     1     3     5     7     0     1     0     1     0     3     1     0   759     0
   544     2     5     0     1     3     5     7     1     0     0     0     1     1     1     1   563     0
   545     1     4     1     8     2     4     6     0     1     0     1     1     3     1     1  1073     0
   546     1     4     1     8     2     4     6     1     1     1     0     0     1     1     0   681     1
   547     1     2     2     4     6     8     2     0     0     0     1     0     2     1     1   800     0
   548     2     7     0     5     7     1     3     1     1     1     0     0     3     1     1   763     0
   549     2     5     0     1     3     5     7     1     0     1     0     0     2     0     1   564     0
   550     2     5     0     1     3     5     7     0     0     0     0     0     1     1     0   553     0
   551     2     5     0     1     3     5     7     1     1     1     1     1     1     1     1   529     0
   552     2     5     0     1     3     5     7     0     1     1     1     1     1     1     0   639     0
   553     2     6     2     3     5     7     1     1     1     0     0     0     2     1     0   753     0
   554     2     6     2     3     5     7     1     1     1     1     1     0     1     0     0   451     0
   555     2     6     2     3     5     7     1     0     0     0     0     0     1     1     1   582     0
   556     2     6     2     3     5     7     1     1     0     0     1     1     1     1     0   557     0
   557     1     2     2     4     6     8     2     0     0     1     1     0     3     1     0   767     0
   558     1     2     2     4     6     8     2     0     0     0     0     0     1     0     0   527     0
   559     1     4     1     8     2     4     6     1     1     1     0     0     2     1     1   624     0
   560     1     4     1     8     2     4     6     0     0     0     1     0     1     1     1   706     0
   561     2     5     0     1     3     5     7     0     0     1     1     0     3     0     0   656     0
   562     2     5     0     1     3     5     7     1     0     1     1     1     1     1     0   555     0
   563     1     2     2     4     6     8     2     1     1     1     1     0     3     0     1  1013     0
   564     1     2     2     4     6     8     2     1     1     0     1     1     1     0     0   651     0
   565     2     7     0     5     7     1     3     1     0     0     1     1     3     0     1   643     0
   566     2     6     2     3     5     7     1     1     0     1     1     1     2     0     0   550     0
   567     1     3     1     6     8     2     4     0     1     0     0     1     3     1     1   818     0
   568     2     8     1     7     1     3     5     0     0     1     1     1     3     0     1   740     0
   569     1     2     2     4     6     8     2     0     1     0     0     0     3     0     1   529     1
   570     1     1     2     2     4     6     8     1     0     1     0     1     2     1     1   725     0
   571     1     2     2     4     6     8     2     0     0     1     0     0     2     1     0   556     0
   572     1     2     2     4     6     8     2     0     0     0     0     0     1     0     0   480     0
   573     1     3     1     6     8     2     4     1     1     0     0     0     2     1     1   614     0
   574     1     1     2     2     4     6     8     0     0     1     1     1     2     1     1   667     0
   575     1     3     1     6     8     2     4     0     1     0     0     0     2     0     1   565     0
   576     1     4     1     8     2     4     6     1     0     0     1     1     2     1     1   746     1
   577     2     7     0     5     7     1     3     1     1     1     0     1     3     0     1   925     0
   578     2     7     0     5     7     1     3     0     0     0     1     0     1     1     1   550     0
   579     2     7     0     5     7     1     3     0     1     1     1     1     1     0     1   856     0
   580     2     8     1     7     1     3     5     1     0     0     0     1     2     1     1   941     0
   581     1     4     1     8     2     4     6     1     1     1     0     0     3     0     1   590     0
   582     1     3     1     6     8     2     4     1     1     0     0     1     2     0     0   712     0
   583     2     8     1     7     1     3     5     0     1     1     1     1     3     1     0   598     0
   584     2     8     1     7     1     3     5     1     0     0     0     0     1     1     1   546     0
   585     2     8     1     7     1     3     5     0     1     0     1     0     1     1     1  1053     0
   586     2     5     0     1     3     5     7     1     0     0     1     1     2     1     1   635     0
   587     2     6     2     3     5     7     1     1     1     1     1     0     2     0     1   612     0
   588     1     3     1     6     8     2     4     0     1     0     1     0     3     1     0   607     0
   589     2     6     2     3     5     7     1     1     0     1     1     0     3     1     1   625     0
   590     2     6     2     3     5     7     1     1     1     0     1     0     1     0     1   545     0
   591     1     1     2     2     4     6     8     0     1     0     1     1     3     1     0   830     0
   592     1     4     1     8     2     4     6     0     1     1     1     1     2     0     0   593     0
   593     1     4     1     8     2     4     6     0     0     0     1     0     1     0     1   533     0
   594     1     2     2     4     6     8     2     0     1     0     0     1     2     0     1   664     0
   595     2     5     0     1     3     5     7     0     0     1     1     1     3     0     1   678     0
   596     2     5     0     1     3     5     7     1     0     1     1     1     1     1     0   856     0
   597     2     6     2     3     5     7     1     1     1     0     0     0     2     0     1   586     0
   598     2     6     2     3     5     7     1     1     1     1     1     1     1     0     0   530     0
   599     1     1     2     2     4     6     8     0     0     0     1     1     3     1     1   620     0
   600     1     1     2     2     4     6     8     0     1     1     1     1     1     0     1   573     0
   601     2     8     1     7     1     3     5     0     1     1     1     1     3     0     0   792     0
   602     2     8     1     7     1     3     5     1     0     1     0     0     1     1     1   642     0
   603     1     1     2     2     4     6     8     0     1     0     0     1     3     1     1   554     0
   604     1     2     2     4     6     8     2     1     1     1     0     1     2     1     0   732     0
   605     2     5     0     1     3     5     7     1     0     1     0     0     3     0     1   781     0
   606     2     8     1     7     1     3     5     0     1     0     1     1     2     1     1   997     0
   607     1     2     2     4     6     8     2     0     1     0     0     0     3     0     0   569     0
   608     1     2     2     4     6     8     2     1     1     0     1     1     1     1     0   457     0
   609     1     3     1     6     8     2     4     0     1     0     1     1     2     1     0   589     0
   610     1     1     2     2     4     6     8     1     1     0     0     1     2     1     0   617     0
   611     2     6     2     3     5     7     1     0     0     0     1     0     3     1     1   589     0
   612     2     7     0     5     7     1     3     0     0     0     1     0     2     0     0   710     0
   613     2     8     1     7     1     3     5     1     1     1     1     0     2     1     1   731     0
   614     2     8     1     7     1     3     5     1     1     0     1     0     1     0     0   551     0
   615     1     3     1     6     8     2     4     0     0     1     0     1     3     1     1   681     0
   616     1     3     1     6     8     2     4     1     0     0     1     1     1     1     0   555     0
   617     2     7     0     5     7     1     3     0     0     1     1     0     3     1     0   595     0
   618     2     7     0     5     7     1     3     0     1     1     1     1     1     0     1   552     0
   619     2     8     1     7     1     3     5     1     1     0     0     0     2     1     0   642     0
   620     2     8     1     7     1     3     5     0     1     0     0     0     1     1     0   935     0
   621     1     1     2     2     4     6     8     0     0     0     1     0     3     0     1   783     0
   622     2     8     1     7     1     3     5     1     1     0     0     1     3     1     1   772     0
   623     2     6     2     3     5     7     1     0     0     0     0     1     2     1     1   587     0
   624     1     3     1     6     8     2     4     1     0     1     0     1     3     1     0  1327     0
   625     2     6     2     3     5     7     1     1     1     1     1     1     3     0     1   585     0
   626     2     6     2     3     5     7     1     1     0     0     0     1     1     0     1   693     0
   627     2     8     1     7     1     3     5     1     1     1     1     1     2     0     1   637     0
   628     2     8     1     7     1     3     5     1     0     1     0     1     1     0     1   610     0
   629     2     8     1     7     1     3     5     1     1     0     1     1     1     0     1   455     0
   630     2     8     1     7     1     3     5     0     0     0     0     0     1     1     1   464     0
   631     2     5     0     1     3     5     7     1     1     1     0     0     2     1     1   798     0
   632     1     2     2     4     6     8     2     1     1     1     1     0     3     0     0   491     0
   633     1     3     1     6     8     2     4     0     1     1     1     0     2     1     0  1002     0
   634     1     3     1     6     8     2     4     1     0     0     0     0     1     1     1   558     0
   635     2     6     2     3     5     7     1     0     0     0     1     1     3     1     0   781     0
   636     2     5     0     1     3     5     7     1     1     0     0     1     2     1     1   660     0
   637     1     2     2     4     6     8     2     0     0     0     1     1     3     1     1   690     0
   638     1     3     1     6     8     2     4     1     1     1     0     1     2     1     1   636     0
   639     1     3     1     6     8     2     4     1     1     0     0     1     1     0     0   658     0
   640     2     8     1     7     1     3     5     1     1     0     1     0     3     0     0   620     0
   641     1     2     2     4     6     8     2     0     0     0     0     0     3     1     1   569     0
   642     2     5     0     1     3     5     7     0     1     1     1     0     3     0     1   857     0
   643     1     3     1     6     8     2     4     1     1     1     1     0     3     1     0   747     0
   644     1     3     1     6     8     2     4     0     0     1     0     0     1     1     1   637     0
   645     1     4     1     8     2     4     6     1     1     0     1     1     2     1     1   683     0
   646     1     4     1     8     2     4     6     1     1     0     1     0     1     0     0   624     0
   647     2     8     1     7     1     3     5     1     0     1     1     0     3     0     1   632     0
   648     2     7     0     5     7     1     3     0     1     1     0     0     2     1     1   608     0
   649     2     7     0     5     7     1     3     1     1     0     0     0     1     1     0   511     0
   650     1     4     1     8     2     4     6     1     1     1     1     0     3     0     0  1187     0
   651     2     7     0     5     7     1     3     0     1     1     1     0     3     1     0   481     0
   652     2     7     0     5     7     1     3     1     0     0     0     1     1     1     1   567     0
   653     2     6     2     3     5     7     1     0     1     0     1     0     2     1     1   660     0
   654     2     6     2     3     5     7     1     0     1     0     0     1     1     0     0   800     0
   655     1     4     1     8     2     4     6     0     0     1     1     1     3     0     1   749     0
   656     1     2     2     4     6     8     2     1     1     1     1     0     2     1     1   549     0
   657     2     7     0     5     7     1     3     1     0     1     0     1     3     0     1   587     0
   658     2     8     1     7     1     3     5     1     0     1     1     1     2     0     0   904     0
   659     2     7     0     5     7     1     3     0     0     1     1     0     2     1     0   554     0
   660     2     7     0     5     7     1     3     0     0     0     0     0     1     0     0   489     0
   661     2     6     2     3     5     7     1     1     1     1     0     0     2     1     1   637     0
   662     2     7     0     5     7     1     3     0     0     0     0     0     2     1     1   537     0
   663     1     1     2     2     4     6     8     0     0     1     1     1     3     0     0   872     1
   664     1     1     2     2     4     6     8     0     0     0     0     1     1     0     0   563     0
   665     2     5     0     1     3     5     7     1     1     1     0     1     3     1     1   642     0
   666     2     5     0     1     3     5     7     0     1     1     1     1     1     1     0   953     0
   667     1     2     2     4     6     8     2     1     1     1     0     0     3     1     0   741     1
   668     1     2     2     4     6     8     2     0     1     1     1     0     1     1     0  1500     2
   669     1     1     2     2     4     6     8     0     0     0     1     1     2     0     1   651     0
   670     1     3     1     6     8     2     4     0     0     0     1     1     2     0     0   959     1
   671     2     7     0     5     7     1     3     1     1     1     0     1     3     1     1  1458     0
   672     2     7     0     5     7     1     3     1     1     0     1     0     1     0     0   477     0
   673     2     5     0     1     3     5     7     1     1     0     0     0     2     0     0   896     0
   674     2     7     0     5     7     1     3     1     1     0     0     1     2     0     0   786     0
   675     1     3     1     6     8     2     4     0     0     1     1     1     3     1     1   768     0
   676     1     3     1     6     8     2     4     0     0     0     0     0     1     0     0   545     0
   677     1     2     2     4     6     8     2     1     0     1     0     0     2     1     0   683     0
   678     1     3     1     6     8     2     4     0     0     0     0     1     2     1     0   535     0
   679     2     5     0     1     3     5     7     0     1     0     0     1     3     0     1   735     0
   680     2     5     0     1     3     5     7     0     1     0     0     0     1     0     0   554     0
   681     1     2     2     4     6     8     2     0     1     1     0     0     3     0     0   526     1
   682     1     2     2     4     6     8     2     0     1     0     1     1     1     0     0   593     0
   683     2     7     0     5     7     1     3     1     1     0     1     1     3     1     0   481     0
   684     2     7     0     5     7     1     3     0     1     0     0     0     1     1     0   444     0
   685     1     4     1     8     2     4     6     1     1     0     0     0     3     1     0   671     0
   686     2     7     0     5     7     1     3     1     0     1     1     1     3     0     1   735     0
   687     2     8     1     7     1     3     5     1     1     1     0     0     2     0     1   958     0
   688     1     3     1     6     8     2     4     1     1     1     1     1     3     0     0   731     0
   689     1     4     1     8     2     4     6     1     1     1     0     1     2     0     0   612     0
   690     2     5     0     1     3     5     7     0     1     1     1     0     3     1     0   773     0
   691     1     4     1     8     2     4     6     1     1     1     1     0     3     1     0   549     0
   692     1     4     1     8     2     4     6     1     0     0     0     0     1     0     1   630     0
   693     1     1     2     2     4     6     8     1     1     0     1     0     2     0     1   716     0
   694     1     3     1     6     8     2     4     1     0     1     0     0     2     0     1   548     0
   695     2     5     0     1     3     5     7     1     0     1     0     1     3     0     0   572     1
   696     2     5     0     1     3     5     7     1     0     0     0     0     1     0     0   470     0
   697     2     6     2     3     5     7     1     1     0     0     0     0     2     0     0   545     0
   698     2     6     2     3     5     7     1     0     0     0     0     1     1     1     0   661     0
   699     1     1     2     2     4     6     8     1     0     0     0     1     3     1     0   503     0
   700     1     1     2     2     4     6     8     0     1     1     1     1     1     1     1   690     0
   701     1     3     1     6     8     2     4     1     1     1     0     0     2     1     0   981     0
   702     1     3     1     6     8     2     4     0     1     1     1     1     1     1     0   783     0
   703     1     1     2     2     4     6     8     0     0     0     1     1     2     0     1   606     0
   704     1     1     2     2     4     6     8     1     1     0     0     1     1     1     1  1099     0
   705     2     5     0     1     3     5     7     1     1     1     1     0     3     0     0   535     0
   706     2     5     0     1     3     5     7     0     0     1     1     1     1     1     1   615     0
   707     1     3     1     6     8     2     4     0     0     0     1     1     3     0     0   531     0
   708     1     2     2     4     6     8     2     1     1     0     0     1     2     1     1   508     1
   709     1     2     2     4     6     8     2     1     1     0     1     1     1     0     0   751     0
   710     1     4     1     8     2     4     6     1     0     1     1     1     2     0     1   715     0
   711     1     1     2     2     4     6     8     0     0     1     0     1     2     1     0   704     0
   712     1     1     2     2     4     6     8     0     0     0     0     1     1     0     0   524     0
   713     2     5     0     1     3     5     7     1     0     1     0     0     3     1     0   588     0
   714     1     2     2     4     6     8     2     1     1     0     1     1     3     0     1   863     0
   715     1     3     1     6     8     2     4     1     1     1     1     0     2     0     0   796     0
   716     1     3     1     6     8     2     4     0     0     1     1     1     1     1     1   629     0
   717     1     1     2     2     4     6     8     1     0     0     0     0     2     1     0   562     0
   718     1     1     2     2     4     6     8     1     1     1     1     0     1     0     1   590     0
   719     2     8     1     7     1     3     5     1     0     1     0     1     3     0     1   508     0
   720     1     1     2     2     4     6     8     0     0     1     1     0     3     1     0   821     0
   721     1     4     1     8     2     4     6     1     1     0     1     1     2     1     1   812     0
   722     1     4     1     8     2     4     6     0     1     0     0     1     1     1     0   837     1
   723     1     2     2     4     6     8     2     0     1     0     1     0     2     0     0   725     0
   724     1     2     2     4     6     8     2     0     1     1     1     1     1     0     0   570     0
   725     2     6     2     3     5     7     1     0     0     0     1     1     3     0     1   743     0
   726     1     1     2     2     4     6     8     1     1     1     1     1     3     1     1   647     0
   727     2     6     2     3     5     7     1     1     1     1     0     1     3     0     0   521     0
   728     2     6     2     3     5     7     1     0     1     0     1     1     1     1     0   589     0
   729     2     7     0     5     7     1     3     0     1     1     0     1     2     0     0   583     0
   730     1     2     2     4     6     8     2     0     0     1     1     1     3     0     1   565     0
   731     1     3     1     6     8     2     4     1     1     1     1     0     2     1     1   690     0
   732     1     3     1     6     8     2     4     1     0     1     1     1     1     0     1   599     0
   733     2     6     2     3     5     7     1     1     1     1     1     0     3     0     1   513     0
   734     2     6     2     3     5     7     1     1     1     1     0     1     1     0     0   570     0
   735     2     7     0     5     7     1     3     1     0     1     0     0     2     0     1   868     0
   736     2     7     0     5     7     1     3     1     1     1     0     1     1     0     1   617     0
   737     1     4     1     8     2     4     6     0     1     0     1     0     3     1     0  1041     0
   738     1     4     1     8     2     4     6     0     1     0     0     1     1     0     0   643     0
   739     1     1     2     2     4     6     8     0     1     1     0     1     2     0     0   569     0
   740     1     1     2     2     4     6     8     1     1     0     1     1     1     1     0   575     0
   741     1     1     2     2     4     6     8     0     1     0     0     0     1     1     0   597     0
   742     1     1     2     2     4     6     8     0     0     0     1     1     1     0     1   595     0
   743     2     7     0     5     7     1     3     1     0     0     1     0     3     1     0   629     0
   744     2     7     0     5     7     1     3     1     1     1     1     0     1     0     1   578     0
   745     1     1     2     2     4     6     8     0     0     0     0     0     3     1     1  1064     0
   746     1     1     2     2     4     6     8     0     0     0     1     1     1     0     0   673     0
   747     2     8     1     7     1     3     5     1     0     0     0     1     3     1     0   644     0
   748     2     5     0     1     3     5     7     1     0     0     0     1     2     0     0   611     0
   749     2     5     0     1     3     5     7     0     1     1     1     0     1     1     1   648     0
   750     2     5     0     1     3     5     7     1     1     0     0     0     1     1     0   653     0
   751     1     2     2     4     6     8     2     0     0     1     1     1     3     1     1   570     0
   752     1     2     2     4     6     8     2     0     1     1     0     1     1     0     1   867     0
   753     1     1     2     2     4     6     8     1     1     0     0     0     2     1     0   615     1
   754     1     1     2     2     4     6     8     0     1     1     0     0     1     1     0   512     0
   755     1     3     1     6     8     2     4     0     1     0     1     0     2     0     0   591     0
   756     1     3     1     6     8     2     4     1     0     1     0     0     1     1     1   567     0
   757     1     3     1     6     8     2     4     0     1     0     1     0     1     1     1   537     0
   758     1     3     1     6     8     2     4     1     0     0     1     0     1     1     1   591     1
   759     2     8     1     7     1     3     5     0     0     0     0     0     3     1     0   523     0
   760     1     1     2     2     4     6     8     1     0     1     0     1     3     1     0   789     0
   761     1     4     1     8     2     4     6     0     0     1     0     0     2     1     0   565     0
   762     1     4     1     8     2     4     6     1     0     1     1     1     1     1     0   453     0
   763     2     7     0     5     7     1     3     1     1     1     1     0     3     0     1   738     0
   764     2     7     0     5     7     1     3     0     0     1     1     0     1     1     1   822     0
   765     2     7     0     5     7     1     3     0     0     1     1     1     1     0     0   557     0
   766     2     7     0     5     7     1     3     1     1     1     0     1     1     1     1   586     0
   767     2     5     0     1     3     5     7     1     0     1     1     1     2     0     1   957     0
   768     1     4     1     8     2     4     6     0     1     1     1     1     3     1     1   935     0
   769     2     8     1     7     1     3     5     0     1     0     1     0     3     0     0   630     1
   770     1     1     2     2     4     6     8     0     0     0     0     0     3     0     1   558     0
   771     1     2     2     4     6     8     2     0     1     1     1     0     2     0     1   524     0
   772     1     2     2     4     6     8     2     0     0     0     1     0     1     0     1   532     0
   773     1     1     2     2     4     6     8     0     0     0     1     0     2     0     0   687     0
   774     1     3     1     6     8     2     4     1     0     1     0     0     2     1     0   880     0
   775     1     2     2     4     6     8     2     1     0     0     0     1     2     0     0   511     0
   776     1     3     1     6     8     2     4     1     1     0     0     1     2     0     1   664     0
   777     1     3     1     6     8     2     4     1     1     1     0     0     1     0     0   683     0
   778     1     1     2     2     4     6     8     1     0     0     0     1     2     0     1   566     0
   779     1     3     1     6     8     2     4     0     0     1     0     1     2     1     0   663     0
   780     1     3     1     6     8     2     4     1     0     0     0     0     1     1     0   526     0
   781     2     5     0     1     3     5     7     0     1     0     1     0     3     1     1   789     0
   782     1     2     2     4     6     8     2     1     0     1     0     0     3     1     1   554     0
   783     2     5     0     1     3     5     7     0     1     0     1     0     3     1     1   711     0
   784     2     6     2     3     5     7     1     1     0     1     1     1     2     1     1   712     0
   785     2     5     0     1     3     5     7     1     1     0     1     0     2     0     1   888     0
   786     2     7     0     5     7     1     3     0     0     0     0     1     2     1     1   581     0
   787     1     3     1     6     8     2     4     0     1     0     0     1     3     0     1   744     0
   788     1     3     1     6     8     2     4     0     1     0     0     0     1     0     0   683     0
   789     1     4     1     8     2     4     6     0     0     0     1     1     2     0     1   774     0
   790     1     4     1     8     2     4     6     0     0     1     1     1     1     0     0   718     0
   791     2     7     0     5     7     1     3     0     1     1     0     1     3     0     1   595     0
   792     2     7     0     5     7     1     3     1     1     1     1     0     1     1     0   593     0
   793     2     6     2     3     5     7     1     1     0     0     1     1     2     0     1  1205     0
   794     2     7     0     5     7     1     3     1     1     0     0     1     2     0     1   624     0
   795     1     1     2     2     4     6     8     0     1     0     1     0     3     1     0  1162     0
   796     1     1     2     2     4     6     8     0     1     0     1     0     1     0     0   523     0
   797     2     5     0     1     3     5     7     0     1     1     0     1     3     0     0   724     0
   798     2     5     0     1     3     5     7     0     0     1     1     1     1     0     1   586     0
   799     2     5     0     1     3     5     7     0     0     0     1     1     1     0     0   967     0
   800     2     5     0     1     3     5     7     1     1     0     0     1     1     1     1   871     0
   801     1     4     1     8     2     4     6     1     1     0     1     0     3     0     0   744     0
   802     1     4     1     8     2     4     6     1     0     0     1     0     1     0     1   582     0
   803     2     8     1     7     1     3     5     0     1     0     1     1     3     1     1   766     1
   804     2     8     1     7     1     3     5     1     0     0     1     0     1     1     1   724     0
   805     1     1     2     2     4     6     8     0     0     1     1     0     3     1     0  1166     0
   806     1     2     2     4     6     8     2     1     1     0     1     0     2     1     1   581     0
   807     2     6     2     3     5     7     1     1     1     1     0     1     3     0     0   604     0
   808     1     3     1     6     8     2     4     0     0     0     0     0     3     1     1   923     0
   809     1     1     2     2     4     6     8     0     0     1     1     0     2     0     0   773     0
   810     1     1     2     2     4     6     8     0     0     0     1     0     1     0     0   559     0
   811     1     2     2     4     6     8     2     1     1     0     1     0     2     1     1   788     0
   812     1     1     2     2     4     6     8     1     0     0     1     0     2     0     1   946     0
   813     1     3     1     6     8     2     4     0     1     0     1     1     2     1     1  1406     0
   814     1     4     1     8     2     4     6     0     1     0     1     1     2     0     0   734     0
   815     1     3     1     6     8     2     4     0     1     1     0     1     2     0     0   555     0
   816     1     3     1     6     8     2     4     0     1     1     1     1     1     0     0   503     0
   817     1     2     2     4     6     8     2     1     0     1     0     1     2     1     1   660     0
   818     1     2     2     4     6     8     2     0     1     1     0     1     1     1     1   643     0
   819     1     4     1     8     2     4     6     1     1     1     1     1     2     1     0   942     0
   820     1     4     1     8     2     4     6     1     0     0     0     1     1     0     1   629     0
   821     1     3     1     6     8     2     4     1     0     1     1     1     2     0     0   856     0
   822     1     2     2     4     6     8     2     1     0     1     1     0     2     0     0   532     0
   823     2     5     0     1     3     5     7     1     0     0     1     1     3     0     0   656     0
   824     2     5     0     1     3     5     7     0     1     1     1     0     1     1     1   629     0
   825     2     7     0     5     7     1     3     1     0     1     1     1     2     1     1  1164     0
   826     2     5     0     1     3     5     7     1     0     1     1     0     2     0     0   783     0
   827     1     1     2     2     4     6     8     0     1     1     0     1     3     1     1   755     0
   828     1     1     2     2     4     6     8     1     1     1     0     1     1     1     0   730     0
   829     1     2     2     4     6     8     2     1     1     0     0     1     2     0     0   652     0
   830     1     2     2     4     6     8     2     0     1     1     1     1     1     1     0   527     0
   831     1     2     2     4     6     8     2     0     0     0     1     1     1     0     1   561     0
   832     1     2     2     4     6     8     2     0     1     1     0     1     1     0     1   562     0
   833     2     8     1     7     1     3     5     1     0     1     0     0     3     1     1   661     0
   834     1     1     2     2     4     6     8     1     1     0     0     1     3     0     1   531     0
   835     2     7     0     5     7     1     3     1     0     0     0     1     3     0     1   872     0
   836     2     7     0     5     7     1     3     0     1     1     0     1     1     1     1   695     0
   837     2     6     2     3     5     7     1     1     0     0     0     0     2     1     1   964     0
   838     2     6     2     3     5     7     1     1     1     0     0     0     1     0     1   528     0
   839     2     5     0     1     3     5     7     1     0     1     1     1     2     0     1   797     0
   840     2     5     0     1     3     5     7     0     1     1     0     0     1     1     1   728     0
   841     2     5     0     1     3     5     7     1     1     0     1     1     1     1     0   682     1
   842     2     8     1     7     1     3     5     0     0     1     0     0     2     1     1  1012     0
   843     2     6     2     3     5     7     1     1     0     1     0     1     2     1     0   664     0
   844     2     7     0     5     7     1     3     1     0     0     0     0     2     0     0   660     0
   845     2     8     1     7     1     3     5     1     0     0     1     0     2     0     0   653     0
   846     2     8     1     7     1     3     5     1     1     1     1     1     1     0     1   652     0
   847     1     4     1     8     2     4     6     0     0     0     1     1     3     1     1   850     0
   848     1     4     1     8     2     4     6     1     1     1     0     1     1     1     1   728     0
   849     2     5     0     1     3     5     7     0     1     0     1     1     3     1     0   707     1
   850     2     6     2     3     5     7     1     0     1     1     1     1     2     0     0   595     0
   851     1     2     2     4     6     8     2     0     1     1     1     1     3     0     0   631     0
   852     2     5     0     1     3     5     7     0     1     1     1     1     3     0     0   588     0
   853     2     6     2     3     5     7     1     1     1     1     1     0     2     1     0   954     0
   854     2     6     2     3     5     7     1     0     1     0     1     1     1     1     0   589     0
   855     2     8     1     7     1     3     5     1     0     0     0     0     2     1     1   716     0
   856     2     8     1     7     1     3     5     0     0     0     0     0     1     1     0   468     0
   857     2     6     2     3     5     7     1     0     0     1     0     0     2     0     0   636     0
   858     1     1     2     2     4     6     8     0     1     1     0     1     3     0     1   613     0
   859     1     3     1     6     8     2     4     0     1     0     1     0     2     0     0   699     0
   860     1     4     1     8     2     4     6     1     0     0     1     1     2     1     1   822     0
   861     1     4     1     8     2     4     6     0     1     0     1     1     1     1     1   931     0
   862     1     4     1     8     2     4     6     1     1     1     1     1     1     1     0   655     1
   863     2     5     0     1     3     5     7     0     1     1     1     0     3     1     0   613     0
   864     2     7     0     5     7     1     3     1     1     1     0     0     2     1     0  1258     0
   865     1     4     1     8     2     4     6     0     1     1     0     0     3     1     0   600     0
   866     1     4     1     8     2     4     6     0     1     0     1     0     1     0     0   462     0
   867     1     4     1     8     2     4     6     1     0     1     0     0     1     1     1   713     0
   868     1     4     1     8     2     4     6     1     1     0     1     1     1     0     1   561     0
   869     2     7     0     5     7     1     3     1     1     0     1     1     3     0     0   825     0
   870     2     8     1     7     1     3     5     1     1     1     1     1     2     0     0   537     0
   871     1     2     2     4     6     8     2     0     0     0     0     0     3     1     1   606     0
   872     1     1     2     2     4     6     8     1     0     0     1     1     2     1     0   721     0
   873     2     6     2     3     5     7     1     0     0     1     0     1     3     1     0   679     0
   874     2     8     1     7     1     3     5     0     0     0     0     1     2     0     0   498     0
   875     1     3     1     6     8     2     4     0     1     1     0     0     3     0     1   596     0
   876     2     8     1     7     1     3     5     1     0     0     1     0     3     1     1   569     0
   877     1     3     1     6     8     2     4     1     0     0     1     1     3     0     0   684     0
   878     1     3     1     6     8     2     4     0     1     0     1     1     1     1     1   614     0
   879     2     7     0     5     7     1     3     0     1     1     0     1     3     0     0   913     0
   880     1     2     2     4     6     8     2     0     0     1     1     1     3     0     1   655     0
   881     2     6     2     3     5     7     1     1     0     0     1     1     3     1     0   661     0
   882     2     7     0     5     7     1     3     1     0     1     0     0     2     0     0   647     0
   883     2     5     0     1     3     5     7     1     0     0     0     1     2     0     0   687     0
   884     1     4     1     8     2     4     6     1     0     0     0     1     3     0     0   480     0
   885     1     1     2     2     4     6     8     0     0     1     1     1     2     1     0   600     0
   886     2     8     1     7     1     3     5     1     1     0     1     0     3     1     1   576     0
   887     2     7     0     5     7     1     3     1     1     0     1     1     2     0     0   857     0
   888     2     7     0     5     7     1     3     0     1     0     0     0     1     1     0   718     0
   889     2     8     1     7     1     3     5     0     0     1     1     1     2     0     1   623     0
   890     2     6     2     3     5     7     1     0     1     1     0     0     2     0     1   541     0
   891     2     6     2     3     5     7     1     1     1     0     0     0     1     1     0   626     0
   892     2     6     2     3     5     7     1     1     0     1     0     1     1     0     1   676     0
   893     1     3     1     6     8     2     4     1     1     1     0     0     3     0     1   672     0
   894     1     3     1     6     8     2     4     1     1     0     0     1     1     0     0   626     0
   895     1     2     2     4     6     8     2     0     1     1     0     0     2     1     0   624     0
   896     1     3     1     6     8     2     4     0     1     0     1     0     2     0     0   610     0
