     1     2     5     0     1     3     5     7     0     1     1     1     1     3     0     0  1134     0
     2     2     5     0     1     3     5     7     1     1     0     1     0     1     1     0  1500     2
     3     2     5     0     1     3     5     7     0     1     1     0     0     1     1     0   525     0
     4     2     7     0     5     7     1     3     1     0     0     0     1     2     1     1   593     0
     5     2     6     2     3     5     7     1     1     0     0     0     1     2     0     0   537     1
     6     2     6     2     3     5     7     1     0     1     0     1     0     1     1     1   740     0
     7     1     4     1     8     2     4     6     1     0     1     1     0     3     1     1   679     0
     8     1     4     1     8     2     4     6     0     1     1     0     0     1     1     1   985     0
     9     1     2     2     4     6     8     2     0     0     0     0     1     2     0     1   872     0
    10     1     2     2     4     6     8     2     1     1     0     0     0     1     1     1   683     0
    11     1     1     2     2     4     6     8     0     1     0     1     0     2     1     0   718     0
    12     1     2     2     4     6     8     2     1     0     0     1     1     2     1     1   673     0
    13     2     7     0     5     7     1     3     0     1     1     1     1     3     1     1   667     0
    14     2     7     0     5     7     1     3     0     1     0     1     0     1     0     0   606     0
    15     1     3     1     6     8     2     4     0     0     0     1     1     3     0     1   723     0
    16     1     3     1     6     8     2     4     1     0     1     0     0     1     1     0   801     0
    17     2     7     0     5     7     1     3     0     1     0     0     0     3     1     1   746     0
    18     2     7     0     5     7     1     3     1     0     1     0     1     1     1     1   674     0
    19     2     6     2     3     5     7     1     0     1     1     0     0     2     1     1   597     0
    20     2     6     2     3     5     7     1     0     0     0     0     0     1     0     1   717     0
    21     1     3     1     6     8     2     4     1     0     1     1     1     3     1     0   796     0
    22     1     3     1     6     8     2     4     0     0     1     0     0     1     1     0   540     0
    23     1     4     1     8     2     4     6     0     1     0     0     1     2     0     1   507     0
    24     1     4     1     8     2     4     6     1     1     1     1     1     1     1     0   994     1
    25     1     4     1     8     2     4     6     1     0     1     0     1     1     0     1   937     0
    26     1     3     1     6     8     2     4     0     1     1     1     1     2     1     1   588     0
    27     1     1     2     2     4     6     8     0     1     1     1     0     2     0     0   769     0
    28     1     1     2     2     4     6     8     0     1     0     1     0     1     0     0   781     0
    29     2     6     2     3     5     7     1     1     0     0     1     0     3     1     1   695     0
    30     2     8     1     7     1     3     5     0     0     0     1     0     2     1     0   586     0
    31     2     5     0     1     3     5     7     1     0     1     1     0     2     1     0   786     0
    32     2     5     0     1     3     5     7     1     1     0     1     0     1     0     1   618     0
    33     1     3     1     6     8     2     4     0     0     1     1     0     3     1     1   848     0
    34     1     4     1     8     2     4     6     1     0     1     1     1     2     1     0   698     0
    35     1     2     2     4     6     8     2     1     0     1     1     0     2     0     0   733     0
    36     1     3     1     6     8     2     4     0     0     0     0     1     2     1     0   548     0
    37     1     3     1     6     8     2     4     0     0     1     1     1     1     0     0   995     0
    38     1     4     1     8     2     4     6     0     0     0     1     0     2     0     0   570     0
    39     2     5     0     1     3     5     7     1     1     1     0     0     3     1     1   475     0
    40     1     2     2     4     6     8     2     0     1     0     0     0     3     1     0   709     0
    41     1     2     2     4     6     8     2     1     0     1     1     1     1     1     1   596     0
    42     1     3     1     6     8     2     4     0     1     1     0     0     2     1     1   864     0
    43     2     5     0     1     3     5     7     0     1     0     1     1     3     0     0   598     0
    44     2     5     0     1     3     5     7     1     1     1     1     1     1     1     0   555     0
    45     1     3     1     6     8     2     4     0     0     0     1     1     3     1     1   547     0
    46     1     4     1     8     2     4     6     1     1     1     0     1     2     1     1   619     0
    47     1     1     2     2     4     6     8     1     0     1     0     0     2     0     1   627     0
    48     1     3     1     6     8     2     4     0     1     0     1     1     2     1     1   706     0
    49     1     2     2     4     6     8     2     0     0     1     0     0     2     0     1   755     0
    50     1     2     2     4     6     8     2     1     0     1     1     0     1     1     0   627     0
    51     1     1     2     2     4     6     8     0     1     0     1     0     2     1     1   931     0
    52     2     6     2     3     5     7     1     1     0     0     1     0     3     1     1   609     0
    53     2     8     1     7     1     3     5     0     1     0     1     0     2     1     1   827     0
    54     2     5     0     1     3     5     7     1     1     1     1     0     2     1     0   632     0
    55     1     3     1     6     8     2     4     0     1     0     0     0     3     1     0   717     0
    56     1     4     1     8     2     4     6     0     0     0     0     0     2     0     1   624     0
    57     2     7     0     5     7     1     3     1     1     1     0     1     3     1     1   593     0
    58     1     4     1     8     2     4     6     0     0     1     1     0     3     1     1   810     0
    59     1     2     2     4     6     8     2     1     1     1     1     0     2     1     1   782     0
    60     1     4     1     8     2     4     6     1     0     0     0     0     2     0     1   589     0
    61     2     6     2     3     5     7     1     1     0     1     1     1     3     0     0   658     0
    62     1     1     2     2     4     6     8     0     1     1     0     0     3     1     1   708     0
    63     1     4     1     8     2     4     6     0     1     1     1     1     2     0     0   579     0
    64     1     4     1     8     2     4     6     1     1     1     0     1     1     1     0   563     0
    65     1     3     1     6     8     2     4     0     1     1     1     1     2     1     0   683     0
    66     1     3     1     6     8     2     4     1     1     1     1     1     1     1     0   510     0
    67     1     3     1     6     8     2     4     0     0     1     0     1     1     1     1   761     0
    68     1     3     1     6     8     2     4     1     1     0     1     0     1     1     1   509     0
    69     1     2     2     4     6     8     2     0     1     1     0     1     2     1     0   709     0
    70     1     2     2     4     6     8     2     1     1     1     0     1     1     1     0   547     0
    71     2     6     2     3     5     7     1     0     1     0     0     0     3     1     0   686     0
    72     2     6     2     3     5     7     1     0     0     1     0     1     1     0     1   612     0
    73     1     2     2     4     6     8     2     1     1     1     1     1     3     1     1   665     0
    74     1     2     2     4     6     8     2     1     0     0     1     0     1     0     1   794     0
    75     2     7     0     5     7     1     3     1     0     0     1     0     3     0     0   727     0
    76     2     7     0     5     7     1     3     1     1     0     0     1     1     0     1   590     0
    77     2     8     1     7     1     3     5     0     1     1     0     1     2     1     0   771     0
    78     2     8     1     7     1     3     5     0     0     1     0     0     1     0     1   650     0
    79     1     2     2     4     6     8     2     1     1     1     1     0     3     1     1   556     0
    80     1     2     2     4     6     8     2     0     1     0     1     0     1     1     0   532     0
    81     2     5     0     1     3     5     7     0     0     0     1     1     3     0     1  1239     0
    82     1     2     2     4     6     8     2     0     0     1     1     0     3     0     0   603     0
    83     1     3     1     6     8     2     4     1     1     1     1     0     2     1     1   475     0
    84     1     3     1     6     8     2     4     1     1     1     0     0     1     0     0   625     0
    85     1     3     1     6     8     2     4     0     1     0     0     1     1     1     0   465     0
    86     2     8     1     7     1     3     5     1     1     1     1     0     3     1     0   579     1
    87     2     6     2     3     5     7     1     0     1     0     0     1     2     1     0   651     0
    88     2     6     2     3     5     7     1     1     0     0     1     0     1     1     1   721     0
    89     2     6     2     3     5     7     1     0     1     0     1     1     1     1     1   503     0
    90     2     5     0     1     3     5     7     0     0     1     0     0     2     0     1   909     0
    91     1     2     2     4     6     8     2     0     1     0     1     0     3     0     1   619     0
    92     1     2     2     4     6     8     2     1     0     0     1     0     1     1     1   593     0
    93     2     8     1     7     1     3     5     1     1     1     0     1     3     0     1   573     0
    94     2     5     0     1     3     5     7     1     1     0     1     1     2     0     0   606     0
    95     1     3     1     6     8     2     4     0     0     0     0     0     3     1     1   698     0
    96     1     3     1     6     8     2     4     1     1     0     0     1     1     1     1   556     0
    97     1     3     1     6     8     2     4     0     0     1     1     1     1     1     1   667     0
    98     1     3     1     6     8     2     4     0     0     0     0     0     1     0     0   556     0
    99     2     8     1     7     1     3     5     1     0     0     1     1     3     1     0   684     0
   100     2     8     1     7     1     3     5     1     0     0     1     1     1     0     0   558     0
   101     1     2     2     4     6     8     2     1     1     1     0     0     3     0     1   653     0
   102     1     2     2     4     6     8     2     0     1     1     1     0     1     1     0   560     0
   103     2     8     1     7     1     3     5     0     0     0     1     0     3     0     1   615     0
   104     2     8     1     7     1     3     5     0     0     0     1     1     1     0     0   611     0
   105     1     2     2     4     6     8     2     0     0     1     1     0     3     0     0   673     0
   106     1     2     2     4     6     8     2     0     1     1     0     0     1     0     1   593     0
   107     2     8     1     7     1     3     5     1     0     0     1     1     3     1     1   666     0
   108     2     8     1     7     1     3     5     0     1     0     0     1     1     1     1   563     0
   109     2     5     0     1     3     5     7     0     1     0     1     1     2     0     0   528     0
   110     2     5     0     1     3     5     7     1     0     0     1     1     1     1     1   566     0
   111     1     4     1     8     2     4     6     0     0     1     1     0     3     1     0   733     0
   112     1     4     1     8     2     4     6     0     1     1     0     0     1     0     1   576     0
   113     2     5     0     1     3     5     7     1     1     0     1     0     3     1     0   751     0
   114     2     8     1     7     1     3     5     0     0     1     1     0     2     1     1   740     0
   115     2     8     1     7     1     3     5     1     1     1     1     0     1     1     1   547     0
   116     2     8     1     7     1     3     5     1     1     1     0     0     1     0     0   531     0
   117     2     6     2     3     5     7     1     1     1     1     1     0     2     0     0   553     0
   118     2     7     0     5     7     1     3     0     0     1     1     1     2     1     1   658     0
   119     2     8     1     7     1     3     5     1     0     0     1     1     2     1     0   699     0
   120     2     8     1     7     1     3     5     1     1     0     1     1     1     0     1   538     0
   121     1     4     1     8     2     4     6     0     0     1     0     0     3     1     1   778     0
   122     1     4     1     8     2     4     6     1     1     1     1     0     1     1     1   517     0
   123     1     4     1     8     2     4     6     1     1     1     0     1     1     0     0   620     0
   124     1     4     1     8     2     4     6     1     0     1     0     0     1     0     1   576     0
   125     1     3     1     6     8     2     4     0     1     0     0     1     2     1     1   817     0
   126     1     3     1     6     8     2     4     1     1     1     1     0     1     1     0   525     0
   127     1     2     2     4     6     8     2     1     0     1     0     1     2     0     1   676     0
   128     1     3     1     6     8     2     4     1     1     0     1     1     2     0     1   674     0
   129     2     7     0     5     7     1     3     1     1     0     1     0     3     0     0   776     0
   130     1     2     2     4     6     8     2     0     1     1     1     0     3     1     0   676     0
   131     1     1     2     2     4     6     8     0     0     0     0     1     2     0     1   650     0
   132     1     3     1     6     8     2     4     0     0     0     1     1     2     0     0   732     0
   133     1     4     1     8     2     4     6     0     1     0     1     0     2     0     1   620     0
   134     1     4     1     8     2     4     6     0     1     0     1     0     1     0     0   665     0
   135     1     2     2     4     6     8     2     0     1     1     0     1     2     0     0   595     0
   136     1     2     2     4     6     8     2     0     1     1     1     1     1     0     0   491     0
   137     2     8     1     7     1     3     5     0     1     1     1     0     3     0     0   537     0
   138     2     7     0     5     7     1     3     0     1     1     1     0     2     0     0   484     0
   139     1     2     2     4     6     8     2     0     1     0     1     1     3     0     0   447     0
   140     1     2     2     4     6     8     2     0     0     0     0     1     1     0     1   552     0
   141     1     2     2     4     6     8     2     0     1     0     0     1     1     0     1   576     0
   142     1     3     1     6     8     2     4     1     1     0     0     1     2     1     0   660     0
   143     1     4     1     8     2     4     6     1     1     1     0     0     2     0     0   778     0
   144     2     5     0     1     3     5     7     1     0     1     0     1     3     0     1   721     0
   145     2     8     1     7     1     3     5     0     0     1     0     0     2     1     0   596     0
   146     1     1     2     2     4     6     8     1     0     1     1     0     3     1     0   832     0
   147     2     5     0     1     3     5     7     0     1     1     1     0     3     1     1   546     0
   148     2     7     0     5     7     1     3     0     1     0     1     1     2     0     0   528     0
   149     2     8     1     7     1     3     5     0     1     0     0     1     2     0     0   644     0
   150     2     8     1     7     1     3     5     1     0     1     1     1     1     1     1   622     0
   151     2     8     1     7     1     3     5     1     0     1     1     1     1     0     0   751     0
   152     2     8     1     7     1     3     5     0     0     1     0     1     1     1     0   598     0
   153     1     3     1     6     8     2     4     0     0     0     0     0     3     0     0   639     0
   154     1     3     1     6     8     2     4     0     0     1     1     1     1     0     0   795     0
   155     2     8     1     7     1     3     5     0     0     1     0     1     3     0     0   543     0
   156     1     1     2     2     4     6     8     0     0     0     0     0     3     0     0   443     0
   157     2     7     0     5     7     1     3     0     0     1     1     0     3     0     0   566     0
   158     2     8     1     7     1     3     5     0     1     1     0     0     2     0     1   597     0
   159     2     6     2     3     5     7     1     1     1     1     0     0     2     1     0   737     0
   160     2     6     2     3     5     7     1     0     0     1     1     0     1     1     1   581     0
   161     1     3     1     6     8     2     4     0     0     1     0     1     3     0     0   600     0
   162     1     3     1     6     8     2     4     1     0     1     1     1     1     1     0   752     0
   163     2     5     0     1     3     5     7     1     1     1     1     1     3     0     1   571     0
   164     2     6     2     3     5     7     1     0     0     1     1     1     2     1     1   650     0
   165     1     1     2     2     4     6     8     0     1     0     0     0     3     0     1   600     0
   166     1     4     1     8     2     4     6     1     1     0     1     1     2     1     0   884     0
   167     2     5     0     1     3     5     7     1     1     0     1     1     3     0     0   659     0
   168     2     5     0     1     3     5     7     1     0     0     1     0     1     0     1   581     0
   169     2     7     0     5     7     1     3     0     0     0     0     0     2     1     0   608     0
   170     2     7     0     5     7     1     3     1     0     1     1     0     1     1     0   569     0
   171     2     6     2     3     5     7     1     0     1     0     0     0     2     1     1   812     0
   172     1     3     1     6     8     2     4     0     1     0     0     0     3     0     0   613     0
   173     1     1     2     2     4     6     8     1     1     1     0     0     2     1     0   581     0
   174     2     8     1     7     1     3     5     0     1     1     0     1     3     1     0   605     0
   175     2     5     0     1     3     5     7     1     1     0     0     1     2     1     0   533     0
   176     2     6     2     3     5     7     1     1     1     0     0     0     2     0     0   556     0
   177     1     1     2     2     4     6     8     1     0     1     0     0     3     0     1   621     0
   178     1     1     2     2     4     6     8     0     0     1     0     0     1     1     0   662     0
   179     2     7     0     5     7     1     3     0     0     0     0     0     3     0     0   577     0
   180     2     7     0     5     7     1     3     0     1     1     0     0     1     0     1   554     0
   181     2     8     1     7     1     3     5     1     1     0     0     1     2     1     0   625     0
   182     2     5     0     1     3     5     7     0     1     0     0     1     2     1     0   598     0
   183     2     7     0     5     7     1     3     0     0     0     0     1     2     0     1   623     0
   184     2     5     0     1     3     5     7     0     0     0     1     1     2     0     0   863     1
   185     1     3     1     6     8     2     4     0     1     0     1     1     3     0     1   711     0
   186     1     3     1     6     8     2     4     0     1     0     1     0     1     0     0   530     0
   187     2     6     2     3     5     7     1     0     1     1     1     1     3     0     0   613     0
   188     2     6     2     3     5     7     1     0     0     1     1     1     1     0     1   685     0
   189     2     7     0     5     7     1     3     0     1     0     0     0     2     0     1   783     0
   190     2     7     0     5     7     1     3     1     1     1     1     0     1     1     0   571     0
   191     2     8     1     7     1     3     5     1     0     1     1     0     2     0     1   632     0
   192     2     8     1     7     1     3     5     1     0     1     1     0     1     0     0   568     0
   193     1     3     1     6     8     2     4     0     1     0     1     1     3     1     1   548     0
   194     1     3     1     6     8     2     4     0     1     0     1     1     1     0     0   451     0
   195     2     8     1     7     1     3     5     0     1     0     0     1     3     0     0   586     0
   196     2     5     0     1     3     5     7     0     1     1     0     1     2     0     0   522     0
   197     2     5     0     1     3     5     7     0     1     1     1     0     1     0     0   454     0
   198     2     5     0     1     3     5     7     1     1     1     0     1     1     1     0   667     1
   199     1     4     1     8     2     4     6     1     0     0     0     0     3     0     1   645     0
   200     1     4     1     8     2     4     6     0     1     0     1     0     1     1     1   570     0
   201     1     3     1     6     8     2     4     1     0     1     1     0     2     1     1   817     0
   202     2     8     1     7     1     3     5     1     1     0     1     1     3     0     1   530     0
   203     2     7     0     5     7     1     3     1     1     1     1     1     2     0     0   666     0
   204     2     7     0     5     7     1     3     0     0     0     1     1     1     1     1   907     0
   205     1     1     2     2     4     6     8     1     1     0     0     1     3     1     1   661     0
   206     1     1     2     2     4     6     8     0     0     0     0     1     1     1     1   919     0
   207     2     6     2     3     5     7     1     0     0     0     1     1     3     0     0   641     0
   208     2     7     0     5     7     1     3     0     1     0     1     0     2     0     1   630     0
   209     1     3     1     6     8     2     4     1     1     0     1     1     3     1     0   580     0
   210     1     1     2     2     4     6     8     1     0     1     1     1     2     0     1   544     1
   211     2     6     2     3     5     7     1     0     1     0     0     0     3     1     1   535     0
   212     2     6     2     3     5     7     1     1     0     0     1     1     1     1     1  1002     0
   213     1     3     1     6     8     2     4     1     1     0     0     0     3     0     1   554     0
   214     2     6     2     3     5     7     1     1     1     1     1     0     3     0     0   505     0
   215     1     3     1     6     8     2     4     0     1     0     0     0     3     1     0   785     0
   216     1     3     1     6     8     2     4     1     0     0     0     0     1     1     1   610     0
   217     2     6     2     3     5     7     1     1     0     1     0     1     3     0     0   699     0
   218     2     6     2     3     5     7     1     1     0     1     1     0     1     0     0   574     0
   219     2     7     0     5     7     1     3     0     0     0     0     0     2     1     0   730     0
   220     2     8     1     7     1     3     5     0     1     0     1     0     2     0     1   681     0
   221     1     1     2     2     4     6     8     0     0     0     0     0     3     0     1   555     1
   222     1     1     2     2     4     6     8     1     0     0     0     0     1     1     0   526     0
   223     2     8     1     7     1     3     5     0     0     0     1     1     3     1     0   796     0
   224     1     1     2     2     4     6     8     0     0     0     1     0     3     0     0   505     0
   225     1     1     2     2     4     6     8     0     1     1     1     1     1     0     1   819     0
   226     1     1     2     2     4     6     8     0     0     1     1     1     1     0     1   660     0
   227     2     6     2     3     5     7     1     0     1     0     0     0     3     0     1   646     0
   228     2     6     2     3     5     7     1     1     0     0     1     1     1     1     1   894     0
   229     2     5     0     1     3     5     7     1     0     1     1     0     2     0     0  1166     0
   230     1     2     2     4     6     8     2     0     0     0     0     1     3     1     0   817     0
   231     1     2     2     4     6     8     2     0     1     1     0     1     1     0     1   629     0
   232     1     3     1     6     8     2     4     0     0     1     1     0     2     0     1   626     0
   233     1     4     1     8     2     4     6     1     1     1     0     1     2     1     1   628     0
   234     2     7     0     5     7     1     3     1     0     0     0     0     3     0     1   797     0
   235     1     2     2     4     6     8     2     0     0     1     1     1     3     1     0   861     0
   236     1     2     2     4     6     8     2     1     0     0     0     0     1     1     0   607     0
   237     2     5     0     1     3     5     7     0     1     0     0     0     3     1     1   583     0
   238     2     5     0     1     3     5     7     1     0     0     1     1     1     1     1   827     0
   239     2     6     2     3     5     7     1     1     1     1     0     1     2     0     1   611     0
   240     2     6     2     3     5     7     1     0     0     0     1     1     1     1     1   609     0
   241     1     1     2     2     4     6     8     0     1     0     1     1     3     0     1   674     0
   242     1     4     1     8     2     4     6     1     1     1     0     0     2     1     0   644     0
   243     1     2     2     4     6     8     2     0     0     0     1     0     2     1     1   665     0
   244     1     2     2     4     6     8     2     0     1     1     1     1     1     0     1   676     0
   245     1     4     1     8     2     4     6     1     0     1     0     0     2     1     1   657     0
   246     1     4     1     8     2     4     6     1     1     0     1     1     1     0     1   711     0
   247     1     1     2     2     4     6     8     1     1     0     0     0     2     0     0   739     0
   248     1     2     2     4     6     8     2     1     1     0     1     0     2     0     0   582     1
   249     2     8     1     7     1     3     5     0     1     1     1     1     3     1     0   550     0
   250     1     3     1     6     8     2     4     0     1     1     0     0     3     0     0   777     0
   251     2     6     2     3     5     7     1     0     0     0     1     0     3     0     1   708     0
   252     2     6     2     3     5     7     1     0     0     1     0     0     1     0     0   531     0
   253     2     6     2     3     5     7     1     1     0     1     0     0     1     1     0   790     0
   254     2     6     2     3     5     7     1     0     1     0     0     0     1     1     1   575     0
   255     2     6     2     3     5     7     1     0     0     0     0     1     1     0     1   627     0
   256     2     8     1     7     1     3     5     1     1     0     0     1     2     1     1   643     0
   257     2     7     0     5     7     1     3     1     1     0     1     0     2     0     0   829     0
   258     2     6     2     3     5     7     1     1     1     1     0     0     2     0     0   662     0
   259     1     1     2     2     4     6     8     1     0     1     0     0     3     0     1   831     0
   260     2     8     1     7     1     3     5     0     1     1     0     0     3     1     1   859     0
   261     2     6     2     3     5     7     1     1     1     0     1     0     2     1     0   740     0
   262     2     6     2     3     5     7     1     1     1     0     0     1     1     0     0   776     0
   263     2     6     2     3     5     7     1     0     1     0     1     0     1     1     0   780     0
   264     2     6     2     3     5     7     1     0     1     1     1     1     1     0     0   583     0
   265     2     5     0     1     3     5     7     0     1     1     1     1     2     0     0   892     0
   266     2     8     1     7     1     3     5     0     1     0     1     0     2     0     0   802     0
   267     1     1     2     2     4     6     8     1     1     0     1     0     3     1     0   790     0
   268     1     1     2     2     4     6     8     0     0     0     1     1     1     1     1  1006     0
   269     2     7     0     5     7     1     3     0     1     1     1     0     3     0     1   859     0
   270     2     7     0     5     7     1     3     0     1     0     1     1     1     0     0   796     0
   271     1     1     2     2     4     6     8     0     1     0     1     1     3     0     0   909     0
   272     1     3     1     6     8     2     4     1     1     1     1     1     2     1     0   847     0
   273     2     7     0     5     7     1     3     1     0     1     0     1     3     0     1   953     0
   274     2     7     0     5     7     1     3     0     1     1     0     1     1     1     1   812     0
   275     2     8     1     7     1     3     5     1     0     1     0     0     2     1     1   821     0
   276     2     5     0     1     3     5     7     0     1     1     0     0     2     1     1   955     0
   277     1     4     1     8     2     4     6     0     1     1     1     1     3     0     0   762     0
   278     1     1     2     2     4     6     8     0     1     0     1     0     2     0     0   741     0
   279     2     5     0     1     3     5     7     1     1     0     1     1     3     1     0   781     0
   280     2     7     0     5     7     1     3     0     0     0     0     0     2     1     1   812     0
   281     2     8     1     7     1     3     5     0     0     1     1     1     2     0     0   832     0
   282     2     8     1     7     1     3     5     0     0     0     0     1     1     0     0   888     0
   283     2     8     1     7     1     3     5     1     0     0     0     1     1     1     0   978     0
   284     2     5     0     1     3     5     7     1     1     0     0     0     2     0     1   994     0
   285     1     1     2     2     4     6     8     1     1     1     0     0     3     0     0   999     0
   286     1     4     1     8     2     4     6     0     0     1     1     1     2     1     1  1311     0
   287     1     2     2     4     6     8     2     0     0     0     0     0     2     0     0   804     0
   288     1     4     1     8     2     4     6     1     0     0     0     1     2     1     0   912     0
   289     2     7     0     5     7     1     3     0     0     1     1     1     3     1     0   869     0
   290     2     7     0     5     7     1     3     1     1     0     1     0     1     1     1   796     0
   291     1     1     2     2     4     6     8     1     0     0     0     0     3     0     1   955     0
   292     1     1     2     2     4     6     8     1     1     0     1     1     1     0     1   839     0
   293     2     5     0     1     3     5     7     1     1     1     1     0     3     0     0   717     0
   294     1     4     1     8     2     4     6     0     0     0     0     1     3     1     1  1180     0
   295     2     5     0     1     3     5     7     1     0     0     0     1     3     1     0  1500     2
   296     2     5     0     1     3     5     7     0     1     1     1     1     1     1     1   747     0
   297     2     7     0     5     7     1     3     1     1     1     1     1     2     1     0   901     0
   298     2     5     0     1     3     5     7     0     0     0     1     1     2     1     1   648     0
   299     1     2     2     4     6     8     2     1     0     0     0     0     3     1     0   930     0
   300     1     2     2     4     6     8     2     1     1     0     0     1     1     0     1   846     0
   301     2     6     2     3     5     7     1     0     0     1     1     1     3     1     1   759     0
   302     2     6     2     3     5     7     1     0     0     0     1     0     1     0     0   694     0
   303     1     2     2     4     6     8     2     1     1     0     0     1     3     1     1   740     0
   304     1     2     2     4     6     8     2     1     0     0     1     1     1     0     1   667     0
   305     1     4     1     8     2     4     6     0     1     1     1     1     2     1     1   629     0
   306     2     7     0     5     7     1     3     0     1     1     1     0     3     0     0   579     0
   307     2     5     0     1     3     5     7     0     0     0     1     1     2     0     1   811     0
   308     1     2     2     4     6     8     2     0     1     1     1     1     3     0     1   575     0
   309     1     4     1     8     2     4     6     1     0     1     1     0     2     1     1   663     0
   310     1     4     1     8     2     4     6     1     0     0     0     0     1     0     0   741     0
   311     2     5     0     1     3     5     7     0     0     1     1     1     3     1     0   617     0
   312     2     5     0     1     3     5     7     1     0     0     0     1     1     1     0   558     0
   313     2     6     2     3     5     7     1     0     0     1     1     1     2     1     0   725     0
   314     2     7     0     5     7     1     3     1     1     0     1     0     2     1     1   624     0
   315     2     5     0     1     3     5     7     1     0     1     1     1     2     0     1   678     0
   316     2     5     0     1     3     5     7     0     1     1     1     0     1     1     1   536     0
   317     2     8     1     7     1     3     5     1     1     0     0     0     2     1     0   791     0
   318     2     8     1     7     1     3     5     0     0     1     0     1     1     1     1   572     0
   319     2     5     0     1     3     5     7     0     0     0     1     0     2     0     0   744     0
   320     2     5     0     1     3     5     7     1     0     0     0     1     1     1     0   511     0
   321     2     8     1     7     1     3     5     0     0     1     1     1     2     1     0   778     0
   322     2     6     2     3     5     7     1     1     0     1     1     1     2     1     0   713     0
   323     1     2     2     4     6     8     2     0     0     1     0     0     3     1     0   811     0
   324     1     2     2     4     6     8     2     0     0     1     0     0     1     0     0   528     0
   325     1     4     1     8     2     4     6     1     1     0     0     1     2     1     1   520     0
   326     1     4     1     8     2     4     6     1     0     0     1     1     1     0     1   587     0
   327     1     4     1     8     2     4     6     0     1     0     1     0     1     1     1   547     0
   328     1     2     2     4     6     8     2     0     1     0     0     1     2     0     0   638     0
   329     1     4     1     8     2     4     6     0     1     0     1     0     2     0     0   588     0
   330     1     4     1     8     2     4     6     1     1     1     1     1     1     1     0   629     0
   331     2     5     0     1     3     5     7     1     1     0     1     1     3     0     0   529     0
   332     2     5     0     1     3     5     7     1     0     0     0     0     1     0     1   556     0
   333     2     5     0     1     3     5     7     0     1     0     1     0     1     1     1   464     0
   334     2     8     1     7     1     3     5     1     1     0     1     0     2     1     0   714     0
   335     1     2     2     4     6     8     2     0     1     1     0     1     3     1     0   644     0
   336     2     5     0     1     3     5     7     1     0     1     1     0     3     1     1   818     0
   337     1     1     2     2     4     6     8     0     0     0     1     1     3     1     0  1235     0
   338     1     1     2     2     4     6     8     0     0     0     0     1     1     0     0   691     0
   339     2     5     0     1     3     5     7     1     0     0     0     1     3     1     0   685     0
   340     2     6     2     3     5     7     1     1     0     1     0     1     2     0     0   680     0
   341     2     6     2     3     5     7     1     1     1     1     1     1     1     0     1   613     0
   342     2     6     2     3     5     7     1     0     0     0     0     1     1     1     1   567     0
   343     1     4     1     8     2     4     6     1     0     1     0     0     3     1     0   654     0
   344     2     5     0     1     3     5     7     1     1     0     1     1     3     0     1   532     0
   345     1     2     2     4     6     8     2     1     1     0     1     1     3     0     0   592     0
   346     1     1     2     2     4     6     8     1     0     0     0     0     2     0     1   620     0
   347     2     5     0     1     3     5     7     0     1     0     1     0     3     1     1   573     0
   348     2     5     0     1     3     5     7     1     0     0     1     0     1     1     1   889     0
   349     1     4     1     8     2     4     6     0     1     0     0     0     3     1     1   687     0
   350     1     3     1     6     8     2     4     0     1     0     0     0     2     0     0   777     0
   351     1     4     1     8     2     4     6     0     0     0     0     1     2     0     1   660     0
   352     1     3     1     6     8     2     4     1     0     0     0     1     2     1     0  1018     0
   353     1     4     1     8     2     4     6     0     0     0     0     0     2     1     0   795     0
   354     1     4     1     8     2     4     6     1     0     1     1     1     1     1     0   668     0
   355     1     4     1     8     2     4     6     0     1     1     0     1     1     1     1   951     0
   356     1     2     2     4     6     8     2     1     0     1     1     0     2     1     1   673     0
   357     1     3     1     6     8     2     4     1     0     0     0     1     2     0     0   755     0
   358     1     3     1     6     8     2     4     0     1     0     1     0     1     1     1   670     0
   359     1     4     1     8     2     4     6     1     1     1     0     1     2     1     0  1056     0
   360     1     1     2     2     4     6     8     1     0     0     0     0     2     0     1   665     0
   361     1     2     2     4     6     8     2     0     1     1     0     0     2     1     1   823     0
   362     2     7     0     5     7     1     3     0     1     0     1     1     3     0     0   856     0
   363     2     7     0     5     7     1     3     1     1     0     1     1     1     1     0   613     0
   364     2     5     0     1     3     5     7     1     0     0     0     0     2     0     1  1019     0
   365     1     2     2     4     6     8     2     1     0     0     0     1     3     0     0   664     0
   366     2     7     0     5     7     1     3     1     0     1     0     1     3     0     0   769     0
   367     1     2     2     4     6     8     2     1     1     1     0     1     3     0     1   660     0
   368     1     2     2     4     6     8     2     0     1     0     1     1     1     1     0   618     0
   369     1     4     1     8     2     4     6     0     1     1     1     1     2     0     0   707     0
   370     2     7     0     5     7     1     3     0     0     1     1     0     3     0     1   910     0
   371     1     4     1     8     2     4     6     0     1     0     0     1     3     0     1   676     0
   372     1     4     1     8     2     4     6     1     1     1     0     0     1     1     0   654     0
   373     1     2     2     4     6     8     2     1     0     0     0     0     2     0     1   797     0
   374     2     5     0     1     3     5     7     1     0     1     0     1     3     0     0   806     0
   375     1     4     1     8     2     4     6     0     0     1     0     0     3     1     0   598     0
   376     1     4     1     8     2     4     6     1     0     1     0     1     1     1     0   534     0
   377     1     4     1     8     2     4     6     0     0     1     0     0     1     1     0   527     0
   378     1     1     2     2     4     6     8     1     0     1     0     1     2     1     0   754     0
   379     1     4     1     8     2     4     6     0     0     0     1     0     2     1     0   986     0
   380     1     4     1     8     2     4     6     1     1     1     0     1     1     1     1   606     0
   381     2     7     0     5     7     1     3     1     1     1     0     1     3     0     0   587     0
   382     2     6     2     3     5     7     1     0     1     0     1     1     2     1     0   572     0
   383     2     5     0     1     3     5     7     0     0     1     0     1     2     0     1   636     0
   384     1     4     1     8     2     4     6     0     1     0     0     0     3     0     1   581     0
   385     2     5     0     1     3     5     7     0     0     1     1     1     3     0     1   769     0
   386     2     5     0     1     3     5     7     1     1     0     1     1     1     1     1   585     0
   387     2     6     2     3     5     7     1     1     1     0     1     1     2     0     0   589     0
   388     2     6     2     3     5     7     1     1     0     0     1     0     1     0     1   549     0
   389     2     7     0     5     7     1     3     0     1     1     0     1     2     1     1   567     0
   390     2     7     0     5     7     1     3     1     1     1     0     1     1     1     0   545     0
   391     2     8     1     7     1     3     5     0     0     1     0     0     2     1     1   783     0
   392     2     8     1     7     1     3     5     0     1     1     0     0     1     0     1   631     0
   393     1     1     2     2     4     6     8     0     0     0     1     0     3     0     1   715     0
   394     1     1     2     2     4     6     8     1     0     1     0     1     1     1     0   715     0
   395     2     5     0     1     3     5     7     1     1     1     1     1     3     0     1   578     0
   396     1     4     1     8     2     4     6     1     0     0     0     1     3     0     1   810     0
   397     1     3     1     6     8     2     4     1     1     1     0     1     2     0     1   875     0
   398     1     3     1     6     8     2     4     0     1     0     0     0     1     1     0   698     0
   399     2     6     2     3     5     7     1     0     0     1     0     0     3     0     1   683     0
   400     2     6     2     3     5     7     1     1     0     0     1     1     1     1     0   766     0
   401     2     7     0     5     7     1     3     1     1     0     1     1     2     0     1   632     0
   402     2     8     1     7     1     3     5     0     1     1     1     1     2     1     0   721     0
   403     1     3     1     6     8     2     4     1     0     1     1     0     3     1     1   732     0
   404     1     4     1     8     2     4     6     0     0     1     1     1     2     1     0   812     0
   405     1     4     1     8     2     4     6     0     0     0     1     1     1     0     0   585     0
   406     1     2     2     4     6     8     2     1     0     0     0     1     2     1     0   549     0
   407     2     5     0     1     3     5     7     1     1     1     0     1     3     0     1   580     0
   408     2     5     0     1     3     5     7     1     0     0     1     0     1     0     1   801     0
   409     1     1     2     2     4     6     8     1     1     0     1     1     3     0     1   708     0
   410     1     1     2     2     4     6     8     1     1     0     0     1     1     0     0   514     0
   411     2     8     1     7     1     3     5     1     1     0     1     1     3     0     0   526     0
   412     2     8     1     7     1     3     5     0     0     0     1     0     1     1     1   565     0
   413     2     5     0     1     3     5     7     1     1     1     0     1     2     1     1   566     0
   414     2     6     2     3     5     7     1     1     0     0     0     0     2     0     1   741     0
   415     2     8     1     7     1     3     5     1     0     0     1     0     2     0     0   585     0
   416     2     8     1     7     1     3     5     1     1     1     0     1     1     0     1   509     0
   417     2     6     2     3     5     7     1     1     0     0     0     0     2     0     1   676     0
   418     2     7     0     5     7     1     3     1     1     0     0     0     2     0     1   667     0
   419     2     8     1     7     1     3     5     1     0     1     0     0     2     0     1   725     0
   420     2     8     1     7     1     3     5     0     1     1     0     0     1     1     1   612     0
   421     2     5     0     1     3     5     7     1     1     0     1     0     2     1     0   641     0
   422     2     5     0     1     3     5     7     1     0     0     0     0     1     0     1   890     0
   423     2     8     1     7     1     3     5     1     0     0     1     1     2     0     0   620     0
   424     2     8     1     7     1     3     5     1     0     0     1     0     1     0     0   633     0
   425     1     1     2     2     4     6     8     1     0     0     0     0     3     0     0   626     0
   426     1     1     2     2     4     6     8     0     1     1     1     1     1     1     1   667     0
   427     1     1     2     2     4     6     8     1     1     1     1     1     1     1     0   521     0
   428     1     1     2     2     4     6     8     1     1     0     1     0     1     0     0   613     0
   429     1     3     1     6     8     2     4     1     1     1     0     1     2     0     0   937     0
   430     1     3     1     6     8     2     4     1     0     0     0     0     1     0     1   768     0
   431     2     5     0     1     3     5     7     1     1     1     0     1     3     0     1   547     0
   432     2     5     0     1     3     5     7     0     0     1     1     0     1     1     1   714     0
   433     1     4     1     8     2     4     6     0     0     1     1     0     3     0     0   665     0
   434     1     4     1     8     2     4     6     1     0     0     1     0     1     1     0   616     0
   435     1     1     2     2     4     6     8     0     1     1     1     0     2     1     1   693     0
   436     1     3     1     6     8     2     4     1     0     1     0     1     2     1     1  1038     0
   437     2     7     0     5     7     1     3     0     1     0     0     1     3     1     1   836     0
   438     2     7     0     5     7     1     3     0     0     1     1     1     1     0     1   989     0
   439     1     2     2     4     6     8     2     0     1     0     0     1     3     0     1   685     0
   440     1     4     1     8     2     4     6     0     0     0     1     0     2     0     1  1087     0
   441     2     6     2     3     5     7     1     1     0     0     0     1     3     1     0   841     0
   442     2     6     2     3     5     7     1     1     0     1     1     1     1     0     0   746     0
   443     2     8     1     7     1     3     5     1     1     1     1     0     2     0     1   850     1
   444     2     8     1     7     1     3     5     1     0     0     0     1     1     0     1  1143     0
   445     2     6     2     3     5     7     1     0     0     1     1     0     2     1     0   786     0
   446     2     6     2     3     5     7     1     1     0     1     1     0     1     1     0   718     0
   447     1     1     2     2     4     6     8     1     0     1     1     0     3     0     0   829     0
   448     1     1     2     2     4     6     8     0     1     1     1     0     1     1     1   726     0
   449     1     4     1     8     2     4     6     0     1     0     1     1     2     0     0   713     0
   450     1     4     1     8     2     4     6     0     0     0     0     0     1     0     1   643     0
   451     2     8     1     7     1     3     5     0     0     1     1     1     3     0     0   924     0
   452     2     8     1     7     1     3     5     0     1     0     0     1     1     0     1   608     0
   453     1     2     2     4     6     8     2     0     1     1     1     0     3     0     0   755     0
   454     1     2     2     4     6     8     2     1     0     0     0     1     1     1     1   792     0
   455     2     5     0     1     3     5     7     0     0     1     1     1     3     1     0   788     0
   456     2     6     2     3     5     7     1     1     1     1     1     1     2     1     1   791     0
   457     1     3     1     6     8     2     4     0     0     1     1     1     3     1     1   859     0
   458     2     8     1     7     1     3     5     1     1     0     1     0     3     1     1   737     0
   459     1     1     2     2     4     6     8     1     0     1     1     1     3     0     1   891     0
   460     1     4     1     8     2     4     6     1     0     1     1     0     2     0     0   860     0
   461     1     2     2     4     6     8     2     0     0     1     0     0     2     1     0   814     0
   462     1     2     2     4     6     8     2     0     1     1     1     1     1     0     1   710     0
   463     2     6     2     3     5     7     1     1     1     0     1     0     3     1     0   803     0
   464     2     6     2     3     5     7     1     0     1     1     1     0     1     1     0   832     0
   465     1     1     2     2     4     6     8     1     1     0     0     1     3     1     0   738     0
   466     1     2     2     4     6     8     2     0     0     0     0     0     2     1     1   769     0
   467     1     3     1     6     8     2     4     0     0     1     1     1     2     0     0   773     0
   468     1     1     2     2     4     6     8     1     0     0     1     1     2     1     0   757     0
   469     2     7     0     5     7     1     3     0     1     0     1     0     3     1     1   792     0
   470     2     7     0     5     7     1     3     0     1     1     1     1     1     0     0   751     0
   471     2     6     2     3     5     7     1     1     0     1     0     1     2     1     1   843     0
   472     2     6     2     3     5     7     1     0     1     0     0     1     1     1     1   668     0
   473     2     6     2     3     5     7     1     0     0     0     0     1     1     0     1  1178     0
   474     2     6     2     3     5     7     1     0     0     0     1     1     1     0     0   737     0
   475     2     7     0     5     7     1     3     0     1     0     1     1     2     0     1   616     0
   476     2     7     0     5     7     1     3     1     0     0     1     1     1     1     1   933     0
   477     2     6     2     3     5     7     1     1     1     1     0     0     2     0     1   776     0
   478     2     8     1     7     1     3     5     0     1     0     1     1     2     1     0   661     0
   479     1     2     2     4     6     8     2     1     0     0     1     0     3     1     1   679     0
   480     1     2     2     4     6     8     2     0     0     0     1     0     1     1     0   616     0
   481     2     8     1     7     1     3     5     0     1     1     1     1     3     0     1   710     0
   482     2     7     0     5     7     1     3     1     0     1     0     1     2     1     1   816     0
   483     2     7     0     5     7     1     3     0     1     1     0     1     1     1     1   557     0
   484     2     6     2     3     5     7     1     1     0     1     1     0     2     1     1   761     0
   485     2     6     2     3     5     7     1     1     1     1     1     1     1     0     1   669     0
   486     2     7     0     5     7     1     3     0     1     1     0     0     2     1     0   751     0
   487     2     6     2     3     5     7     1     1     1     0     1     0     2     1     0   794     0
   488     2     6     2     3     5     7     1     1     1     0     0     1     1     0     0   559     0
   489     1     4     1     8     2     4     6     1     0     1     1     1     3     0     1   659     0
   490     1     4     1     8     2     4     6     1     0     1     0     0     1     0     0   661     0
   491     1     1     2     2     4     6     8     0     1     0     0     0     2     1     1   695     0
   492     2     8     1     7     1     3     5     0     1     0     0     1     3     0     0   757     0
   493     2     7     0     5     7     1     3     1     0     1     1     1     2     1     1   744     0
   494     2     7     0     5     7     1     3     1     0     1     1     1     1     0     0   523     0
   495     2     6     2     3     5     7     1     0     0     1     1     0     2     1     0   774     0
   496     1     3     1     6     8     2     4     1     0     1     0     0     3     1     0   589     0
   497     1     3     1     6     8     2     4     1     1     1     1     1     1     0     1   625     0
   498     1     2     2     4     6     8     2     0     1     0     1     0     2     1     0   726     0
   499     1     2     2     4     6     8     2     0     0     1     1     0     1     0     1   929     0
   500     2     5     0     1     3     5     7     0     1     1     0     1     3     0     1   924     0
   501     1     2     2     4     6     8     2     1     1     1     0     1     3     1     0   650     0
   502     1     2     2     4     6     8     2     1     0     1     1     0     1     0     1   660     0
   503     1     1     2     2     4     6     8     0     1     0     1     1     2     1     1   767     0
   504     1     1     2     2     4     6     8     0     0     1     0     0     1     0     1   846     0
   505     1     2     2     4     6     8     2     0     1     1     0     1     2     0     1   752     0
   506     1     2     2     4     6     8     2     1     1     1     0     1     1     1     0   583     0
   507     2     8     1     7     1     3     5     1     1     0     0     0     3     0     0  1107     0
   508     2     8     1     7     1     3     5     1     0     1     0     1     1     0     1   622     0
   509     1     2     2     4     6     8     2     0     0     1     0     0     3     1     0   648     0
   510     1     2     2     4     6     8     2     1     1     1     0     1     1     1     1   633     0
   511     2     8     1     7     1     3     5     0     0     0     1     0     3     1     1  1087     0
   512     2     6     2     3     5     7     1     0     1     1     1     1     2     0     1   685     0
   513     1     3     1     6     8     2     4     0     0     1     0     1     3     0     1  1331     0
   514     1     3     1     6     8     2     4     0     0     0     0     1     1     0     0   897     0
   515     2     8     1     7     1     3     5     0     1     0     1     0     3     0     1   675     0
   516     2     5     0     1     3     5     7     0     1     1     1     1     2     0     0   601     0
   517     2     6     2     3     5     7     1     1     1     0     0     1     2     1     0   590     0
   518     1     3     1     6     8     2     4     0     1     1     0     0     3     1     0   626     0
   519     1     1     2     2     4     6     8     0     0     0     1     0     2     0     1   723     0
   520     1     1     2     2     4     6     8     1     0     1     0     0     1     1     0   699     0
   521     2     5     0     1     3     5     7     1     0     0     1     1     3     0     0   774     0
   522     2     5     0     1     3     5     7     1     0     1     0     0     1     0     0   681     0
   523     1     1     2     2     4     6     8     0     0     1     0     0     3     1     0   620     0
   524     1     1     2     2     4     6     8     0     1     1     0     1     1     0     1   816     0
   525     1     1     2     2     4     6     8     1     0     1     0     0     1     1     1   770     0
   526     1     1     2     2     4     6     8     1     0     0     1     1     1     0     0   870     0
   527     1     2     2     4     6     8     2     1     1     1     0     1     2     0     1   715     0
   528     1     2     2     4     6     8     2     1     1     0     0     1     1     0     0   531     0
   529     1     1     2     2     4     6     8     1     1     0     0     0     2     0     0   639     0
   530     2     6     2     3     5     7     1     0     0     1     0     1     3     1     1   829     0
   531     1     4     1     8     2     4     6     0     0     1     0     1     3     0     0   626     0
   532     1     4     1     8     2     4     6     0     0     0     1     1     1     0     0   764     0
   533     1     3     1     6     8     2     4     0     0     1     1     0     2     0     0   619     0
   534     1     3     1     6     8     2     4     0     1     1     0     0     1     0     1   512     0
   535     1     1     2     2     4     6     8     1     1     0     0     1     2     1     0   655     0
   536     1     2     2     4     6     8     2     1     0     0     0     0     2     0     1   753     0
   537     2     5     0     1     3     5     7     0     0     0     0     1     3     1     0   597     0
   538     2     5     0     1     3     5     7     1     1     0     0     0     1     1     1   577     0
   539     2     6     2     3     5     7     1     0     1     1     0     1     2     1     0   629     0
   540     2     7     0     5     7     1     3     1     0     1     1     1     2     1     1   651     0
   541     2     7     0     5     7     1     3     0     1     1     1     1     1     1     1   600     0
   542     2     7     0     5     7     1     3     0     0     1     1     1     1     0     1   673     0
   543     1     3     1     6     8     2     4     0     1     1     1     0     3     0     1   567     0
   544     1     3     1     6     8     2     4     0     1     1     0     0     1     0     0   928     0
   545     1     2     2     4     6     8     2     0     0     1     0     1     2     0     1  1248     0
   546     1     2     2     4     6     8     2     1     0     1     1     1     1     1     0   816     0
   547     1     1     2     2     4     6     8     0     0     0     1     1     2     1     0   801     0
   548     1     1     2     2     4     6     8     1     0     0     0     1     1     1     0   846     0
   549     1     2     2     4     6     8     2     0     1     1     0     0     2     1     1   755     0
   550     2     5     0     1     3     5     7     1     1     0     0     0     3     1     0   614     0
   551     2     7     0     5     7     1     3     1     0     0     1     1     2     0     1   685     0
   552     2     7     0     5     7     1     3     0     1     1     1     1     1     1     1   824     0
   553     2     5     0     1     3     5     7     0     1     1     1     0     2     0     0   711     0
   554     2     6     2     3     5     7     1     0     1     0     1     0     2     0     0   775     0
   555     1     2     2     4     6     8     2     1     0     1     1     1     3     1     1   718     0
   556     1     2     2     4     6     8     2     1     1     0     1     0     1     0     1   664     0
   557     2     8     1     7     1     3     5     1     0     1     1     0     3     0     1   627     0
   558     2     8     1     7     1     3     5     1     0     0     1     1     1     0     0   684     0
   559     1     3     1     6     8     2     4     1     1     1     0     1     3     0     1   573     0
   560     2     6     2     3     5     7     1     0     1     0     1     1     3     1     0   486     0
   561     1     3     1     6     8     2     4     0     1     1     0     1     3     0     0   508     0
   562     1     1     2     2     4     6     8     1     1     1     0     1     2     1     0   664     0
   563     2     7     0     5     7     1     3     1     1     0     1     1     3     0     0   662     0
   564     2     7     0     5     7     1     3     0     0     1     0     0     1     1     1   591     0
   565     1     1     2     2     4     6     8     0     0     1     0     0     3     0     0   862     0
   566     1     2     2     4     6     8     2     0     1     1     0     1     2     0     1   539     0
   567     2     8     1     7     1     3     5     0     1     1     1     1     3     0     0   502     0
   568     2     8     1     7     1     3     5     1     1     0     1     0     1     1     0   457     0
   569     1     4     1     8     2     4     6     1     1     1     0     0     3     0     0   883     0
   570     1     4     1     8     2     4     6     1     0     1     0     0     1     0     1   606     1
   571     1     3     1     6     8     2     4     0     0     0     1     0     2     1     0   754     0
   572     1     1     2     2     4     6     8     1     1     0     0     1     2     1     1   629     0
   573     2     7     0     5     7     1     3     1     0     1     0     0     3     0     1   666     0
   574     2     7     0     5     7     1     3     1     1     0     1     1     1     0     1   503     0
   575     2     5     0     1     3     5     7     1     0     0     0     0     2     0     1   805     0
   576     2     5     0     1     3     5     7     1     1     0     0     0     1     0     1   554     0
   577     2     8     1     7     1     3     5     1     0     1     1     1     2     0     1   683     0
   578     2     8     1     7     1     3     5     0     0     0     0     0     1     1     0   538     0
   579     1     2     2     4     6     8     2     1     0     0     0     0     3     1     0   550     0
   580     1     2     2     4     6     8     2     0     0     0     0     1     1     1     0   506     0
   581     2     6     2     3     5     7     1     1     0     0     0     1     3     1     0   484     0
   582     2     7     0     5     7     1     3     0     1     0     1     0     2     1     1   725     0
   583     1     1     2     2     4     6     8     0     1     1     0     1     3     0     0   569     0
   584     1     2     2     4     6     8     2     1     1     1     0     1     2     1     0   488     0
   585     2     8     1     7     1     3     5     1     1     0     0     1     3     0     0   527     0
   586     1     3     1     6     8     2     4     1     1     1     1     0     3     0     0   626     0
   587     2     8     1     7     1     3     5     1     0     1     0     1     3     0     1   715     0
   588     1     3     1     6     8     2     4     0     0     0     1     0     3     1     0   717     0
   589     2     5     0     1     3     5     7     0     1     1     1     1     3     0     1  1052     0
   590     1     4     1     8     2     4     6     1     0     1     0     1     3     1     1   561     0
   591     2     8     1     7     1     3     5     0     0     0     0     0     3     1     0   567     0
   592     2     8     1     7     1     3     5     1     0     1     1     1     1     1     0   543     0
   593     1     4     1     8     2     4     6     1     1     1     0     1     3     0     1   522     0
   594     1     4     1     8     2     4     6     0     0     1     1     1     1     1     1   641     0
   595     2     8     1     7     1     3     5     1     1     1     1     0     3     1     1   673     0
   596     2     8     1     7     1     3     5     0     0     1     1     1     1     1     1   511     0
   597     2     5     0     1     3     5     7     0     1     1     0     0     2     0     1   837     0
   598     2     6     2     3     5     7     1     1     0     0     0     0     2     1     1   675     0
   599     1     4     1     8     2     4     6     0     1     0     0     1     3     1     1   664     0
   600     1     1     2     2     4     6     8     1     0     0     1     0     2     1     1   790     0
   601     1     3     1     6     8     2     4     1     0     1     1     0     2     0     0   719     0
   602     2     6     2     3     5     7     1     0     0     0     0     1     3     1     0   614     0
   603     2     6     2     3     5     7     1     0     1     0     1     1     1     0     1   590     0
   604     1     1     2     2     4     6     8     1     1     1     1     0     3     1     0   678     0
   605     1     2     2     4     6     8     2     0     1     1     1     0     2     1     0   652     0
   606     1     2     2     4     6     8     2     1     0     1     1     1     1     1     1   598     0
   607     2     7     0     5     7     1     3     1     0     0     0     0     3     0     0   478     0
   608     1     4     1     8     2     4     6     0     0     0     1     1     3     1     0   737     0
   609     1     1     2     2     4     6     8     1     1     0     0     0     2     1     1   676     0
   610     1     1     2     2     4     6     8     0     0     1     0     1     1     1     1   974     0
   611     2     5     0     1     3     5     7     0     1     0     0     0     3     0     1   577     0
   612     2     5     0     1     3     5     7     1     1     0     1     1     1     1     0   602     0
   613     2     7     0     5     7     1     3     0     1     0     1     1     2     1     0   663     0
   614     2     7     0     5     7     1     3     1     0     1     0     0     1     1     1   781     0
   615     2     7     0     5     7     1     3     0     1     0     0     0     1     1     1   589     0
   616     1     2     2     4     6     8     2     0     1     1     0     1     3     0     0   529     0
   617     1     2     2     4     6     8     2     0     1     0     1     1     1     0     0   447     0
   618     1     3     1     6     8     2     4     1     1     1     1     1     2     1     0   513     0
   619     1     3     1     6     8     2     4     0     0     0     1     1     1     1     1   559     0
   620     1     4     1     8     2     4     6     1     1     1     1     0     2     1     1   636     0
   621     1     3     1     6     8     2     4     0     1     1     1     1     2     1     0   482     0
   622     1     3     1     6     8     2     4     1     1     1     0     1     1     1     0   749     0
   623     1     3     1     6     8     2     4     0     0     1     1     0     1     1     1   908     0
   624     1     3     1     6     8     2     4     0     1     1     0     0     1     0     1   494     0
   625     1     3     1     6     8     2     4     1     1     0     0     1     1     1     0   485     0
   626     1     3     1     6     8     2     4     0     1     0     0     1     1     1     0   443     0
   627     2     7     0     5     7     1     3     0     1     0     0     1     3     0     0   681     0
   628     2     7     0     5     7     1     3     0     1     0     0     0     1     0     0   603     0
   629     2     7     0     5     7     1     3     1     0     0     0     1     1     1     1   624     0
   630     1     2     2     4     6     8     2     1     0     1     0     1     3     0     0   913     0
   631     1     2     2     4     6     8     2     1     1     1     1     1     1     0     1   700     0
   632     1     4     1     8     2     4     6     1     1     0     1     1     2     0     0   847     0
   633     2     6     2     3     5     7     1     0     0     0     0     0     3     1     1   761     0
   634     2     6     2     3     5     7     1     1     0     1     0     0     1     1     0   624     0
   635     1     4     1     8     2     4     6     1     1     0     0     0     3     0     1   638     0
   636     2     5     0     1     3     5     7     1     1     1     1     1     3     0     0   682     0
   637     1     4     1     8     2     4     6     0     1     1     0     1     3     1     0   797     0
   638     2     7     0     5     7     1     3     1     1     1     0     0     3     1     0   818     0
   639     1     4     1     8     2     4     6     0     1     0     0     0     3     1     0   711     0
   640     1     4     1     8     2     4     6     1     0     0     1     0     1     1     1   762     0
   641     2     6     2     3     5     7     1     1     1     1     0     0     3     0     1   654     0
   642     2     5     0     1     3     5     7     0     0     0     0     1     2     1     1   891     0
   643     2     5     0     1     3     5     7     1     0     1     0     1     1     1     0   642     0
   644     2     8     1     7     1     3     5     1     1     1     1     1     2     0     1   651     0
   645     1     2     2     4     6     8     2     1     1     1     1     0     3     0     0   617     0
   646     1     2     2     4     6     8     2     0     1     1     0     0     1     1     0   685     0
   647     1     2     2     4     6     8     2     1     1     0     0     0     1     1     0   764     0
   648     1     1     2     2     4     6     8     0     0     1     1     1     2     1     1   868     0
   649     1     1     2     2     4     6     8     0     1     0     0     0     1     0     1   941     0
   650     1     1     2     2     4     6     8     1     1     0     1     1     1     1     0   671     0
   651     2     5     0     1     3     5     7     0     1     0     1     1     3     1     0   721     0
   652     2     6     2     3     5     7     1     1     1     1     1     1     2     1     0   739     0
   653     1     1     2     2     4     6     8     0     0     1     1     1     3     1     1   623     0
   654     1     1     2     2     4     6     8     0     1     0     0     0     1     0     1   608     0
   655     2     8     1     7     1     3     5     0     0     0     1     1     3     0     1   704     0
   656     2     8     1     7     1     3     5     1     1     0     0     0     1     1     1   803     0
   657     2     5     0     1     3     5     7     1     1     0     1     0     2     0     0   662     0
   658     2     5     0     1     3     5     7     0     0     0     1     1     1     1     1   615     0
   659     2     6     2     3     5     7     1     0     0     1     1     0     2     0     0   616     0
   660     2     8     1     7     1     3     5     0     0     0     0     0     2     0     0   540     0
   661     1     3     1     6     8     2     4     1     1     0     1     0     3     1     1   704     0
   662     1     3     1     6     8     2     4     1     1     1     1     1     1     0     0   487     0
   663     2     7     0     5     7     1     3     0     1     1     0     1     3     1     0   617     0
   664     2     7     0     5     7     1     3     0     1     0     1     0     1     0     0   505     0
   665     2     8     1     7     1     3     5     1     1     1     0     1     2     1     0   468     0
   666     2     8     1     7     1     3     5     1     0     0     0     0     1     0     1   587     0
   667     2     8     1     7     1     3     5     0     0     1     1     0     1     1     0   531     0
   668     2     5     0     1     3     5     7     1     0     1     0     1     2     1     0   687     0
   669     1     4     1     8     2     4     6     1     1     1     1     1     3     0     1   748     0
   670     2     5     0     1     3     5     7     1     0     0     0     1     3     0     1   636     0
   671     1     1     2     2     4     6     8     0     1     1     0     0     3     1     1   645     0
   672     2     8     1     7     1     3     5     1     0     0     0     0     3     1     1   650     0
   673     2     6     2     3     5     7     1     1     0     0     1     0     2     0     0   861     0
   674     1     1     2     2     4     6     8     1     0     1     0     1     3     0     0   610     1
   675     2     5     0     1     3     5     7     0     0     1     1     0     3     1     0  1109     0
   676     2     5     0     1     3     5     7     1     0     1     1     0     1     1     0   708     0
   677     1     4     1     8     2     4     6     1     1     1     0     1     3     0     1   559     0
   678     1     2     2     4     6     8     2     0     0     0     0     0     2     1     1   691     0
   679     1     3     1     6     8     2     4     0     0     0     0     1     2     0     0   893     0
   680     1     3     1     6     8     2     4     1     0     1     0     1     1     1     0   679     0
   681     1     3     1     6     8     2     4     0     1     0     0     1     1     1     1   666     0
   682     1     3     1     6     8     2     4     0     0     1     0     1     1     0     1   552     0
   683     1     1     2     2     4     6     8     1     0     0     0     1     2     1     0   640     0
   684     2     6     2     3     5     7     1     1     1     0     0     1     3     0     1   610     0
   685     2     6     2     3     5     7     1     1     1     0     0     0     1     0     0   738     0
   686     1     1     2     2     4     6     8     0     0     0     1     1     3     1     1   829     0
   687     2     7     0     5     7     1     3     1     1     0     0     0     3     1     1   793     0
   688     2     8     1     7     1     3     5     1     1     1     1     0     2     0     0   721     0
   689     1     2     2     4     6     8     2     0     1     1     0     0     3     1     0   600     0
   690     1     3     1     6     8     2     4     0     1     0     1     0     2     0     0   561     0
   691     1     4     1     8     2     4     6     1     0     1     1     1     2     1     1   792     0
   692     1     4     1     8     2     4     6     1     1     0     1     0     1     0     1   733     0
   693     2     6     2     3     5     7     1     1     0     1     1     0     3     0     1   712     0
   694     2     6     2     3     5     7     1     1     1     0     1     0     1     0     1   738     0
   695     2     8     1     7     1     3     5     0     1     1     1     0     2     1     0   497     0
   696     2     8     1     7     1     3     5     1     0     1     1     1     1     1     1   804     0
   697     1     1     2     2     4     6     8     0     1     0     0     0     3     1     1   609     0
   698     1     1     2     2     4     6     8     1     0     0     1     1     1     1     1   705     0
   699     2     7     0     5     7     1     3     1     0     0     1     1     3     0     0   733     0
   700     2     7     0     5     7     1     3     0     1     1     1     1     1     1     1   765     0
   701     2     5     0     1     3     5     7     0     1     1     1     1     2     0     0   621     0
   702     2     5     0     1     3     5     7     1     1     1     0     0     1     1     0   665     0
   703     2     5     0     1     3     5     7     1     1     0     0     1     1     0     0   608     0
   704     2     5     0     1     3     5     7     0     0     0     0     1     1     1     1   848     0
   705     1     3     1     6     8     2     4     0     0     0     0     0     3     0     0   658     0
   706     1     3     1     6     8     2     4     0     0     0     1     0     1     0     0   665     0
   707     2     7     0     5     7     1     3     0     0     1     1     0     3     0     0   511     0
   708     2     8     1     7     1     3     5     0     0     0     1     1     2     0     0   691     0
   709     1     2     2     4     6     8     2     1     0     0     1     0     3     1     0   977     0
   710     1     1     2     2     4     6     8     1     1     0     0     1     2     0     1   781     0
   711     2     7     0     5     7     1     3     0     0     0     0     0     3     1     1   880     0
   712     1     2     2     4     6     8     2     0     0     0     1     1     3     0     0   546     0
   713     1     1     2     2     4     6     8     1     0     0     0     0     2     1     0   654     0
   714     1     1     2     2     4     6     8     1     0     0     1     1     1     0     0   632     0
   715     1     3     1     6     8     2     4     1     1     1     0     0     2     0     1   812     0
   716     1     2     2     4     6     8     2     1     1     1     1     0     2     0     0   640     0
   717     2     6     2     3     5     7     1     0     0     0     1     1     3     1     1   662     0
   718     1     3     1     6     8     2     4     1     0     0     0     0     3     1     0   592     0
   719     1     1     2     2     4     6     8     1     0     0     0     1     2     0     0   608     0
   720     1     1     2     2     4     6     8     1     0     1     0     1     1     0     0   577     0
   721     2     6     2     3     5     7     1     1     1     1     1     0     3     0     1   558     0
   722     2     6     2     3     5     7     1     0     0     1     1     0     1     1     1   521     0
   723     1     3     1     6     8     2     4     0     0     0     0     0     3     0     0   643     0
   724     1     3     1     6     8     2     4     0     1     1     1     0     1     0     1   625     0
   725     1     2     2     4     6     8     2     0     1     1     0     0     2     0     0   701     0
   726     2     7     0     5     7     1     3     1     0     0     1     0     3     1     1   611     0
   727     2     7     0     5     7     1     3     1     1     0     0     0     1     0     1   628     0
   728     2     7     0     5     7     1     3     0     1     1     1     1     1     1     0   553     0
   729     1     2     2     4     6     8     2     0     1     0     0     0     3     0     0   676     0
   730     1     2     2     4     6     8     2     1     0     0     1     1     1     1     1   585     0
   731     1     2     2     4     6     8     2     1     1     0     1     0     1     0     1   870     0
   732     1     3     1     6     8     2     4     1     1     1     0     1     2     0     0   579     0
   733     1     4     1     8     2     4     6     1     1     0     0     1     2     0     0   771     0
   734     1     4     1     8     2     4     6     0     0     0     1     1     1     1     1   738     0
   735     2     5     0     1     3     5     7     0     0     0     1     1     3     0     0   692     0
   736     2     5     0     1     3     5     7     1     0     0     1     0     1     1     0   655     0
   737     1     1     2     2     4     6     8     1     0     0     0     0     3     0     0   469     0
   738     1     1     2     2     4     6     8     0     0     1     0     1     1     1     0   664     0
   739     2     5     0     1     3     5     7     0     0     0     0     1     3     0     0   589     0
   740     2     5     0     1     3     5     7     0     0     0     1     1     1     0     0   453     0
   741     2     7     0     5     7     1     3     1     1     0     1     1     2     1     1   630     0
   742     1     4     1     8     2     4     6     0     1     0     0     0     3     1     0   716     0
   743     2     6     2     3     5     7     1     1     0     1     1     1     3     1     1   763     0
   744     2     6     2     3     5     7     1     0     0     1     0     1     1     1     0   623     0
   745     2     6     2     3     5     7     1     0     0     0     0     0     1     0     0   480     0
   746     2     6     2     3     5     7     1     0     0     0     1     1     1     0     0   478     0
   747     2     7     0     5     7     1     3     0     0     0     0     0     2     0     0   685     0
   748     2     7     0     5     7     1     3     0     0     1     0     1     1     0     0   711     0
   749     2     8     1     7     1     3     5     0     1     0     0     1     2     0     1   545     0
   750     2     8     1     7     1     3     5     1     0     1     0     1     1     1     1   832     0
   751     2     5     0     1     3     5     7     1     1     1     0     1     2     0     1   825     0
   752     2     5     0     1     3     5     7     1     0     0     0     1     1     0     1   602     0
   753     2     6     2     3     5     7     1     0     0     0     1     0     2     1     0   531     0
   754     2     5     0     1     3     5     7     0     1     1     1     1     2     0     1   561     0
   755     2     7     0     5     7     1     3     1     0     1     0     0     2     1     1   518     0
   756     2     7     0     5     7     1     3     1     1     0     0     1     1     0     1   509     0
   757     2     8     1     7     1     3     5     1     1     0     1     0     2     0     0   611     1
   758     2     8     1     7     1     3     5     0     0     1     0     0     1     1     1   492     0
   759     2     7     0     5     7     1     3     1     1     1     1     1     2     1     1   607     0
   760     2     8     1     7     1     3     5     0     1     0     1     0     2     1     0   721     0
   761     1     4     1     8     2     4     6     0     0     0     0     0     3     0     1   631     0
   762     1     4     1     8     2     4     6     1     0     1     1     0     1     1     0   688     0
   763     1     3     1     6     8     2     4     1     1     1     1     0     2     0     1   503     0
   764     1     3     1     6     8     2     4     1     1     1     0     1     1     0     0   549     0
   765     2     6     2     3     5     7     1     1     1     0     0     0     3     0     0   648     0
   766     2     6     2     3     5     7     1     0     1     0     0     0     1     1     0   741     0
   767     2     8     1     7     1     3     5     1     0     1     1     0     2     1     1   706     0
   768     2     6     2     3     5     7     1     1     1     1     0     0     2     0     1   629     0
   769     1     2     2     4     6     8     2     1     0     1     1     0     3     0     1   882     0
   770     2     7     0     5     7     1     3     0     0     0     0     1     3     1     0   861     0
   771     2     6     2     3     5     7     1     0     1     0     1     0     2     0     1   738     0
   772     2     6     2     3     5     7     1     1     1     1     1     1     1     1     0   569     0
   773     1     1     2     2     4     6     8     1     1     1     1     0     3     0     0   641     0
   774     2     6     2     3     5     7     1     1     1     1     1     1     3     0     0   590     0
   775     1     3     1     6     8     2     4     1     1     0     1     1     3     0     0   622     0
   776     1     4     1     8     2     4     6     1     0     1     1     1     2     0     1   720     0
   777     2     8     1     7     1     3     5     1     1     0     1     1     3     0     1   554     0
   778     2     7     0     5     7     1     3     1     0     0     1     0     2     0     1   742     0
   779     1     4     1     8     2     4     6     1     0     0     0     1     3     0     0   621     0
   780     1     1     2     2     4     6     8     1     1     0     1     1     2     0     1   649     0
   781     1     2     2     4     6     8     2     0     1     1     0     0     2     1     0   851     0
   782     1     2     2     4     6     8     2     1     0     0     1     0     1     1     1   560     0
   783     2     8     1     7     1     3     5     1     0     0     0     1     3     0     0   557     0
   784     2     8     1     7     1     3     5     0     0     0     1     1     1     1     0   612     0
   785     1     4     1     8     2     4     6     0     1     0     1     1     3     0     1   788     0
   786     1     1     2     2     4     6     8     1     0     1     0     1     2     1     1   768     0
   787     2     5     0     1     3     5     7     1     1     0     0     1     3     0     1   700     0
   788     2     5     0     1     3     5     7     0     0     1     0     0     1     1     1   866     0
   789     1     4     1     8     2     4     6     1     1     1     1     1     3     1     1   634     0
   790     1     4     1     8     2     4     6     0     1     1     1     0     1     1     0   527     0
   791     1     4     1     8     2     4     6     1     1     1     0     1     1     1     0   535     0
   792     1     4     1     8     2     4     6     0     0     1     1     1     1     1     1   653     0
   793     1     4     1     8     2     4     6     1     0     0     1     1     1     1     0   840     0
   794     1     4     1     8     2     4     6     1     0     1     1     1     1     0     0   685     0
   795     2     8     1     7     1     3     5     1     0     0     1     1     3     0     0   607     0
   796     2     8     1     7     1     3     5     0     0     1     1     0     1     1     0   639     0
   797     2     7     0     5     7     1     3     0     0     1     0     1     2     0     0   656     0
   798     2     8     1     7     1     3     5     1     1     0     1     1     2     1     1   601     0
   799     1     3     1     6     8     2     4     0     0     0     0     0     3     1     1   583     0
   800     1     4     1     8     2     4     6     0     0     0     1     1     2     0     0   691     0
   801     1     3     1     6     8     2     4     1     0     0     0     0     2     1     0   561     0
   802     1     2     2     4     6     8     2     1     1     0     0     0     2     0     1   638     0
   803     1     4     1     8     2     4     6     1     1     0     0     1     2     0     0   771     0
   804     1     4     1     8     2     4     6     0     0     0     1     1     1     1     1   659     0
   805     2     5     0     1     3     5     7     0     1     1     0     1     3     0     1   572     0
   806     2     5     0     1     3     5     7     0     1     0     1     0     1     0     0   540     0
   807     2     5     0     1     3     5     7     1     1     0     1     1     1     1     0   700     0
   808     2     7     0     5     7     1     3     0     1     1     0     1     2     1     0   769     0
   809     2     6     2     3     5     7     1     1     0     0     0     0     2     1     1   929     0
   810     2     6     2     3     5     7     1     1     0     0     0     0     1     0     0   684     0
   811     1     3     1     6     8     2     4     0     0     0     0     1     3     1     0  1241     0
   812     1     3     1     6     8     2     4     1     1     0     0     0     1     1     1   678     0
   813     2     7     0     5     7     1     3     1     0     1     1     0     3     0     1   596     0
   814     2     5     0     1     3     5     7     0     1     1     0     0     2     1     1   661     0
   815     2     8     1     7     1     3     5     1     1     0     0     1     2     1     0   815     0
   816     2     8     1     7     1     3     5     1     0     0     0     0     1     0     1  1139     0
   817     1     2     2     4     6     8     2     0     0     1     1     1     3     1     0   810     0
   818     1     2     2     4     6     8     2     0     0     0     0     1     1     0     0   583     0
   819     1     1     2     2     4     6     8     1     0     1     0     0     2     1     0   995     0
   820     1     2     2     4     6     8     2     1     1     0     1     1     2     0     1   695     0
   821     1     4     1     8     2     4     6     1     1     0     1     0     2     0     0   649     0
   822     1     4     1     8     2     4     6     1     0     0     1     0     1     0     1   802     0
   823     1     1     2     2     4     6     8     0     1     1     1     0     2     1     1   774     0
   824     1     1     2     2     4     6     8     0     1     0     1     1     1     0     0   633     0
   825     1     4     1     8     2     4     6     0     1     1     0     1     2     0     0   695     0
   826     1     1     2     2     4     6     8     0     0     0     0     0     2     0     1   834     0
   827     2     7     0     5     7     1     3     0     0     1     1     1     3     0     0   913     0
   828     2     7     0     5     7     1     3     0     1     1     0     1     1     0     1   643     0
   829     1     4     1     8     2     4     6     1     1     1     1     1     3     1     0   894     0
   830     1     4     1     8     2     4     6     1     0     0     0     1     1     0     1   852     0
   831     1     1     2     2     4     6     8     1     1     1     1     1     2     0     1   642     0
   832     1     1     2     2     4     6     8     1     1     1     0     0     1     0     0   863     0
   833     1     3     1     6     8     2     4     1     1     1     1     1     2     0     0   745     0
   834     1     3     1     6     8     2     4     0     1     0     1     0     1     1     0   743     0
   835     2     7     0     5     7     1     3     1     0     0     1     1     3     1     1   827     0
   836     2     7     0     5     7     1     3     0     1     0     1     1     1     1     1   608     0
   837     2     8     1     7     1     3     5     0     1     1     0     1     2     0     0   822     0
   838     1     1     2     2     4     6     8     0     0     1     1     0     3     0     1   919     0
   839     2     7     0     5     7     1     3     1     1     0     1     1     3     1     1   874     0
   840     2     7     0     5     7     1     3     1     1     0     0     1     1     0     0   587     0
   841     1     3     1     6     8     2     4     0     1     0     1     0     3     1     0  1500     2
   842     2     8     1     7     1     3     5     1     1     1     1     1     3     1     0   508     0
   843     2     7     0     5     7     1     3     1     1     1     1     0     2     0     0   558     0
   844     2     6     2     3     5     7     1     0     1     1     1     1     2     1     0   627     0
   845     2     6     2     3     5     7     1     1     0     0     0     0     1     1     1   796     0
   846     2     7     0     5     7     1     3     0     1     0     1     0     2     1     1   703     0
   847     1     4     1     8     2     4     6     1     0     0     1     1     3     1     1   791     0
   848     1     3     1     6     8     2     4     0     1     0     1     0     2     1     1   574     0
   849     2     8     1     7     1     3     5     1     1     1     1     1     3     1     0   573     0
   850     2     6     2     3     5     7     1     1     1     0     0     0     2     0     0   658     0
   851     2     8     1     7     1     3     5     1     1     1     0     0     2     0     0   655     0
   852     2     7     0     5     7     1     3     1     0     1     1     0     2     0     1   702     0
   853     1     1     2     2     4     6     8     0     1     0     1     0     3     1     1   644     0
   854     1     1     2     2     4     6     8     0     1     0     0     1     1     0     0   726     0
   855     2     8     1     7     1     3     5     0     1     1     1     0     3     0     0   441     0
   856     1     3     1     6     8     2     4     1     0     0     1     0     3     1     1   682     0
   857     2     7     0     5     7     1     3     0     1     1     1     1     3     1     1   568     0
   858     1     4     1     8     2     4     6     0     0     1     1     1     3     0     1   776     0
   859     1     1     2     2     4     6     8     0     1     0     0     1     2     0     1   561     0
   860     1     2     2     4     6     8     2     0     0     1     1     0     2     0     1   573     0
   861     2     6     2     3     5     7     1     1     0     0     1     1     3     1     0   628     0
   862     2     5     0     1     3     5     7     1     0     1     1     1     2     0     0   766     0
   863     2     7     0     5     7     1     3     0     0     0     1     1     2     1     0   646     0
   864     2     8     1     7     1     3     5     0     0     0     1     0     2     0     0   588     0
   865     1     4     1     8     2     4     6     0     0     1     1     0     3     0     0   680     0
   866     1     1     2     2     4     6     8     1     0     1     0     1     2     1     0   706     0
   867     1     2     2     4     6     8     2     0     0     1     0     0     2     1     0   589     0
   868     1     2     2     4     6     8     2     1     1     1     1     0     1     1     1   698     0
   869     1     1     2     2     4     6     8     0     1     1     1     0     2     1     0   796     0
   870     1     1     2     2     4     6     8     1     0     0     0     1     1     1     1   524     0
   871     2     5     0     1     3     5     7     0     0     1     1     1     3     1     0   607     0
   872     2     5     0     1     3     5     7     1     0     1     1     1     1     1     0   615     0
   873     1     1     2     2     4     6     8     0     0     1     0     1     3     1     0   500     0
   874     1     1     2     2     4     6     8     0     1     1     0     1     1     0     1   618     0
   875     1     1     2     2     4     6     8     0     0     0     0     1     1     0     1   795     0
   876     1     1     2     2     4     6     8     0     0     0     1     1     1     0     0   695     0
   877     2     7     0     5     7     1     3     1     0     0     0     0     3     1     0   641     0
   878     2     7     0     5     7     1     3     1     1     0     1     1     1     0     1   543     0
   879     2     7     0     5     7     1     3     1     1     0     0     1     1     0     0   678     0
   880     2     7     0     5     7     1     3     1     1     0     0     1     1     0     0   528     0
   881     1     1     2     2     4     6     8     0     1     1     0     0     3     1     0   782     0
   882     1     1     2     2     4     6     8     0     1     1     0     0     1     0     0   698     0
   883     1     3     1     6     8     2     4     1     1     1     1     1     2     1     0   560     0
   884     1     3     1     6     8     2     4     0     1     0     0     0     1     1     0   640     0
   885     2     7     0     5     7     1     3     1     1     1     1     0     3     1     0   413     0
   886     2     7     0     5     7     1     3     0     1     1     1     0     1     1     0   623     0
   887     2     5     0     1     3     5     7     0     1     0     1     1     2     0     0   560     0
   888     2     5     0     1     3     5     7     0     0     1     0     0     1     0     1   728     0
   889     1     3     1     6     8     2     4     0     0     1     1     0     3     0     0   882     0
   890     2     6     2     3     5     7     1     1     0     1     1     1     3     1     0   521     0
   891     1     3     1     6     8     2     4     1     1     0     1     0     3     0     1   524     0
   892     1     2     2     4     6     8     2     1     0     0     1     0     2     0     1   626     0
   893     1     3     1     6     8     2     4     1     1     1     1     1     2     0     1   500     0
   894     1     3     1     6     8     2     4     0     0     0     0     1     1     1     1   638     0
   895     1     2     2     4     6     8     2     1     1     0     1     0     2     1     1   607     0
   896     1     1     2     2     4     6     8     0     0     1     0     1     2     1     1   827     0
