     1     1     1     2     2     4     6     8     1     0     0     1     1     1     1     0  1311     0
     2     1     1     2     2     4     6     8     1     1     0     0     1     1     0     1   510     0
     3     2     6     2     3     5     7     1     1     0     1     1     0     3     0     1   505     0
     4     2     7     0     5     7     1     3     0     0     0     1     0     2     1     0   624     0
     5     1     3     1     6     8     2     4     0     0     0     1     0     3     0     0   446     0
     6     2     6     2     3     5     7     1     1     0     1     0     0     3     1     0   815     0
     7     2     8     1     7     1     3     5     0     0     1     0     0     2     1     0   922     0
     8     2     8     1     7     1     3     5     1     1     1     0     1     1     1     1   492     0
     9     1     4     1     8     2     4     6     0     0     0     1     0     3     1     1   488     0
    10     1     4     1     8     2     4     6     0     0     1     0     0     1     0     0   550     0
    11     1     1     2     2     4     6     8     0     1     0     0     1     2     0     1   536     1
    12     1     1     2     2     4     6     8     0     0     0     0     0     1     0     1   602     0
    13     1     4     1     8     2     4     6     0     0     1     1     1     2     0     0   887     0
    14     1     4     1     8     2     4     6     0     0     1     1     1     1     0     0   617     0
    15     1     4     1     8     2     4     6     0     0     1     0     0     1     0     0   454     0
    16     2     7     0     5     7     1     3     1     1     1     0     1     3     1     1   783     0
    17     1     1     2     2     4     6     8     0     1     0     0     1     3     1     0   516     0
    18     1     1     2     2     4     6     8     0     1     0     0     0     1     0     0   790     0
    19     1     4     1     8     2     4     6     1     0     0     0     1     2     1     1   543     0
    20     1     4     1     8     2     4     6     0     0     1     0     1     1     1     0   710     0
    21     1     3     1     6     8     2     4     1     0     0     0     0     2     1     0   656     1
    22     1     3     1     6     8     2     4     0     0     0     0     1     1     1     0   696     0
    23     2     6     2     3     5     7     1     1     0     0     0     0     3     1     0   611     0
    24     2     6     2     3     5     7     1     1     1     0     1     0     1     0     1   468     0
    25     2     8     1     7     1     3     5     1     0     1     1     0     2     0     1   670     0
    26     2     7     0     5     7     1     3     0     1     0     0     0     2     1     1   688     0
    27     2     7     0     5     7     1     3     0     1     0     0     0     1     0     0   684     0
    28     2     7     0     5     7     1     3     1     1     0     1     0     1     1     0   625     0
    29     1     4     1     8     2     4     6     0     1     0     1     1     3     1     0   634     0
    30     1     4     1     8     2     4     6     1     1     1     1     0     1     1     0   660     0
    31     1     4     1     8     2     4     6     0     0     1     1     1     1     1     1   646     0
    32     1     1     2     2     4     6     8     1     0     0     1     1     2     1     0   693     1
    33     2     7     0     5     7     1     3     0     0     1     0     0     3     1     0   939     1
    34     2     7     0     5     7     1     3     0     1     1     1     1     1     0     1  1077     0
    35     2     7     0     5     7     1     3     0     1     1     1     0     1     0     0   619     0
    36     2     8     1     7     1     3     5     0     1     1     0     0     2     0     0   573     0
    37     2     5     0     1     3     5     7     1     0     1     0     1     2     1     1   811     0
    38     2     6     2     3     5     7     1     1     0     1     0     0     2     0     0   677     0
    39     1     3     1     6     8     2     4     0     1     0     1     1     3     1     1   615     0
    40     1     3     1     6     8     2     4     0     0     1     0     0     1     0     1   651     0
    41     2     6     2     3     5     7     1     0     0     0     1     0     3     0     0   656     0
    42     2     6     2     3     5     7     1     1     0     1     0     1     1     1     0   594     0
    43     2     5     0     1     3     5     7     0     0     1     0     0     2     1     0  1057     1
    44     1     2     2     4     6     8     2     1     1     1     1     1     3     1     1   813     0
    45     2     5     0     1     3     5     7     1     0     0     0     0     3     0     1   803     0
    46     2     5     0     1     3     5     7     1     1     1     0     1     1     0     1   524     0
    47     1     1     2     2     4     6     8     0     0     0     1     1     3     1     1   633     0
    48     1     1     2     2     4     6     8     0     1     0     1     1     1     0     1   567     0
    49     1     3     1     6     8     2     4     0     1     1     0     1     2     0     0   566     0
    50     1     3     1     6     8     2     4     0     0     1     1     0     1     0     1   561     0
    51     1     1     2     2     4     6     8     1     1     1     0     1     2     1     1   554     1
    52     1     1     2     2     4     6     8     1     0     0     0     0     1     0     1   934     0
    53     1     2     2     4     6     8     2     0     0     0     0     1     2     1     0   892     0
    54     1     1     2     2     4     6     8     1     0     0     1     1     2     1     0   639     1
    55     1     4     1     8     2     4     6     0     0     1     1     0     2     1     0   688     0
    56     1     4     1     8     2     4     6     0     1     1     1     0     1     0     1   644     1
    57     1     3     1     6     8     2     4     1     1     0     1     1     2     1     0  1074     0
    58     1     3     1     6     8     2     4     0     0     1     0     0     1     1     1  1019     0
    59     1     3     1     6     8     2     4     1     1     1     1     1     1     1     1   641     0
    60     1     4     1     8     2     4     6     1     1     1     0     1     2     0     0   616     0
    61     1     1     2     2     4     6     8     0     1     0     1     1     2     1     0   660     0
    62     1     1     2     2     4     6     8     0     0     1     0     0     1     0     1   551     0
    63     1     3     1     6     8     2     4     0     0     1     0     1     2     0     0   672     0
    64     2     8     1     7     1     3     5     0     0     0     0     0     3     0     0   730     0
    65     1     4     1     8     2     4     6     0     1     1     1     1     3     0     1   678     0
    66     1     1     2     2     4     6     8     1     0     1     0     1     2     1     1   684     0
    67     2     8     1     7     1     3     5     0     1     0     0     1     3     1     1   630     0
    68     1     3     1     6     8     2     4     0     0     1     0     1     3     0     1   542     0
    69     1     4     1     8     2     4     6     0     0     1     0     0     2     0     0   651     0
    70     2     7     0     5     7     1     3     1     0     1     0     0     3     1     0   611     1
    71     1     3     1     6     8     2     4     0     0     0     0     0     3     1     0   580     0
    72     1     4     1     8     2     4     6     1     1     1     1     0     2     1     1   716     0
    73     2     5     0     1     3     5     7     1     0     1     0     1     3     0     1   664     0
    74     2     5     0     1     3     5     7     1     0     1     1     0     1     0     0   562     0
    75     1     2     2     4     6     8     2     1     0     0     1     1     3     0     0   538     0
    76     1     4     1     8     2     4     6     1     0     1     0     0     2     0     0   502     0
    77     1     2     2     4     6     8     2     1     1     1     1     1     2     0     1   605     0
    78     1     2     2     4     6     8     2     0     1     0     0     0     1     1     0   757     1
    79     2     7     0     5     7     1     3     1     1     0     1     1     3     1     0  1166     0
    80     2     7     0     5     7     1     3     1     1     1     1     1     1     0     0   533     0
    81     2     8     1     7     1     3     5     0     0     0     1     1     2     1     1   897     0
    82     2     8     1     7     1     3     5     1     1     1     0     1     1     1     1   607     0
    83     2     5     0     1     3     5     7     1     1     0     0     1     2     0     0   509     1
    84     2     5     0     1     3     5     7     0     1     0     0     0     1     1     0   821     0
    85     2     7     0     5     7     1     3     0     0     0     0     0     2     0     1   786     0
    86     2     8     1     7     1     3     5     0     1     1     1     0     2     0     1   705     0
    87     1     4     1     8     2     4     6     0     0     0     0     0     3     0     1   554     0
    88     2     5     0     1     3     5     7     0     1     1     1     0     3     0     1   667     0
    89     2     8     1     7     1     3     5     0     1     0     1     0     2     0     0   523     0
    90     2     6     2     3     5     7     1     0     0     1     0     0     2     0     1   589     0
    91     2     5     0     1     3     5     7     1     1     0     1     1     2     1     1   769     0
    92     1     4     1     8     2     4     6     1     0     0     1     0     3     0     1   676     0
    93     2     6     2     3     5     7     1     0     0     0     0     0     3     1     0   736     0
    94     1     3     1     6     8     2     4     1     0     1     0     0     3     1     0   841     0
    95     2     6     2     3     5     7     1     0     0     1     0     0     3     1     0   891     0
    96     2     6     2     3     5     7     1     0     1     1     1     0     1     0     1   568     0
    97     1     2     2     4     6     8     2     0     1     1     1     1     3     0     0   921     0
    98     1     2     2     4     6     8     2     0     0     1     0     1     1     0     1   565     0
    99     2     5     0     1     3     5     7     0     0     0     0     0     3     0     0   612     0
   100     2     7     0     5     7     1     3     0     0     1     1     1     2     0     0   775     0
   101     2     8     1     7     1     3     5     0     0     0     0     1     2     0     0   574     0
   102     2     5     0     1     3     5     7     1     0     0     0     1     2     1     0   818     0
   103     1     4     1     8     2     4     6     0     0     1     1     1     3     1     0   648     0
   104     1     4     1     8     2     4     6     1     0     0     0     0     1     1     0   541     0
   105     2     5     0     1     3     5     7     0     1     0     0     0     3     1     1   816     1
   106     2     6     2     3     5     7     1     1     0     1     0     0     2     1     1   789     0
   107     2     8     1     7     1     3     5     1     0     1     0     0     2     0     0   963     0
   108     2     8     1     7     1     3     5     0     0     0     1     0     1     1     0   793     0
   109     1     1     2     2     4     6     8     1     1     0     0     1     3     1     1   812     0
   110     1     1     2     2     4     6     8     0     0     0     0     1     1     1     1   738     0
   111     2     7     0     5     7     1     3     0     0     0     0     0     3     0     0   816     0
   112     1     2     2     4     6     8     2     0     0     0     1     1     3     0     0   532     0
   113     1     3     1     6     8     2     4     1     1     1     0     1     2     1     1   752     1
   114     1     4     1     8     2     4     6     1     0     0     1     0     2     0     1   642     0
   115     1     1     2     2     4     6     8     1     0     0     0     0     2     0     0   515     0
   116     1     2     2     4     6     8     2     0     0     0     1     1     2     1     0   749     0
   117     2     6     2     3     5     7     1     1     0     0     0     0     3     1     0   781     0
   118     2     6     2     3     5     7     1     1     1     0     0     1     1     0     1   684     0
   119     2     6     2     3     5     7     1     1     0     0     1     0     1     0     1   590     0
   120     1     1     2     2     4     6     8     0     0     1     1     0     3     1     0   925     0
   121     2     6     2     3     5     7     1     0     0     1     0     1     3     0     0   533     0
   122     2     6     2     3     5     7     1     1     1     0     0     0     1     1     1   539     0
   123     1     1     2     2     4     6     8     0     0     0     0     1     3     1     1   573     0
   124     1     1     2     2     4     6     8     1     1     0     0     0     1     1     1  1029     0
   125     2     8     1     7     1     3     5     0     1     1     0     1     3     1     0   868     1
   126     2     7     0     5     7     1     3     1     1     0     1     1     2     1     0   683     0
   127     2     6     2     3     5     7     1     0     0     0     0     0     2     1     1   577     0
   128     2     6     2     3     5     7     1     1     0     0     0     1     1     1     0   587     0
   129     2     8     1     7     1     3     5     0     0     1     0     1     2     1     0   511     0
   130     2     5     0     1     3     5     7     1     1     0     1     1     2     1     1   711     0
   131     2     7     0     5     7     1     3     0     1     0     1     1     2     1     0   822     0
   132     2     5     0     1     3     5     7     1     1     1     1     1     2     1     0   624     0
   133     1     2     2     4     6     8     2     0     0     0     1     1     3     1     1   615     0
   134     1     3     1     6     8     2     4     0     1     1     1     1     2     0     1   636     0
   135     2     8     1     7     1     3     5     1     1     0     0     1     3     1     0   611     0
   136     2     5     0     1     3     5     7     1     0     0     1     0     2     0     1   722     0
   137     2     5     0     1     3     5     7     0     1     1     0     0     1     1     1   756     0
   138     2     5     0     1     3     5     7     1     0     0     0     0     1     1     1   615     0
   139     1     3     1     6     8     2     4     1     1     1     0     0     3     0     1   746     0
   140     1     3     1     6     8     2     4     0     0     1     1     0     1     1     1   843     0
   141     1     4     1     8     2     4     6     1     0     1     0     1     2     1     0   704     0
   142     1     4     1     8     2     4     6     1     0     1     1     0     1     0     0   584     0
   143     2     8     1     7     1     3     5     1     0     1     1     0     3     0     0   574     0
   144     2     7     0     5     7     1     3     1     1     0     1     0     2     0     1   586     0
   145     2     8     1     7     1     3     5     0     1     0     0     0     2     1     0   623     0
   146     2     8     1     7     1     3     5     0     1     0     1     1     1     0     0   541     0
   147     1     1     2     2     4     6     8     1     1     0     1     0     3     1     0   581     0
   148     1     1     2     2     4     6     8     0     0     0     1     1     1     1     1   654     0
   149     2     6     2     3     5     7     1     0     1     0     1     0     3     0     1   483     0
   150     2     6     2     3     5     7     1     1     1     0     1     0     1     1     0   496     0
   151     1     1     2     2     4     6     8     1     1     1     0     1     3     0     0   514     0
   152     1     1     2     2     4     6     8     1     1     1     0     1     1     0     0   423     0
   153     2     8     1     7     1     3     5     0     0     0     1     1     3     1     1   785     0
   154     1     3     1     6     8     2     4     0     0     0     1     1     3     0     0   542     1
   155     1     2     2     4     6     8     2     1     1     1     0     1     2     1     1   590     1
   156     1     2     2     4     6     8     2     0     1     0     0     1     1     1     0   817     0
   157     2     7     0     5     7     1     3     1     1     1     1     1     3     1     0   590     0
   158     2     7     0     5     7     1     3     1     0     0     0     1     1     0     1   783     0
   159     2     7     0     5     7     1     3     1     1     1     0     1     1     0     1   628     0
   160     2     7     0     5     7     1     3     0     1     1     0     1     1     1     0   518     0
   161     1     3     1     6     8     2     4     0     1     0     1     0     3     0     0   890     0
   162     1     4     1     8     2     4     6     1     1     0     0     1     2     1     0   718     0
   163     1     2     2     4     6     8     2     0     1     0     0     1     2     1     0   525     0
   164     1     2     2     4     6     8     2     0     0     1     0     0     1     0     1   512     0
   165     2     6     2     3     5     7     1     1     0     1     1     0     3     1     0   700     0
   166     2     6     2     3     5     7     1     0     1     0     0     0     1     1     1   513     0
   167     1     4     1     8     2     4     6     0     1     0     1     0     3     0     0   557     0
   168     2     7     0     5     7     1     3     1     1     1     1     1     3     1     0   494     0
   169     1     1     2     2     4     6     8     0     0     0     0     0     3     1     1   691     0
   170     1     1     2     2     4     6     8     1     0     1     0     1     1     1     0   525     0
   171     2     7     0     5     7     1     3     1     1     1     1     1     3     0     1   481     0
   172     2     7     0     5     7     1     3     1     0     0     0     0     1     0     1   586     0
   173     1     3     1     6     8     2     4     0     1     0     0     0     3     1     1   831     0
   174     1     1     2     2     4     6     8     1     0     0     1     1     2     1     1   663     0
   175     1     4     1     8     2     4     6     1     1     1     0     1     2     0     1   557     0
   176     1     4     1     8     2     4     6     0     1     0     1     1     1     1     0   534     0
   177     2     6     2     3     5     7     1     1     1     1     1     0     3     1     0   646     1
   178     2     6     2     3     5     7     1     1     0     1     1     1     1     0     1   612     0
   179     1     4     1     8     2     4     6     1     0     1     1     0     3     0     0   636     1
   180     1     3     1     6     8     2     4     0     0     1     0     1     2     1     0  1076     0
   181     1     2     2     4     6     8     2     0     1     0     0     1     2     0     1   882     0
   182     1     2     2     4     6     8     2     0     0     0     0     1     1     0     1   696     0
   183     1     4     1     8     2     4     6     1     0     0     0     1     2     1     0   828     0
   184     1     1     2     2     4     6     8     1     1     1     1     0     2     0     1   689     0
   185     1     2     2     4     6     8     2     0     0     1     0     1     2     1     1   615     0
   186     1     2     2     4     6     8     2     1     1     0     1     0     1     1     1   464     0
   187     2     5     0     1     3     5     7     1     0     1     0     0     3     0     1   751     0
   188     1     2     2     4     6     8     2     1     1     0     1     1     3     0     1   546     0
   189     1     2     2     4     6     8     2     0     1     1     0     1     1     1     0   505     0
   190     1     2     2     4     6     8     2     1     0     1     1     0     1     1     1   530     0
   191     2     6     2     3     5     7     1     1     0     1     1     1     3     0     0   553     1
   192     2     8     1     7     1     3     5     0     1     0     1     0     2     1     1   641     0
   193     1     2     2     4     6     8     2     1     0     0     1     1     3     1     1   629     0
   194     1     2     2     4     6     8     2     0     1     1     1     0     1     1     1   679     0
   195     2     5     0     1     3     5     7     0     1     1     1     0     3     0     0   528     1
   196     2     7     0     5     7     1     3     1     0     1     0     1     2     1     1   604     0
   197     2     5     0     1     3     5     7     0     0     1     0     1     2     1     0   889     0
   198     2     5     0     1     3     5     7     1     0     1     0     0     1     1     0   547     0
   199     2     6     2     3     5     7     1     1     0     0     1     1     2     0     0   538     0
   200     2     6     2     3     5     7     1     0     0     0     0     0     1     1     0   514     0
   201     1     4     1     8     2     4     6     1     1     1     0     0     3     1     1   567     0
   202     1     4     1     8     2     4     6     0     1     0     1     0     1     1     0   596     0
   203     1     3     1     6     8     2     4     0     0     0     1     1     2     0     1   662     0
   204     2     6     2     3     5     7     1     0     0     1     1     0     3     0     0   671     0
   205     1     1     2     2     4     6     8     0     1     1     1     0     3     0     1   801     0
   206     1     1     2     2     4     6     8     1     0     0     0     1     1     1     1   642     0
   207     2     8     1     7     1     3     5     0     0     1     0     1     3     1     0   815     0
   208     2     5     0     1     3     5     7     1     1     0     1     1     2     1     1   584     0
   209     1     2     2     4     6     8     2     0     0     0     0     0     3     1     1   600     0
   210     1     2     2     4     6     8     2     0     0     0     0     1     1     0     0   668     0
   211     1     3     1     6     8     2     4     1     1     0     0     0     2     1     1   608     0
   212     2     8     1     7     1     3     5     0     1     1     1     0     3     1     0   752     1
   213     1     4     1     8     2     4     6     0     1     0     1     1     3     0     0   705     0
   214     1     4     1     8     2     4     6     0     0     0     0     1     1     0     1   494     0
   215     2     7     0     5     7     1     3     1     0     1     0     1     3     1     0   625     0
   216     2     7     0     5     7     1     3     1     1     0     1     1     1     0     1   613     0
   217     2     8     1     7     1     3     5     0     0     0     0     0     2     1     1   477     0
   218     2     5     0     1     3     5     7     0     1     1     1     1     2     0     1   558     1
   219     2     5     0     1     3     5     7     0     0     1     1     1     1     0     1   605     0
   220     2     5     0     1     3     5     7     0     0     1     0     1     1     0     0   591     1
   221     1     1     2     2     4     6     8     1     0     1     0     0     3     1     0   727     0
   222     1     1     2     2     4     6     8     1     1     0     1     1     1     0     1   888     0
   223     2     5     0     1     3     5     7     1     1     0     1     1     3     0     0   611     0
   224     2     5     0     1     3     5     7     1     0     1     1     0     1     0     1   584     0
   225     2     7     0     5     7     1     3     1     0     0     0     1     2     0     0   592     0
   226     2     5     0     1     3     5     7     0     1     1     1     0     2     1     1   598     0
   227     1     3     1     6     8     2     4     1     0     0     0     0     3     1     1   544     1
   228     1     3     1     6     8     2     4     1     0     0     1     1     1     0     0   616     0
   229     1     1     2     2     4     6     8     1     0     0     0     1     2     0     0   467     0
   230     2     8     1     7     1     3     5     0     1     0     0     0     3     1     1   646     0
   231     1     1     2     2     4     6     8     1     0     1     1     0     3     1     1   505     0
   232     1     2     2     4     6     8     2     0     1     0     0     0     2     1     1   690     0
   233     1     2     2     4     6     8     2     0     0     0     0     1     1     0     1   657     0
   234     1     3     1     6     8     2     4     1     1     0     1     1     2     1     1   512     0
   235     2     7     0     5     7     1     3     0     1     1     0     0     3     1     0   677     1
   236     2     7     0     5     7     1     3     1     1     0     1     0     1     1     0  1008     1
   237     2     7     0     5     7     1     3     0     0     1     1     0     1     1     1   750     0
   238     2     7     0     5     7     1     3     1     0     1     1     0     1     1     0   873     0
   239     1     1     2     2     4     6     8     0     0     0     1     1     3     1     0   742     0
   240     1     2     2     4     6     8     2     0     0     0     1     1     2     0     0   552     0
   241     1     1     2     2     4     6     8     1     1     0     0     1     2     1     1   675     0
   242     1     4     1     8     2     4     6     1     1     0     1     0     2     0     0   667     0
   243     1     2     2     4     6     8     2     0     0     1     0     0     2     1     1   556     0
   244     2     7     0     5     7     1     3     1     1     0     1     1     3     1     1   494     0
   245     2     8     1     7     1     3     5     1     1     0     0     1     2     0     0   566     1
   246     2     8     1     7     1     3     5     0     1     0     1     0     1     1     0   597     0
   247     2     6     2     3     5     7     1     1     0     1     1     0     2     1     1   524     0
   248     2     7     0     5     7     1     3     0     1     1     1     1     2     1     1   513     0
   249     2     5     0     1     3     5     7     1     0     1     0     1     2     1     1   668     0
   250     2     5     0     1     3     5     7     0     0     0     0     0     1     1     0   514     0
   251     2     6     2     3     5     7     1     1     0     1     1     0     2     1     0   562     0
   252     2     6     2     3     5     7     1     0     1     1     0     0     1     1     1   493     0
   253     1     1     2     2     4     6     8     1     1     0     0     1     3     1     0   753     0
   254     1     1     2     2     4     6     8     1     0     0     1     1     1     0     1   581     0
   255     2     8     1     7     1     3     5     1     1     1     0     1     3     0     1   544     0
   256     2     6     2     3     5     7     1     0     1     0     0     1     2     1     0   672     0
   257     2     7     0     5     7     1     3     1     1     0     1     1     2     1     0   544     0
   258     2     5     0     1     3     5     7     1     0     0     0     1     2     0     1   763     0
   259     2     7     0     5     7     1     3     1     0     0     0     1     2     0     0   611     0
   260     1     4     1     8     2     4     6     1     1     1     1     0     3     0     1   573     0
   261     2     5     0     1     3     5     7     1     0     1     0     1     3     0     1   721     0
   262     2     6     2     3     5     7     1     1     1     1     0     1     2     0     1   557     1
   263     2     7     0     5     7     1     3     0     1     0     1     0     2     1     0   786     0
   264     2     8     1     7     1     3     5     0     1     0     0     1     2     0     0   644     0
   265     1     3     1     6     8     2     4     0     1     1     1     0     3     0     0   584     0
   266     1     3     1     6     8     2     4     0     1     0     1     0     1     0     0   573     0
   267     1     4     1     8     2     4     6     1     1     1     1     0     2     1     0   656     0
   268     1     1     2     2     4     6     8     1     1     0     0     1     2     0     0   460     0
   269     1     2     2     4     6     8     2     0     0     1     0     1     2     1     1   808     1
   270     1     2     2     4     6     8     2     0     0     0     0     0     1     0     0   969     0
   271     2     7     0     5     7     1     3     1     1     1     1     1     3     1     1   610     0
   272     2     7     0     5     7     1     3     0     1     1     1     1     1     1     0   569     0
   273     1     2     2     4     6     8     2     0     1     1     1     0     3     0     0   496     0
   274     1     2     2     4     6     8     2     1     1     1     0     0     1     1     0   526     0
   275     1     3     1     6     8     2     4     0     0     1     0     0     2     1     1   608     0
   276     1     2     2     4     6     8     2     0     1     1     0     1     2     0     1   432     0
   277     2     7     0     5     7     1     3     0     1     1     0     0     3     0     0  1061     1
   278     2     7     0     5     7     1     3     1     0     1     1     0     1     1     1   627     0
   279     1     3     1     6     8     2     4     1     0     0     0     0     3     0     0   813     0
   280     1     3     1     6     8     2     4     0     0     0     1     1     1     1     0   679     0
   281     1     4     1     8     2     4     6     0     1     0     1     1     2     0     1   511     0
   282     1     4     1     8     2     4     6     1     1     1     1     1     1     1     0   514     0
   283     1     1     2     2     4     6     8     1     1     0     0     1     2     0     0   568     0
   284     1     1     2     2     4     6     8     0     1     0     1     0     1     1     0   677     0
   285     2     5     0     1     3     5     7     0     1     0     0     0     3     0     0   458     0
   286     2     5     0     1     3     5     7     0     1     1     0     0     1     0     0   442     0
   287     1     3     1     6     8     2     4     1     1     1     1     1     3     1     0   512     0
   288     1     3     1     6     8     2     4     1     0     0     1     0     1     0     1   764     0
   289     1     2     2     4     6     8     2     1     1     1     1     1     2     0     1   434     0
   290     2     5     0     1     3     5     7     0     1     0     1     1     3     1     0   506     0
   291     1     1     2     2     4     6     8     1     1     0     1     1     3     1     0   515     0
   292     2     6     2     3     5     7     1     1     0     0     1     0     3     0     1   456     0
   293     2     6     2     3     5     7     1     1     0     0     0     0     1     0     0   489     0
   294     2     6     2     3     5     7     1     0     0     0     1     1     1     1     0   623     0
   295     2     6     2     3     5     7     1     0     0     0     1     1     1     0     0   468     0
   296     2     6     2     3     5     7     1     1     1     1     0     1     1     1     1   501     0
   297     2     5     0     1     3     5     7     1     1     0     0     0     2     0     0   804     0
   298     1     4     1     8     2     4     6     1     1     0     1     1     3     0     0   608     0
   299     2     6     2     3     5     7     1     1     1     1     1     1     3     0     0   514     0
   300     2     6     2     3     5     7     1     1     1     0     0     1     1     0     0   426     0
   301     2     5     0     1     3     5     7     0     1     1     0     0     2     1     0   540     1
   302     2     6     2     3     5     7     1     0     1     0     0     0     2     0     0   440     0
   303     2     5     0     1     3     5     7     1     0     1     1     1     2     1     1   678     0
   304     2     5     0     1     3     5     7     0     0     1     1     1     1     1     0   694     0
   305     1     3     1     6     8     2     4     0     1     0     1     0     3     0     1   678     0
   306     1     3     1     6     8     2     4     0     0     0     1     1     1     0     1   577     1
   307     1     4     1     8     2     4     6     0     1     0     1     0     2     0     1   569     0
   308     1     1     2     2     4     6     8     1     1     0     1     0     2     1     0   683     0
   309     1     1     2     2     4     6     8     0     0     1     0     1     1     1     1   682     0
   310     1     3     1     6     8     2     4     1     1     0     1     0     2     1     1   928     0
   311     2     6     2     3     5     7     1     1     0     1     0     0     3     0     1   790     0
   312     2     7     0     5     7     1     3     0     1     1     0     1     2     1     1   643     0
   313     2     5     0     1     3     5     7     1     1     1     1     1     2     1     0   631     0
   314     2     5     0     1     3     5     7     1     0     0     1     1     1     0     1   487     1
   315     1     2     2     4     6     8     2     1     1     1     0     1     3     0     1   771     1
   316     1     2     2     4     6     8     2     0     1     1     1     0     1     1     0   865     1
   317     1     2     2     4     6     8     2     1     0     0     0     0     1     1     1   657     0
   318     1     3     1     6     8     2     4     1     0     0     1     0     2     0     0   561     0
   319     1     3     1     6     8     2     4     1     1     1     0     1     1     0     1   608     0
   320     1     3     1     6     8     2     4     1     0     0     0     0     1     0     1   683     0
   321     1     3     1     6     8     2     4     1     1     1     0     0     1     0     1   511     0
   322     1     3     1     6     8     2     4     0     0     1     1     0     1     1     1   731     0
   323     1     1     2     2     4     6     8     0     0     1     0     0     2     0     0   565     0
   324     1     4     1     8     2     4     6     1     0     1     1     0     2     1     0   602     1
   325     2     5     0     1     3     5     7     0     1     0     0     0     3     1     1   600     0
   326     2     8     1     7     1     3     5     0     1     0     1     0     2     0     0   530     0
   327     2     5     0     1     3     5     7     1     0     1     1     0     2     1     1   625     0
   328     2     5     0     1     3     5     7     1     1     0     1     0     1     0     1   608     0
   329     1     2     2     4     6     8     2     0     1     1     1     1     3     1     0   715     0
   330     1     2     2     4     6     8     2     1     0     1     1     1     1     1     1   648     0
   331     2     6     2     3     5     7     1     0     0     1     0     1     3     1     0   540     0
   332     2     6     2     3     5     7     1     0     0     0     1     0     1     0     0   477     0
   333     1     2     2     4     6     8     2     0     0     0     1     0     3     0     0   640     0
   334     1     1     2     2     4     6     8     1     0     0     0     0     2     1     0   498     0
   335     1     4     1     8     2     4     6     0     0     0     1     1     2     1     0   735     0
   336     1     2     2     4     6     8     2     1     0     0     0     0     2     1     0   496     0
   337     2     5     0     1     3     5     7     0     1     0     1     0     3     1     1   688     0
   338     2     5     0     1     3     5     7     1     0     0     0     1     1     1     1   539     0
   339     1     1     2     2     4     6     8     1     1     0     1     1     3     0     1   568     0
   340     1     4     1     8     2     4     6     1     0     1     0     0     2     0     1   578     0
   341     1     4     1     8     2     4     6     1     0     0     1     1     1     0     0   559     0
   342     1     4     1     8     2     4     6     0     1     0     0     1     1     1     1   594     0
   343     1     1     2     2     4     6     8     1     1     1     0     0     2     1     0   600     0
   344     1     1     2     2     4     6     8     1     1     1     1     1     1     0     0   549     0
   345     1     2     2     4     6     8     2     0     0     0     0     1     2     1     1   838     0
   346     2     5     0     1     3     5     7     1     1     0     0     0     3     1     1   774     0
   347     2     8     1     7     1     3     5     0     0     1     0     1     2     1     1   502     0
   348     2     8     1     7     1     3     5     1     1     0     0     1     1     1     1   516     0
   349     1     3     1     6     8     2     4     0     0     0     1     1     3     1     1   742     1
   350     1     3     1     6     8     2     4     1     1     0     0     1     1     1     1   700     0
   351     2     7     0     5     7     1     3     1     1     1     1     1     3     0     0   526     0
   352     2     7     0     5     7     1     3     1     0     1     0     0     1     0     1   735     0
   353     1     4     1     8     2     4     6     0     1     0     0     1     3     1     1   624     1
   354     1     4     1     8     2     4     6     1     1     1     0     1     1     1     0   529     0
   355     1     3     1     6     8     2     4     0     0     0     1     0     2     1     1   723     0
   356     1     3     1     6     8     2     4     0     0     0     1     1     1     0     0   578     0
   357     1     3     1     6     8     2     4     1     0     0     0     0     1     1     0   553     0
   358     1     3     1     6     8     2     4     0     0     0     0     0     1     1     0   554     0
   359     1     3     1     6     8     2     4     1     0     0     0     1     1     1     0   563     0
   360     1     3     1     6     8     2     4     0     0     0     1     0     1     1     0   519     0
   361     2     7     0     5     7     1     3     0     1     0     0     1     3     0     1   676     0
   362     2     7     0     5     7     1     3     0     0     0     0     1     1     0     1   581     0
   363     1     4     1     8     2     4     6     1     0     0     0     0     3     1     0   648     0
   364     1     4     1     8     2     4     6     0     0     0     1     0     1     1     0   570     0
   365     1     4     1     8     2     4     6     1     0     0     1     1     1     1     0   585     0
   366     1     1     2     2     4     6     8     0     0     0     1     0     2     1     0   557     0
   367     1     3     1     6     8     2     4     0     1     1     0     1     2     0     1   566     0
   368     1     3     1     6     8     2     4     1     1     1     0     1     1     1     0   712     0
   369     2     6     2     3     5     7     1     1     1     1     0     1     3     0     0   469     0
   370     2     7     0     5     7     1     3     0     1     1     0     0     2     1     0   665     0
   371     1     2     2     4     6     8     2     1     1     0     0     0     3     1     0   558     0
   372     2     7     0     5     7     1     3     1     0     0     1     0     3     0     1   594     0
   373     1     1     2     2     4     6     8     0     1     0     0     1     3     1     1   574     0
   374     2     8     1     7     1     3     5     0     0     1     0     1     3     0     1   485     1
   375     1     2     2     4     6     8     2     1     0     0     1     1     3     1     0   807     0
   376     1     3     1     6     8     2     4     1     0     0     0     0     2     0     0   584     0
   377     1     1     2     2     4     6     8     0     1     0     1     0     2     1     1   508     0
   378     1     1     2     2     4     6     8     1     0     0     1     0     1     1     1   612     0
   379     2     7     0     5     7     1     3     0     1     1     1     1     3     1     1   382     0
   380     2     7     0     5     7     1     3     1     0     1     0     1     1     1     1   616     0
   381     2     8     1     7     1     3     5     0     1     0     0     1     2     1     1   518     0
   382     1     1     2     2     4     6     8     1     0     1     0     1     3     1     1   555     0
   383     2     5     0     1     3     5     7     0     0     1     0     1     3     1     0   534     0
   384     2     6     2     3     5     7     1     1     0     1     0     0     2     1     0   553     0
   385     2     7     0     5     7     1     3     1     0     0     0     1     2     0     0   662     0
   386     1     4     1     8     2     4     6     1     0     0     0     1     3     0     0   492     0
   387     1     2     2     4     6     8     2     1     1     1     0     0     2     0     1   477     0
   388     1     2     2     4     6     8     2     1     1     0     1     1     1     0     0   476     0
   389     2     8     1     7     1     3     5     1     0     0     1     1     3     0     1   529     0
   390     2     8     1     7     1     3     5     1     0     1     1     0     1     0     0   372     0
   391     1     1     2     2     4     6     8     1     0     0     1     1     3     0     0   488     0
   392     2     8     1     7     1     3     5     1     0     0     1     1     3     0     0   509     0
   393     1     4     1     8     2     4     6     0     1     0     1     0     3     1     1   502     0
   394     1     4     1     8     2     4     6     0     1     1     1     1     1     0     0   412     0
   395     1     4     1     8     2     4     6     1     1     1     1     1     1     1     0   419     0
   396     2     5     0     1     3     5     7     1     1     0     1     0     3     0     0   598     0
   397     2     7     0     5     7     1     3     1     1     1     1     0     2     0     0   447     0
   398     2     6     2     3     5     7     1     1     0     0     0     1     2     0     1   405     0
   399     1     4     1     8     2     4     6     1     0     0     0     1     3     0     0   462     0
   400     1     4     1     8     2     4     6     0     0     1     1     0     1     1     0   685     0
   401     2     7     0     5     7     1     3     1     0     1     1     0     3     1     0   461     1
   402     2     8     1     7     1     3     5     1     1     0     1     0     2     0     1   464     0
   403     1     4     1     8     2     4     6     0     0     1     1     1     3     1     1   496     0
   404     1     1     2     2     4     6     8     0     0     0     0     1     2     0     0   472     0
   405     1     4     1     8     2     4     6     1     0     1     1     0     2     1     0   480     0
   406     1     2     2     4     6     8     2     1     1     0     1     0     2     0     1   643     0
   407     1     1     2     2     4     6     8     0     1     1     0     1     2     1     0   476     0
   408     1     1     2     2     4     6     8     1     0     0     0     1     1     1     1   572     0
   409     2     8     1     7     1     3     5     0     0     1     1     1     3     1     0   497     0
   410     2     8     1     7     1     3     5     1     1     0     1     0     1     1     1   489     0
   411     1     4     1     8     2     4     6     0     1     1     1     0     3     1     0   736     0
   412     1     4     1     8     2     4     6     1     0     0     0     1     1     1     1   386     0
   413     1     4     1     8     2     4     6     0     0     0     0     1     1     1     0   378     0
   414     1     4     1     8     2     4     6     0     1     0     1     1     1     0     1   439     0
   415     2     5     0     1     3     5     7     1     0     1     0     1     3     1     1   661     0
   416     2     5     0     1     3     5     7     0     0     0     0     0     1     1     0   470     0
   417     2     5     0     1     3     5     7     0     0     1     1     1     1     0     0   465     0
   418     2     5     0     1     3     5     7     0     1     1     0     1     1     0     1   395     0
   419     1     2     2     4     6     8     2     1     0     1     0     0     3     1     1   529     0
   420     1     4     1     8     2     4     6     1     1     0     1     1     2     0     1   452     0
   421     2     8     1     7     1     3     5     1     1     0     1     0     3     0     0   457     0
   422     2     8     1     7     1     3     5     1     1     1     0     0     1     0     0   385     0
   423     2     5     0     1     3     5     7     1     1     0     0     0     2     0     0   550     0
   424     2     5     0     1     3     5     7     0     0     1     1     1     1     1     1   508     0
   425     1     2     2     4     6     8     2     1     1     1     1     0     3     1     1   577     0
   426     1     2     2     4     6     8     2     1     0     1     0     1     1     0     1   453     1
   427     2     8     1     7     1     3     5     0     0     1     0     0     3     1     0   524     0
   428     2     8     1     7     1     3     5     1     0     1     1     0     1     1     0   591     0
   429     2     5     0     1     3     5     7     1     1     1     0     1     2     0     1   413     0
   430     2     5     0     1     3     5     7     1     0     1     0     0     1     0     1   420     0
   431     1     2     2     4     6     8     2     1     1     0     1     1     3     0     1   587     0
   432     1     3     1     6     8     2     4     1     1     1     1     1     2     0     0   414     0
   433     2     5     0     1     3     5     7     1     0     1     1     1     3     0     1   486     0
   434     2     7     0     5     7     1     3     1     0     1     1     1     2     0     0   467     0
   435     1     3     1     6     8     2     4     0     0     1     0     1     3     1     0   447     1
   436     1     3     1     6     8     2     4     0     1     0     1     1     1     0     1   671     0
   437     1     2     2     4     6     8     2     0     1     1     0     1     2     0     0   499     0
   438     1     2     2     4     6     8     2     1     0     0     0     0     1     1     1   531     0
   439     2     8     1     7     1     3     5     1     1     0     1     1     3     0     1   482     0
   440     2     7     0     5     7     1     3     1     1     1     1     1     2     0     0   472     0
   441     1     3     1     6     8     2     4     0     0     0     0     1     3     1     1   504     0
   442     1     3     1     6     8     2     4     0     1     1     1     0     1     0     1   442     0
   443     1     4     1     8     2     4     6     0     1     0     0     0     2     0     0   566     0
   444     1     4     1     8     2     4     6     0     1     0     0     0     1     0     0   458     0
   445     2     5     0     1     3     5     7     1     1     0     1     0     3     1     0   595     0
   446     2     6     2     3     5     7     1     1     1     0     1     0     2     0     0   489     0
   447     1     2     2     4     6     8     2     0     1     1     0     1     3     1     0   485     0
   448     1     3     1     6     8     2     4     1     1     1     0     1     2     1     0   480     0
   449     1     2     2     4     6     8     2     1     1     1     0     0     2     0     0  1500     2
   450     1     3     1     6     8     2     4     1     1     1     0     1     2     0     0  1500     2
   451     2     6     2     3     5     7     1     0     0     1     1     1     3     1     1   885     0
   452     2     8     1     7     1     3     5     1     1     0     1     0     2     1     1   788     1
   453     2     7     0     5     7     1     3     1     1     1     0     1     2     0     0   908     1
   454     2     8     1     7     1     3     5     0     1     0     1     0     2     1     0   594     0
   455     2     7     0     5     7     1     3     0     1     1     1     0     2     0     0   503     0
   456     2     7     0     5     7     1     3     1     0     1     1     0     1     1     1   732     0
   457     1     1     2     2     4     6     8     0     0     0     0     0     3     1     0   489     0
   458     2     6     2     3     5     7     1     0     1     1     1     1     3     0     1   437     0
   459     1     1     2     2     4     6     8     1     0     1     0     1     3     1     1   570     0
   460     1     1     2     2     4     6     8     0     1     1     0     0     1     1     1   786     0
   461     1     1     2     2     4     6     8     0     0     0     1     1     1     0     1   511     0
   462     1     3     1     6     8     2     4     0     0     0     0     1     2     0     0   656     0
   463     2     8     1     7     1     3     5     1     1     1     0     0     3     1     1   549     1
   464     2     8     1     7     1     3     5     1     1     1     0     1     1     0     0   564     0
   465     1     3     1     6     8     2     4     0     1     0     0     1     3     1     0   718     0
   466     2     6     2     3     5     7     1     0     0     1     0     0     3     0     1   552     0
   467     1     3     1     6     8     2     4     1     0     0     1     0     3     1     0   581     0
   468     1     2     2     4     6     8     2     1     1     0     0     1     2     0     1   502     0
   469     2     7     0     5     7     1     3     0     0     0     0     1     3     1     1   588     0
   470     2     7     0     5     7     1     3     0     1     1     1     1     1     0     1   489     0
   471     2     6     2     3     5     7     1     0     1     0     0     0     2     0     0   651     0
   472     2     6     2     3     5     7     1     0     1     0     1     0     1     0     0   437     0
   473     2     5     0     1     3     5     7     1     1     0     1     1     2     1     0   526     0
   474     2     5     0     1     3     5     7     0     1     0     1     1     1     1     0   418     0
   475     2     5     0     1     3     5     7     0     1     0     0     1     1     0     0   435     0
   476     2     8     1     7     1     3     5     0     0     0     0     0     2     0     1   575     0
   477     1     1     2     2     4     6     8     0     0     0     1     1     3     0     0   611     1
   478     1     1     2     2     4     6     8     1     0     1     1     0     1     1     0   655     0
   479     2     6     2     3     5     7     1     0     1     0     0     1     3     1     1   481     0
   480     2     6     2     3     5     7     1     0     1     0     0     0     1     0     0   475     0
   481     1     1     2     2     4     6     8     1     0     0     0     1     3     1     1   558     0
   482     2     6     2     3     5     7     1     1     1     1     1     1     3     0     1   580     0
   483     1     2     2     4     6     8     2     0     1     0     0     0     3     1     0   873     1
   484     1     3     1     6     8     2     4     1     0     0     1     0     2     1     1   643     0
   485     1     1     2     2     4     6     8     0     1     0     0     0     2     1     1  1159     0
   486     1     1     2     2     4     6     8     0     0     1     0     1     1     0     1   635     0
   487     2     6     2     3     5     7     1     1     1     0     0     1     3     1     1   502     0
   488     1     1     2     2     4     6     8     0     1     0     1     0     3     1     0   722     1
   489     1     2     2     4     6     8     2     0     0     0     0     0     2     0     1   507     0
   490     1     2     2     4     6     8     2     0     1     1     1     0     1     0     1   439     0
   491     2     8     1     7     1     3     5     0     1     0     0     0     3     0     0   495     0
   492     1     1     2     2     4     6     8     0     1     0     0     0     3     0     0   554     0
   493     2     8     1     7     1     3     5     0     1     1     0     0     3     0     0   477     0
   494     2     8     1     7     1     3     5     0     1     0     0     0     1     0     0   502     0
   495     1     3     1     6     8     2     4     1     1     0     1     0     3     1     0   656     0
   496     1     3     1     6     8     2     4     1     1     1     0     0     1     0     0   495     0
   497     1     1     2     2     4     6     8     1     0     0     0     1     2     0     1   687     0
   498     1     1     2     2     4     6     8     1     1     1     0     0     1     0     1   555     0
   499     1     3     1     6     8     2     4     0     1     1     1     0     2     1     0   470     0
   500     1     2     2     4     6     8     2     0     1     0     1     0     2     0     0   479     0
   501     1     1     2     2     4     6     8     0     0     0     0     0     2     0     1   533     0
   502     1     1     2     2     4     6     8     0     0     1     1     0     1     0     0   634     1
   503     2     8     1     7     1     3     5     0     1     1     0     0     3     0     1   437     0
   504     2     8     1     7     1     3     5     1     1     0     0     1     1     1     0   418     1
   505     2     6     2     3     5     7     1     1     1     1     1     0     2     0     0   447     0
   506     2     6     2     3     5     7     1     0     1     1     1     1     1     1     0   387     0
   507     2     6     2     3     5     7     1     0     1     1     0     1     1     0     0   589     0
   508     1     3     1     6     8     2     4     0     0     0     0     0     3     0     1   540     0
   509     2     7     0     5     7     1     3     1     0     0     0     1     3     1     0   899     0
   510     2     7     0     5     7     1     3     1     1     0     0     1     1     0     1   582     1
   511     2     7     0     5     7     1     3     1     1     1     0     0     1     0     0   484     0
   512     2     7     0     5     7     1     3     1     1     1     0     1     1     0     0   406     0
   513     1     4     1     8     2     4     6     0     1     1     1     1     3     1     0   479     0
   514     1     3     1     6     8     2     4     0     1     1     0     0     2     0     0   821     0
   515     2     6     2     3     5     7     1     1     0     1     1     0     3     1     1   542     0
   516     2     7     0     5     7     1     3     1     1     0     1     0     2     0     1   612     1
   517     1     2     2     4     6     8     2     0     0     1     0     1     3     1     1   668     0
   518     1     2     2     4     6     8     2     1     1     1     0     1     1     1     1   417     0
   519     2     5     0     1     3     5     7     0     0     0     0     1     3     1     1   612     0
   520     2     5     0     1     3     5     7     0     0     0     1     0     1     0     0   500     0
   521     1     3     1     6     8     2     4     0     1     1     0     1     3     0     1   479     0
   522     1     4     1     8     2     4     6     1     1     1     0     1     2     1     0   507     0
   523     2     7     0     5     7     1     3     1     0     1     0     1     3     0     1   553     0
   524     2     7     0     5     7     1     3     0     1     1     0     1     1     1     1   541     0
   525     2     8     1     7     1     3     5     1     0     0     0     1     2     1     1   557     0
   526     2     8     1     7     1     3     5     0     1     1     1     1     1     1     1   457     0
   527     1     4     1     8     2     4     6     1     1     0     0     0     3     1     0   499     0
   528     1     4     1     8     2     4     6     1     1     1     1     0     1     0     0   386     0
   529     1     1     2     2     4     6     8     1     1     0     0     0     2     0     0   436     0
   530     1     2     2     4     6     8     2     0     0     1     0     1     2     1     1   540     0
   531     1     3     1     6     8     2     4     0     1     0     0     1     2     0     1   516     0
   532     1     3     1     6     8     2     4     0     1     0     0     0     1     0     0   470     0
   533     1     2     2     4     6     8     2     1     0     0     0     1     2     1     1   568     0
   534     1     1     2     2     4     6     8     1     0     1     1     0     2     0     0   515     0
   535     2     7     0     5     7     1     3     1     0     0     1     1     3     0     0   481     0
   536     2     7     0     5     7     1     3     0     1     1     1     1     1     1     1   594     0
   537     2     7     0     5     7     1     3     0     1     1     0     1     1     0     0   471     0
   538     2     5     0     1     3     5     7     0     0     1     1     0     2     0     1   521     0
   539     2     7     0     5     7     1     3     0     1     0     0     0     2     0     1   515     0
   540     2     8     1     7     1     3     5     0     1     0     0     0     2     0     0   469     0
   541     2     5     0     1     3     5     7     1     0     1     0     0     2     1     1   538     0
   542     2     5     0     1     3     5     7     1     1     1     0     0     1     0     1   708     0
   543     2     6     2     3     5     7     1     1     1     0     1     0     2     0     0   455     0
   544     2     5     0     1     3     5     7     0     0     1     1     1     2     1     1   627     0
   545     2     8     1     7     1     3     5     1     0     0     1     1     2     1     0   465     0
   546     2     8     1     7     1     3     5     0     0     1     0     0     1     1     0   465     0
   547     1     2     2     4     6     8     2     0     0     1     0     0     3     0     0   481     0
   548     1     2     2     4     6     8     2     0     1     0     1     1     1     0     1   387     0
   549     1     2     2     4     6     8     2     1     1     1     1     0     1     1     0   452     0
   550     2     5     0     1     3     5     7     0     0     1     1     1     3     1     1   729     0
   551     1     4     1     8     2     4     6     1     0     0     1     0     3     1     0   464     0
   552     1     3     1     6     8     2     4     1     0     0     0     1     2     0     0   615     0
   553     2     5     0     1     3     5     7     0     0     1     1     1     3     1     0   505     0
   554     2     5     0     1     3     5     7     1     1     0     1     0     1     1     1   627     0
   555     1     4     1     8     2     4     6     0     0     0     0     0     3     1     1   454     0
   556     1     4     1     8     2     4     6     1     1     1     0     0     1     1     1   485     0
   557     2     7     0     5     7     1     3     0     1     0     1     1     3     1     0   647     0
   558     2     8     1     7     1     3     5     0     0     0     1     0     2     0     1   447     0
   559     1     3     1     6     8     2     4     1     1     1     0     1     3     1     1   513     0
   560     1     1     2     2     4     6     8     1     0     1     1     1     2     0     1   498     0
   561     1     2     2     4     6     8     2     0     0     0     1     1     2     1     0   664     1
   562     2     5     0     1     3     5     7     1     1     0     0     1     3     1     1   570     1
   563     1     2     2     4     6     8     2     1     1     0     0     1     3     0     0   516     0
   564     1     2     2     4     6     8     2     0     0     1     1     0     1     1     1   715     1
   565     1     2     2     4     6     8     2     0     0     0     1     1     1     0     0  1162     0
   566     1     1     2     2     4     6     8     1     1     0     0     1     2     1     1   566     0
   567     1     1     2     2     4     6     8     1     1     0     1     0     1     0     0   490     0
   568     1     4     1     8     2     4     6     0     0     1     0     0     2     1     1   875     0
   569     2     6     2     3     5     7     1     0     1     1     1     1     3     0     1   465     0
   570     1     3     1     6     8     2     4     0     0     1     1     1     3     0     1   646     0
   571     2     7     0     5     7     1     3     0     1     0     0     0     3     0     1   708     0
   572     1     2     2     4     6     8     2     1     0     0     0     1     3     1     1   600     0
   573     2     6     2     3     5     7     1     0     0     1     1     1     3     1     0   566     0
   574     2     6     2     3     5     7     1     1     0     1     1     1     1     1     0   595     0
   575     1     3     1     6     8     2     4     0     0     0     1     1     3     1     0   525     0
   576     1     1     2     2     4     6     8     1     1     0     0     1     2     1     1   681     0
   577     2     8     1     7     1     3     5     1     1     1     1     1     3     0     0   494     0
   578     2     8     1     7     1     3     5     1     0     0     0     1     1     0     1   542     0
   579     2     8     1     7     1     3     5     1     1     1     0     0     1     0     1   576     0
   580     2     8     1     7     1     3     5     1     1     1     0     1     1     0     0   549     0
   581     1     1     2     2     4     6     8     0     0     0     0     0     3     1     1   654     0
   582     1     3     1     6     8     2     4     1     1     0     0     0     2     1     1   496     0
   583     1     2     2     4     6     8     2     0     0     1     1     0     2     1     1   534     0
   584     1     2     2     4     6     8     2     0     0     0     0     0     1     0     0   466     0
   585     1     2     2     4     6     8     2     1     1     1     1     0     1     1     1   573     0
   586     1     2     2     4     6     8     2     0     0     1     0     1     1     1     1   715     0
   587     1     3     1     6     8     2     4     1     1     0     0     1     2     1     1   532     0
   588     1     1     2     2     4     6     8     0     1     0     0     0     2     1     0   631     0
   589     1     2     2     4     6     8     2     0     1     0     0     1     2     0     0   457     0
   590     1     2     2     4     6     8     2     1     0     1     0     1     1     1     1   681     0
   591     1     4     1     8     2     4     6     1     0     0     1     1     2     0     0   549     0
   592     2     5     0     1     3     5     7     1     0     1     1     0     3     0     0   498     0
   593     1     4     1     8     2     4     6     1     0     0     1     1     3     0     0   469     0
   594     1     4     1     8     2     4     6     1     0     1     1     1     1     0     0   464     0
   595     1     4     1     8     2     4     6     0     1     0     0     1     1     1     1   630     0
   596     1     4     1     8     2     4     6     0     0     0     1     0     1     0     1   544     0
   597     2     5     0     1     3     5     7     1     0     1     0     1     3     1     0   514     0
   598     2     5     0     1     3     5     7     1     0     0     1     1     1     0     0   411     0
   599     2     5     0     1     3     5     7     0     0     0     1     1     1     1     0   460     0
   600     2     5     0     1     3     5     7     1     0     0     0     1     1     1     0   397     0
   601     1     4     1     8     2     4     6     1     0     0     1     1     3     0     0   400     0
   602     1     2     2     4     6     8     2     1     1     1     0     0     2     0     1   402     1
   603     1     4     1     8     2     4     6     0     1     0     1     1     2     1     0   577     0
   604     2     7     0     5     7     1     3     0     1     1     0     0     3     0     0   580     0
   605     2     7     0     5     7     1     3     0     0     0     1     1     1     0     1   621     0
   606     2     7     0     5     7     1     3     0     0     1     0     0     1     0     0   445     0
   607     1     2     2     4     6     8     2     0     1     1     0     1     3     0     1   425     0
   608     1     2     2     4     6     8     2     0     1     1     1     1     1     0     0   489     0
   609     1     3     1     6     8     2     4     1     1     0     0     0     2     1     0   557     1
   610     1     3     1     6     8     2     4     1     1     1     1     0     1     0     0   528     0
   611     2     5     0     1     3     5     7     0     1     0     1     1     3     1     0   565     0
   612     2     7     0     5     7     1     3     0     0     0     0     1     2     0     1   678     0
   613     2     5     0     1     3     5     7     0     1     0     1     0     2     0     1   587     0
   614     1     2     2     4     6     8     2     0     1     0     1     1     3     0     0   583     0
   615     1     1     2     2     4     6     8     1     0     1     1     0     2     1     1   585     0
   616     1     2     2     4     6     8     2     0     0     0     0     1     2     1     0   715     0
   617     2     5     0     1     3     5     7     1     1     1     0     1     3     1     1   475     0
   618     2     5     0     1     3     5     7     1     1     1     1     0     1     0     0   512     0
   619     1     2     2     4     6     8     2     1     0     1     0     1     3     0     1   642     0
   620     1     2     2     4     6     8     2     1     1     0     1     1     1     0     1   431     0
   621     1     4     1     8     2     4     6     1     1     0     0     0     2     0     0   440     0
   622     1     4     1     8     2     4     6     1     1     1     1     0     1     0     0   404     0
   623     2     6     2     3     5     7     1     1     0     1     1     0     3     0     1   443     0
   624     2     6     2     3     5     7     1     1     0     1     1     0     1     0     0   535     0
   625     1     3     1     6     8     2     4     0     0     0     1     1     3     1     0   465     0
   626     1     3     1     6     8     2     4     0     1     0     0     1     1     0     1   525     0
   627     1     2     2     4     6     8     2     1     0     1     0     1     2     1     1   685     0
   628     1     2     2     4     6     8     2     1     0     1     0     1     1     0     0   418     0
   629     2     6     2     3     5     7     1     1     0     0     1     0     3     0     0   463     0
   630     1     3     1     6     8     2     4     0     0     0     1     1     3     1     0   520     0
   631     2     6     2     3     5     7     1     1     0     1     1     1     3     1     0   414     0
   632     2     7     0     5     7     1     3     0     1     1     0     0     2     1     1   563     0
   633     1     2     2     4     6     8     2     0     0     0     0     1     3     0     1   450     0
   634     1     2     2     4     6     8     2     1     1     0     0     0     1     1     1   518     0
   635     2     6     2     3     5     7     1     0     1     1     1     0     3     1     0   517     0
   636     2     6     2     3     5     7     1     1     1     1     0     1     1     1     0   460     0
   637     1     4     1     8     2     4     6     0     1     0     0     1     3     1     0   570     1
   638     2     5     0     1     3     5     7     0     0     1     1     0     3     0     1   475     0
   639     2     8     1     7     1     3     5     1     1     1     1     0     2     1     1   530     0
   640     1     3     1     6     8     2     4     1     1     0     1     0     3     0     0   532     0
   641     2     8     1     7     1     3     5     0     1     1     0     1     3     1     0   489     0
   642     2     5     0     1     3     5     7     1     1     0     0     1     2     1     0   545     0
   643     1     4     1     8     2     4     6     1     1     1     1     0     3     0     0   467     0
   644     1     4     1     8     2     4     6     0     0     1     1     1     1     1     1   509     0
   645     1     1     2     2     4     6     8     0     0     1     0     0     2     0     0   523     0
   646     1     1     2     2     4     6     8     1     0     1     1     0     1     1     0   504     0
   647     2     8     1     7     1     3     5     1     1     1     1     0     3     0     1   464     0
   648     2     8     1     7     1     3     5     0     1     0     0     0     1     1     0   472     0
   649     1     1     2     2     4     6     8     0     0     0     1     1     3     0     1   527     0
   650     1     1     2     2     4     6     8     1     1     0     0     1     1     1     1   555     0
   651     1     1     2     2     4     6     8     0     0     0     1     0     1     1     1   553     0
   652     1     1     2     2     4     6     8     0     1     1     1     1     1     0     1   423     0
   653     1     3     1     6     8     2     4     1     1     0     1     0     2     1     0   540     0
   654     2     6     2     3     5     7     1     0     0     1     1     1     3     1     1   792     0
   655     2     7     0     5     7     1     3     1     1     1     1     0     2     1     1   589     0
   656     1     4     1     8     2     4     6     1     0     1     0     1     3     0     1   525     0
   657     1     2     2     4     6     8     2     1     0     0     0     0     2     0     0   435     0
   658     1     2     2     4     6     8     2     0     0     0     1     1     1     1     0   600     0
   659     2     5     0     1     3     5     7     0     1     0     0     0     3     0     1   634     0
   660     1     4     1     8     2     4     6     1     1     0     0     0     3     1     0   977     1
   661     2     7     0     5     7     1     3     1     0     1     1     1     3     0     1   524     0
   662     2     6     2     3     5     7     1     0     1     1     1     1     2     1     1   529     0
   663     2     7     0     5     7     1     3     0     1     1     1     0     2     0     0   536     0
   664     2     7     0     5     7     1     3     0     1     0     0     1     1     0     0   540     0
   665     2     7     0     5     7     1     3     1     1     0     1     0     1     1     0   578     0
   666     2     7     0     5     7     1     3     0     0     1     0     1     1     1     1   489     0
   667     2     8     1     7     1     3     5     1     1     1     1     1     2     1     1   573     0
   668     2     8     1     7     1     3     5     1     0     0     0     1     1     0     1   506     0
   669     2     6     2     3     5     7     1     1     1     1     0     0     2     0     1   576     1
   670     2     6     2     3     5     7     1     1     1     0     1     1     1     0     0   390     0
   671     1     3     1     6     8     2     4     0     0     0     0     1     3     1     1   427     0
   672     2     8     1     7     1     3     5     0     0     1     0     1     3     0     0   461     0
   673     1     4     1     8     2     4     6     1     1     0     0     1     3     1     1   488     0
   674     1     4     1     8     2     4     6     0     0     0     0     0     1     1     1   522     0
   675     2     5     0     1     3     5     7     0     0     0     1     1     3     0     0   496     0
   676     1     4     1     8     2     4     6     0     0     0     1     0     3     0     0   417     0
   677     2     8     1     7     1     3     5     1     1     1     0     1     3     1     1   419     0
   678     2     6     2     3     5     7     1     1     0     0     1     1     2     0     1   463     0
   679     2     8     1     7     1     3     5     1     0     0     0     0     2     0     0   375     0
   680     2     5     0     1     3     5     7     0     1     0     1     0     2     1     1   522     0
   681     2     7     0     5     7     1     3     1     0     0     0     0     2     1     1   486     0
   682     2     7     0     5     7     1     3     0     1     0     1     1     1     1     1   562     0
   683     1     3     1     6     8     2     4     1     1     1     1     1     3     1     0   481     0
   684     1     2     2     4     6     8     2     0     0     1     1     1     2     1     1   500     0
   685     2     6     2     3     5     7     1     1     1     0     0     0     3     1     1   671     0
   686     2     5     0     1     3     5     7     1     0     1     0     0     2     0     1   695     0
   687     1     3     1     6     8     2     4     0     1     0     0     1     3     1     1   494     0
   688     1     3     1     6     8     2     4     1     1     1     1     0     1     1     0   483     0
   689     2     8     1     7     1     3     5     1     0     0     0     0     3     0     1   420     0
   690     2     8     1     7     1     3     5     0     0     1     0     0     1     1     0   541     0
   691     2     6     2     3     5     7     1     1     0     0     1     1     2     1     0   525     1
   692     2     8     1     7     1     3     5     0     1     1     1     1     2     1     1   445     0
   693     2     6     2     3     5     7     1     0     0     0     1     1     2     0     1   444     0
   694     2     6     2     3     5     7     1     1     1     0     1     1     1     1     1   540     1
   695     2     7     0     5     7     1     3     0     0     1     0     1     2     1     1   715     0
   696     1     2     2     4     6     8     2     0     0     1     1     1     3     0     0   503     0
   697     2     6     2     3     5     7     1     1     0     0     1     1     3     1     0   506     0
   698     2     7     0     5     7     1     3     1     1     0     0     1     2     0     1   613     0
   699     1     3     1     6     8     2     4     1     1     0     1     1     3     0     0   567     0
   700     1     3     1     6     8     2     4     1     1     0     1     0     1     0     0   490     0
   701     2     6     2     3     5     7     1     1     0     1     0     1     3     0     1   525     0
   702     2     6     2     3     5     7     1     0     1     0     0     1     1     1     1   647     0
   703     1     3     1     6     8     2     4     1     0     1     1     1     3     1     1   462     0
   704     1     3     1     6     8     2     4     1     1     1     0     0     1     0     1   523     0
   705     2     5     0     1     3     5     7     1     1     1     1     1     3     0     0   455     0
   706     2     6     2     3     5     7     1     0     1     0     1     0     2     1     0   471     0
   707     1     3     1     6     8     2     4     1     1     0     1     1     3     1     0   459     0
   708     1     3     1     6     8     2     4     0     0     0     0     1     1     1     1   444     0
   709     1     2     2     4     6     8     2     1     0     0     0     1     2     1     0   544     0
   710     1     2     2     4     6     8     2     1     1     0     0     0     1     0     1   523     0
   711     2     8     1     7     1     3     5     1     1     1     0     0     3     0     0   480     0
   712     2     8     1     7     1     3     5     0     1     1     1     0     1     1     0   436     0
   713     2     8     1     7     1     3     5     1     0     0     1     0     1     1     1   428     0
   714     1     1     2     2     4     6     8     0     1     1     1     1     3     1     1   471     0
   715     1     4     1     8     2     4     6     1     0     1     0     0     2     1     1   532     0
   716     1     4     1     8     2     4     6     0     0     0     0     0     1     1     0   445     0
   717     2     5     0     1     3     5     7     1     1     0     1     0     3     1     1   530     0
   718     2     5     0     1     3     5     7     0     1     0     0     1     1     1     0   471     0
   719     1     3     1     6     8     2     4     0     1     1     0     0     3     0     0   532     0
   720     1     3     1     6     8     2     4     1     0     1     0     0     1     1     1   525     0
   721     1     1     2     2     4     6     8     1     0     0     0     0     2     0     0   644     0
   722     2     6     2     3     5     7     1     0     0     0     1     0     3     1     0   669     0
   723     2     8     1     7     1     3     5     0     0     0     0     0     2     0     0   430     0
   724     2     8     1     7     1     3     5     0     0     1     1     1     1     0     0   466     0
   725     2     7     0     5     7     1     3     1     0     0     1     0     2     1     0   559     0
   726     1     2     2     4     6     8     2     0     0     1     0     0     3     1     0   663     0
   727     1     2     2     4     6     8     2     1     0     1     1     0     1     1     0   473     0
   728     1     2     2     4     6     8     2     0     1     1     0     0     1     1     1   517     0
   729     2     6     2     3     5     7     1     1     1     0     0     1     3     1     0   480     0
   730     2     6     2     3     5     7     1     1     0     1     0     1     1     0     1   437     1
   731     1     3     1     6     8     2     4     1     0     1     1     1     3     0     0   593     0
   732     1     4     1     8     2     4     6     1     1     1     1     1     2     0     1   471     0
   733     1     1     2     2     4     6     8     0     0     0     1     1     2     1     1   545     0
   734     1     2     2     4     6     8     2     1     1     0     0     1     2     1     1   802     0
   735     1     1     2     2     4     6     8     1     1     0     1     0     2     0     0   436     0
   736     1     2     2     4     6     8     2     0     0     0     1     0     2     1     1   481     0
   737     2     8     1     7     1     3     5     0     1     0     1     0     3     0     1   449     0
   738     2     8     1     7     1     3     5     1     0     1     0     0     1     1     1   435     0
   739     2     6     2     3     5     7     1     0     1     0     1     0     2     1     1   409     0
   740     2     8     1     7     1     3     5     1     0     1     0     0     2     1     1   399     0
   741     2     5     0     1     3     5     7     0     1     0     0     0     2     1     1   558     0
   742     2     6     2     3     5     7     1     1     1     1     1     1     2     1     0   459     0
   743     1     4     1     8     2     4     6     0     1     1     1     0     3     1     0   477     0
   744     1     4     1     8     2     4     6     0     1     0     0     1     1     0     0   474     0
   745     1     3     1     6     8     2     4     0     0     0     0     0     2     0     1   496     0
   746     1     4     1     8     2     4     6     1     0     1     1     1     2     1     0   569     1
   747     1     4     1     8     2     4     6     0     0     1     0     0     1     1     0   636     0
   748     1     1     2     2     4     6     8     1     0     0     0     0     2     1     0   611     0
   749     2     5     0     1     3     5     7     0     1     0     1     0     3     1     1   696     0
   750     2     5     0     1     3     5     7     1     0     0     0     1     1     1     1   621     0
   751     2     7     0     5     7     1     3     1     0     1     1     1     2     0     0   666     0
   752     2     7     0     5     7     1     3     1     0     1     1     1     1     0     0   555     0
   753     1     1     2     2     4     6     8     0     0     1     1     0     3     1     0   487     1
   754     2     8     1     7     1     3     5     0     0     0     0     1     3     0     0   431     0
   755     2     5     0     1     3     5     7     0     1     1     1     1     2     0     1   527     0
   756     2     5     0     1     3     5     7     0     1     0     1     1     1     0     0   431     0
   757     1     2     2     4     6     8     2     1     1     0     1     1     3     1     0   665     0
   758     1     4     1     8     2     4     6     1     0     0     1     0     2     0     1   471     0
   759     1     2     2     4     6     8     2     0     1     0     0     1     2     1     1   579     0
   760     2     7     0     5     7     1     3     0     1     1     0     0     3     0     0   526     0
   761     1     3     1     6     8     2     4     1     0     0     0     1     3     1     1   637     0
   762     1     3     1     6     8     2     4     0     0     1     1     1     1     1     0   525     0
   763     1     4     1     8     2     4     6     0     1     0     0     0     2     0     1   466     0
   764     1     3     1     6     8     2     4     0     0     0     1     1     2     0     1   454     0
   765     1     4     1     8     2     4     6     1     0     0     0     1     2     1     0   557     1
   766     1     4     1     8     2     4     6     0     1     1     0     0     1     1     1   489     0
   767     1     1     2     2     4     6     8     1     1     0     1     1     2     1     0   469     0
   768     1     3     1     6     8     2     4     1     0     1     1     0     2     0     1   439     0
   769     2     6     2     3     5     7     1     1     0     0     1     1     3     0     0   750     1
   770     2     7     0     5     7     1     3     0     0     1     0     0     2     1     0   711     0
   771     2     8     1     7     1     3     5     0     0     1     0     0     2     0     0   524     0
   772     1     3     1     6     8     2     4     0     1     1     1     0     3     0     1   444     1
   773     2     8     1     7     1     3     5     0     1     1     1     0     3     0     0   478     0
   774     2     8     1     7     1     3     5     1     0     0     0     0     1     1     1   496     0
   775     2     5     0     1     3     5     7     0     1     0     0     0     2     1     1   630     0
   776     2     5     0     1     3     5     7     0     0     0     1     1     1     0     1   544     0
   777     2     8     1     7     1     3     5     1     1     0     0     0     2     1     1   491     0
   778     2     8     1     7     1     3     5     1     0     0     1     1     1     0     1   446     0
   779     2     5     0     1     3     5     7     0     1     1     0     1     2     1     1   503     0
   780     2     5     0     1     3     5     7     0     0     1     0     0     1     0     1   502     0
   781     1     1     2     2     4     6     8     1     1     0     1     1     3     1     1   525     0
   782     1     1     2     2     4     6     8     0     1     0     0     1     1     1     0   554     1
   783     1     2     2     4     6     8     2     1     0     1     1     0     2     1     1   502     0
   784     1     2     2     4     6     8     2     0     0     1     1     0     1     1     0   624     0
   785     2     8     1     7     1     3     5     1     1     1     1     0     3     1     1   416     1
   786     1     1     2     2     4     6     8     1     1     1     0     0     3     0     0   484     0
   787     2     8     1     7     1     3     5     1     0     1     0     0     3     0     1   375     0
   788     2     5     0     1     3     5     7     0     0     0     0     1     2     1     0   523     0
   789     2     6     2     3     5     7     1     1     0     0     0     0     2     1     0   470     0
   790     1     1     2     2     4     6     8     0     1     0     1     0     3     1     1   502     0
   791     2     6     2     3     5     7     1     1     0     0     1     1     3     1     1   483     0
   792     2     6     2     3     5     7     1     1     1     1     0     1     1     0     1   528     0
   793     2     7     0     5     7     1     3     1     1     0     0     0     2     0     0   622     0
   794     2     6     2     3     5     7     1     0     0     1     0     0     2     1     1   553     0
   795     1     4     1     8     2     4     6     0     1     0     0     1     3     0     1   434     0
   796     1     2     2     4     6     8     2     1     1     0     0     0     2     1     0   619     0
   797     2     6     2     3     5     7     1     1     1     0     1     0     3     0     0   428     0
   798     2     6     2     3     5     7     1     0     1     0     1     0     1     1     0   418     0
   799     2     7     0     5     7     1     3     1     0     1     0     0     2     1     1   791     0
   800     2     7     0     5     7     1     3     0     0     0     0     0     1     1     0   439     0
   801     2     8     1     7     1     3     5     1     1     1     0     0     2     1     1   536     0
   802     2     8     1     7     1     3     5     1     0     0     0     0     1     0     1   518     0
   803     1     1     2     2     4     6     8     1     0     0     1     1     3     0     0   694     0
   804     1     1     2     2     4     6     8     1     0     1     0     1     1     0     0   469     0
   805     2     6     2     3     5     7     1     0     1     0     0     0     3     1     1   501     0
   806     2     6     2     3     5     7     1     1     0     0     0     1     1     1     1   477     0
   807     1     3     1     6     8     2     4     1     1     1     1     0     3     0     1   492     0
   808     1     3     1     6     8     2     4     0     1     1     0     0     1     1     0   707     0
   809     2     7     0     5     7     1     3     0     1     0     0     1     3     0     0   565     0
   810     2     7     0     5     7     1     3     1     1     0     0     0     1     1     0   423     1
   811     2     8     1     7     1     3     5     1     1     0     1     0     2     0     0   483     0
   812     2     6     2     3     5     7     1     1     1     1     1     1     2     0     0   442     0
   813     1     3     1     6     8     2     4     1     1     1     1     0     3     0     0   445     0
   814     1     3     1     6     8     2     4     0     0     1     1     1     1     1     1   510     0
   815     1     1     2     2     4     6     8     0     1     0     0     1     2     0     1   539     0
   816     1     1     2     2     4     6     8     1     0     0     1     1     1     1     1   607     0
   817     2     7     0     5     7     1     3     0     0     1     1     1     3     1     0   508     0
   818     2     7     0     5     7     1     3     1     1     0     1     1     1     1     1   531     0
   819     2     8     1     7     1     3     5     0     0     1     0     1     2     1     1   574     0
   820     2     8     1     7     1     3     5     0     0     0     0     1     1     0     0   477     0
   821     1     4     1     8     2     4     6     0     0     1     1     0     3     0     0   448     0
   822     1     4     1     8     2     4     6     1     1     0     1     0     1     1     1   573     0
   823     2     6     2     3     5     7     1     0     1     0     0     0     3     1     0   488     0
   824     2     6     2     3     5     7     1     0     1     1     0     0     1     0     0   437     0
   825     2     5     0     1     3     5     7     1     1     0     1     1     2     1     0   484     0
   826     2     8     1     7     1     3     5     1     0     0     1     0     2     0     1   519     0
   827     2     8     1     7     1     3     5     1     0     0     0     0     1     0     0   418     0
   828     2     8     1     7     1     3     5     0     0     0     0     1     1     1     0   450     0
   829     1     1     2     2     4     6     8     0     1     0     0     0     3     0     1   388     0
   830     1     1     2     2     4     6     8     0     1     1     1     1     1     0     0   431     0
   831     1     1     2     2     4     6     8     1     1     0     1     1     1     1     0   385     0
   832     1     1     2     2     4     6     8     0     1     1     1     0     1     1     0   434     0
   833     2     5     0     1     3     5     7     1     0     0     0     0     3     1     1   565     0
   834     2     8     1     7     1     3     5     0     0     1     1     0     2     1     0   483     0
   835     2     6     2     3     5     7     1     0     0     1     0     1     2     0     0   480     0
   836     2     6     2     3     5     7     1     0     1     1     1     0     1     0     1   376     0
   837     2     8     1     7     1     3     5     1     1     1     1     0     2     1     0   412     1
   838     2     8     1     7     1     3     5     0     0     1     1     1     1     1     1   560     0
   839     1     1     2     2     4     6     8     1     0     0     1     0     3     1     0   789     0
   840     1     1     2     2     4     6     8     0     0     1     0     0     1     1     0   584     0
   841     2     5     0     1     3     5     7     1     0     1     0     0     3     1     0   442     0
   842     1     2     2     4     6     8     2     0     1     1     0     0     3     1     1   861     0
   843     1     2     2     4     6     8     2     1     1     0     1     1     1     1     0   616     1
   844     1     4     1     8     2     4     6     0     1     0     0     1     2     1     0   963     0
   845     2     8     1     7     1     3     5     1     1     1     0     0     3     1     0   477     0
   846     2     8     1     7     1     3     5     0     1     1     0     1     1     1     0   452     0
   847     2     8     1     7     1     3     5     0     1     1     0     0     1     0     0   434     0
   848     2     8     1     7     1     3     5     1     1     1     1     1     1     1     0   416     0
   849     2     7     0     5     7     1     3     1     1     0     0     0     2     0     0   531     0
   850     2     8     1     7     1     3     5     1     0     1     0     1     2     0     1   532     0
   851     2     5     0     1     3     5     7     0     0     1     1     0     2     1     0   639     0
   852     2     5     0     1     3     5     7     1     0     0     0     1     1     1     0   620     0
   853     1     3     1     6     8     2     4     1     1     1     1     1     3     0     1   482     0
   854     2     8     1     7     1     3     5     1     1     1     0     0     3     0     0   469     0
   855     2     6     2     3     5     7     1     0     1     1     1     1     2     1     0   412     0
   856     1     1     2     2     4     6     8     0     0     1     1     0     3     0     1   564     0
   857     1     3     1     6     8     2     4     1     1     1     0     0     2     1     1   453     0
   858     1     4     1     8     2     4     6     1     1     1     0     1     2     0     0   445     0
   859     2     6     2     3     5     7     1     0     0     1     0     1     3     1     1   635     0
   860     2     6     2     3     5     7     1     1     0     0     1     1     1     1     0   494     0
   861     2     6     2     3     5     7     1     1     0     1     0     0     1     0     0   387     0
   862     2     5     0     1     3     5     7     0     1     0     0     1     2     1     1   582     0
   863     1     3     1     6     8     2     4     1     1     0     1     0     3     1     0   510     0
   864     1     3     1     6     8     2     4     0     0     1     0     1     1     1     1   426     0
   865     2     7     0     5     7     1     3     0     1     0     1     0     3     0     1   535     0
   866     1     4     1     8     2     4     6     0     0     1     0     1     3     0     1   742     1
   867     2     7     0     5     7     1     3     0     1     1     1     1     3     0     1   912     0
   868     2     7     0     5     7     1     3     0     0     1     0     0     1     0     1   472     0
   869     1     2     2     4     6     8     2     0     1     1     1     1     3     0     1   417     0
   870     2     7     0     5     7     1     3     0     0     1     0     1     3     0     1   409     0
   871     1     2     2     4     6     8     2     0     1     0     0     1     3     0     1   446     0
   872     1     2     2     4     6     8     2     0     0     1     0     1     1     0     1   585     0
   873     2     6     2     3     5     7     1     1     1     1     0     0     3     1     1   831     0
   874     2     6     2     3     5     7     1     0     0     1     1     1     1     1     1   714     0
   875     2     5     0     1     3     5     7     1     0     0     0     1     2     1     0   644     0
   876     2     5     0     1     3     5     7     0     0     1     0     1     1     1     0   481     0
   877     2     7     0     5     7     1     3     1     1     0     1     0     2     1     1   460     0
   878     2     7     0     5     7     1     3     0     0     1     0     0     1     1     1   446     0
   879     2     7     0     5     7     1     3     1     1     1     1     1     1     1     1   465     0
   880     2     7     0     5     7     1     3     0     1     0     0     1     1     1     0   367     1
   881     2     7     0     5     7     1     3     1     0     0     0     1     1     1     1   380     0
   882     2     6     2     3     5     7     1     1     0     1     1     0     2     0     0   558     0
   883     2     7     0     5     7     1     3     1     0     1     1     1     2     0     0   463     0
   884     2     7     0     5     7     1     3     0     1     1     0     0     1     1     1   480     0
   885     2     5     0     1     3     5     7     0     0     0     1     1     2     0     1   504     0
   886     2     5     0     1     3     5     7     1     1     1     1     1     1     1     1   552     0
   887     1     1     2     2     4     6     8     0     1     1     1     0     3     1     0   456     0
   888     1     2     2     4     6     8     2     1     1     0     1     0     2     1     0   510     0
   889     1     4     1     8     2     4     6     0     1     1     0     0     2     1     0   494     1
   890     1     4     1     8     2     4     6     1     0     0     0     0     1     1     1   524     0
   891     2     6     2     3     5     7     1     0     0     0     0     0     3     1     0   442     0
   892     2     5     0     1     3     5     7     1     1     0     0     0     2     1     1   460     0
   893     1     4     1     8     2     4     6     0     0     0     0     1     3     1     1   472     1
   894     1     4     1     8     2     4     6     0     1     1     1     0     1     0     1   553     0
   895     2     8     1     7     1     3     5     1     1     0     1     1     3     1     0   528     1
   896     2     8     1     7     1     3     5     0     0     0     0     0     1     1     1   473     0
