     1     2     8     1     7     1     3     5     1     0     0     1     1     3     1     0   496     0
     2     2     8     1     7     1     3     5     1     0     1     0     0     1     0     0   366     0
     3     1     1     2     2     4     6     8     0     1     0     0     1     3     1     1   431     0
     4     1     1     2     2     4     6     8     1     0     0     1     1     1     1     1   661     0
     5     1     1     2     2     4     6     8     1     0     1     1     0     1     0     0   455     0
     6     1     3     1     6     8     2     4     0     1     0     1     0     2     1     1   601     0
     7     1     4     1     8     2     4     6     0     0     0     0     0     2     0     1   561     1
     8     1     4     1     8     2     4     6     1     1     1     0     0     1     1     1   503     1
     9     2     8     1     7     1     3     5     0     0     1     1     0     3     1     1   493     0
    10     2     8     1     7     1     3     5     0     0     0     1     1     1     0     0   425     0
    11     2     5     0     1     3     5     7     0     1     0     1     0     2     0     1   695     0
    12     1     2     2     4     6     8     2     1     0     0     1     1     3     1     1   618     0
    13     2     7     0     5     7     1     3     0     0     1     1     0     3     1     0   571     1
    14     2     7     0     5     7     1     3     0     1     1     0     1     1     0     1   599     0
    15     1     4     1     8     2     4     6     1     0     1     0     0     3     1     1   512     0
    16     1     4     1     8     2     4     6     1     1     1     0     1     1     0     1   522     0
    17     1     4     1     8     2     4     6     1     1     0     0     0     1     0     0   490     0
    18     1     4     1     8     2     4     6     1     1     1     0     0     1     0     0   501     0
    19     2     5     0     1     3     5     7     1     0     1     0     0     3     0     1   476     0
    20     1     2     2     4     6     8     2     0     0     1     0     0     3     1     0   754     0
    21     2     6     2     3     5     7     1     1     1     1     1     1     3     1     1   518     0
    22     2     6     2     3     5     7     1     0     1     0     0     0     1     1     0   561     0
    23     2     7     0     5     7     1     3     0     0     0     0     1     2     0     1   604     0
    24     2     7     0     5     7     1     3     1     1     1     1     0     1     1     1   465     1
    25     2     6     2     3     5     7     1     1     0     1     1     0     2     0     1   578     1
    26     2     7     0     5     7     1     3     1     0     1     0     1     2     0     0   657     0
    27     2     7     0     5     7     1     3     0     0     0     0     0     1     1     0   416     0
    28     1     2     2     4     6     8     2     1     1     1     0     1     3     1     1   524     0
    29     1     1     2     2     4     6     8     0     0     0     0     1     2     1     1   679     0
    30     1     3     1     6     8     2     4     0     0     1     0     1     2     0     0   493     0
    31     2     5     0     1     3     5     7     1     1     0     1     1     3     1     1   620     0
    32     2     5     0     1     3     5     7     0     0     0     1     1     1     1     1   521     0
    33     2     8     1     7     1     3     5     0     0     1     0     1     2     0     0   452     0
    34     2     8     1     7     1     3     5     1     1     1     0     1     1     1     1   447     0
    35     1     1     2     2     4     6     8     1     0     1     0     1     3     0     1   497     0
    36     1     1     2     2     4     6     8     0     0     1     1     0     1     1     0   492     0
    37     1     1     2     2     4     6     8     1     1     1     1     0     1     1     1   502     0
    38     1     1     2     2     4     6     8     1     1     1     1     1     1     0     0   444     0
    39     2     6     2     3     5     7     1     0     0     1     0     0     3     1     1   446     0
    40     2     8     1     7     1     3     5     1     1     0     0     0     2     1     1   695     0
    41     2     8     1     7     1     3     5     1     0     0     1     1     1     0     1   466     0
    42     2     7     0     5     7     1     3     0     1     1     0     0     2     1     1   688     0
    43     1     4     1     8     2     4     6     0     1     1     0     0     3     0     0   599     0
    44     1     3     1     6     8     2     4     0     1     0     0     1     2     0     0   483     0
    45     1     3     1     6     8     2     4     1     0     1     0     0     1     1     1   642     0
    46     1     1     2     2     4     6     8     1     1     1     1     1     2     0     1   456     0
    47     2     8     1     7     1     3     5     0     1     1     1     0     3     1     0   437     0
    48     2     8     1     7     1     3     5     0     1     0     1     1     1     0     0   377     0
    49     2     7     0     5     7     1     3     1     0     1     1     0     2     1     1   563     0
    50     2     7     0     5     7     1     3     1     0     0     0     1     1     0     0   391     0
    51     2     5     0     1     3     5     7     0     0     1     0     1     2     1     0   602     0
    52     2     8     1     7     1     3     5     1     1     1     0     1     2     1     1   395     0
    53     1     1     2     2     4     6     8     1     1     0     0     1     3     0     0   521     0
    54     1     1     2     2     4     6     8     0     1     1     1     0     1     1     0   560     0
    55     1     4     1     8     2     4     6     1     0     0     0     0     2     1     1   596     0
    56     1     1     2     2     4     6     8     0     0     0     1     1     2     1     0   605     0
    57     1     3     1     6     8     2     4     1     0     0     0     0     2     1     0   489     0
    58     1     2     2     4     6     8     2     1     0     0     0     0     2     0     0   532     0
    59     1     1     2     2     4     6     8     1     0     0     0     0     2     0     0   511     0
    60     1     1     2     2     4     6     8     1     0     1     0     0     1     0     0   477     0
    61     2     5     0     1     3     5     7     0     0     1     0     0     3     1     0   468     0
    62     2     5     0     1     3     5     7     0     1     1     0     1     1     0     1   443     0
    63     2     5     0     1     3     5     7     1     1     1     1     1     1     1     0   425     0
    64     2     5     0     1     3     5     7     1     0     1     0     0     1     0     1   634     0
    65     2     6     2     3     5     7     1     0     0     0     0     0     2     1     0   458     0
    66     2     5     0     1     3     5     7     0     0     1     1     0     2     0     0   686     0
    67     1     3     1     6     8     2     4     0     0     1     0     0     3     0     0   496     0
    68     1     3     1     6     8     2     4     1     0     0     0     0     1     1     0   379     0
    69     1     4     1     8     2     4     6     1     0     0     0     0     2     0     0   420     0
    70     1     4     1     8     2     4     6     1     1     0     1     0     1     0     1   481     0
    71     2     6     2     3     5     7     1     0     1     1     1     0     3     1     0   495     0
    72     2     6     2     3     5     7     1     1     0     1     1     1     1     1     1   378     0
    73     2     6     2     3     5     7     1     1     0     1     0     1     1     0     0   402     0
    74     1     1     2     2     4     6     8     0     1     1     1     1     3     1     1   590     0
    75     1     4     1     8     2     4     6     1     0     1     0     0     2     1     1   583     0
    76     1     3     1     6     8     2     4     0     1     1     1     1     2     1     1   483     0
    77     1     4     1     8     2     4     6     0     1     0     1     0     2     0     0   434     0
    78     1     4     1     8     2     4     6     0     1     0     0     0     1     0     0   507     0
    79     2     8     1     7     1     3     5     0     0     0     0     1     3     0     1   451     0
    80     2     6     2     3     5     7     1     1     1     0     0     1     2     1     1   504     0
    81     2     6     2     3     5     7     1     1     1     1     0     0     1     0     0   595     0
    82     1     1     2     2     4     6     8     0     0     1     1     1     3     1     1   671     1
    83     2     5     0     1     3     5     7     0     0     1     0     1     3     0     0   572     0
    84     2     5     0     1     3     5     7     0     0     0     0     0     1     0     0   443     0
    85     1     2     2     4     6     8     2     1     0     1     1     1     3     1     0   787     1
    86     1     3     1     6     8     2     4     0     0     1     0     0     2     1     0   503     0
    87     2     8     1     7     1     3     5     0     0     1     0     0     3     0     0   390     0
    88     2     8     1     7     1     3     5     0     1     1     0     1     1     0     1   400     0
    89     1     1     2     2     4     6     8     0     1     1     1     1     3     0     0   463     0
    90     2     6     2     3     5     7     1     1     1     1     0     0     3     1     0   592     0
    91     2     7     0     5     7     1     3     0     0     0     1     1     2     1     1   445     0
    92     2     7     0     5     7     1     3     0     1     0     0     1     1     0     1   563     0
    93     1     1     2     2     4     6     8     1     0     1     1     1     3     1     1   559     0
    94     1     1     2     2     4     6     8     1     1     1     0     0     1     0     1   511     0
    95     1     1     2     2     4     6     8     1     1     1     1     1     1     0     0   402     0
    96     1     1     2     2     4     6     8     1     1     1     1     0     1     0     0   410     0
    97     1     1     2     2     4     6     8     1     0     1     0     1     1     0     1   671     0
    98     1     2     2     4     6     8     2     1     0     1     1     1     2     0     0   640     0
    99     1     3     1     6     8     2     4     0     0     0     0     1     2     1     0   701     0
   100     1     3     1     6     8     2     4     0     1     0     1     1     1     0     1   591     0
   101     2     8     1     7     1     3     5     0     1     0     0     0     3     0     0   516     0
   102     2     8     1     7     1     3     5     0     0     1     0     1     1     0     1   611     0
   103     1     4     1     8     2     4     6     1     1     1     0     1     3     1     1   707     0
   104     2     7     0     5     7     1     3     1     1     0     0     1     3     0     0   610     0
   105     2     6     2     3     5     7     1     0     1     0     0     0     2     1     0   551     0
   106     2     5     0     1     3     5     7     0     0     0     0     0     2     0     1   492     1
   107     1     1     2     2     4     6     8     1     1     0     0     1     3     1     1   699     0
   108     1     1     2     2     4     6     8     1     0     0     1     0     1     0     1   681     0
   109     2     6     2     3     5     7     1     1     1     1     1     1     3     0     1   560     0
   110     2     7     0     5     7     1     3     1     0     0     0     1     2     0     1   587     0
   111     1     3     1     6     8     2     4     1     1     1     0     1     3     0     1   478     0
   112     2     8     1     7     1     3     5     1     1     1     0     1     3     0     0   428     0
   113     2     7     0     5     7     1     3     1     1     0     0     1     2     0     0   555     0
   114     2     6     2     3     5     7     1     1     0     0     1     1     2     0     1   400     0
   115     2     6     2     3     5     7     1     0     0     1     1     1     1     1     0   629     0
   116     2     6     2     3     5     7     1     1     1     0     0     1     1     1     1   458     0
   117     1     3     1     6     8     2     4     1     1     1     1     1     3     0     0   439     0
   118     1     3     1     6     8     2     4     1     1     0     1     0     1     0     0   509     0
   119     1     4     1     8     2     4     6     1     1     1     1     0     2     0     0   436     0
   120     1     4     1     8     2     4     6     0     0     0     0     1     1     1     1   602     0
   121     1     4     1     8     2     4     6     0     0     1     1     1     1     0     0   514     0
   122     2     5     0     1     3     5     7     0     1     1     0     0     3     0     1   457     0
   123     1     1     2     2     4     6     8     1     1     0     0     0     3     1     0   527     0
   124     1     2     2     4     6     8     2     0     0     0     1     0     2     1     1   954     0
   125     1     1     2     2     4     6     8     1     1     1     0     1     2     1     1   457     0
   126     1     1     2     2     4     6     8     1     0     0     0     0     1     0     1   695     0
   127     2     7     0     5     7     1     3     0     1     0     1     0     3     1     1   589     0
   128     2     7     0     5     7     1     3     0     1     0     0     1     1     0     0   529     0
   129     1     2     2     4     6     8     2     0     1     1     0     0     3     0     0   485     0
   130     1     2     2     4     6     8     2     0     0     0     1     1     1     0     1   492     0
   131     2     8     1     7     1     3     5     1     1     0     0     0     3     1     1   614     0
   132     2     8     1     7     1     3     5     1     1     1     1     1     1     0     0   547     0
   133     2     8     1     7     1     3     5     0     0     0     1     0     1     1     1   476     0
   134     2     8     1     7     1     3     5     1     1     0     0     1     1     1     1   482     0
   135     2     7     0     5     7     1     3     1     0     0     1     1     2     0     1   496     0
   136     2     7     0     5     7     1     3     1     0     1     0     0     1     0     0   406     0
   137     1     2     2     4     6     8     2     0     1     1     0     0     3     1     1   479     0
   138     1     1     2     2     4     6     8     0     0     0     1     1     2     0     1   445     0
   139     1     2     2     4     6     8     2     1     1     0     1     1     2     1     1   503     0
   140     1     2     2     4     6     8     2     1     1     0     0     1     1     0     0   453     1
   141     1     2     2     4     6     8     2     1     0     0     0     1     1     0     1   686     0
   142     1     1     2     2     4     6     8     0     1     1     1     1     2     1     1   437     0
   143     1     4     1     8     2     4     6     0     1     1     0     0     2     0     0   530     0
   144     1     1     2     2     4     6     8     0     1     1     0     1     2     0     0   433     0
   145     1     4     1     8     2     4     6     0     0     1     1     1     2     0     1   550     0
   146     1     4     1     8     2     4     6     1     1     0     1     0     1     1     1   450     0
   147     2     7     0     5     7     1     3     1     0     1     1     0     3     0     1   468     0
   148     2     8     1     7     1     3     5     1     0     0     1     0     2     0     0   530     0
   149     2     8     1     7     1     3     5     0     1     1     1     1     1     1     1   406     0
   150     2     8     1     7     1     3     5     0     0     1     0     1     1     0     1   470     0
   151     1     2     2     4     6     8     2     0     1     0     0     1     3     0     1   488     0
   152     1     2     2     4     6     8     2     0     0     0     0     1     1     0     1   594     0
   153     2     7     0     5     7     1     3     1     0     0     0     1     3     1     0   679     0
   154     2     8     1     7     1     3     5     0     1     1     0     1     2     1     1   509     0
   155     2     5     0     1     3     5     7     1     0     0     0     0     2     1     1   499     0
   156     2     5     0     1     3     5     7     1     1     0     0     0     1     0     1   702     0
   157     2     5     0     1     3     5     7     1     0     0     1     0     1     0     1   470     0
   158     2     5     0     1     3     5     7     1     1     0     0     1     1     0     1   507     1
   159     1     4     1     8     2     4     6     0     0     0     0     0     3     1     1   685     0
   160     1     4     1     8     2     4     6     1     0     0     1     1     1     1     0   592     0
   161     2     5     0     1     3     5     7     1     1     1     0     0     3     0     1   511     0
   162     2     5     0     1     3     5     7     0     1     0     1     1     1     1     0   897     0
   163     2     6     2     3     5     7     1     0     0     1     1     0     2     0     1   447     0
   164     2     6     2     3     5     7     1     1     1     0     1     0     1     1     1   596     0
   165     2     5     0     1     3     5     7     0     0     1     0     1     2     1     1   541     0
   166     2     5     0     1     3     5     7     1     1     0     1     1     1     1     1   484     0
   167     1     2     2     4     6     8     2     0     0     0     0     1     3     1     1   579     0
   168     1     2     2     4     6     8     2     1     0     1     0     1     1     1     0   500     0
   169     1     4     1     8     2     4     6     1     1     1     1     1     2     0     1   498     0
   170     1     4     1     8     2     4     6     1     0     0     0     0     1     0     1   480     0
   171     1     2     2     4     6     8     2     0     1     1     1     1     2     1     1   466     0
   172     1     2     2     4     6     8     2     0     0     1     1     0     1     0     1   679     0
   173     1     2     2     4     6     8     2     0     0     0     0     0     1     0     0   433     0
   174     1     2     2     4     6     8     2     0     1     0     1     0     1     0     1   666     0
   175     2     8     1     7     1     3     5     0     0     0     0     1     3     0     1   464     0
   176     2     6     2     3     5     7     1     0     0     0     1     1     2     0     0   502     0
   177     2     6     2     3     5     7     1     0     1     0     1     0     1     0     1   453     0
   178     2     6     2     3     5     7     1     1     0     0     1     0     1     1     1   532     0
   179     1     3     1     6     8     2     4     0     1     0     1     1     3     1     1   655     0
   180     2     6     2     3     5     7     1     1     0     0     0     0     3     1     1   462     0
   181     2     8     1     7     1     3     5     0     1     0     1     0     2     1     1   683     0
   182     2     8     1     7     1     3     5     1     0     0     1     0     1     1     1   670     0
   183     1     4     1     8     2     4     6     0     0     1     1     0     3     1     0   536     0
   184     1     4     1     8     2     4     6     0     0     1     0     1     1     0     0   475     0
   185     1     4     1     8     2     4     6     0     1     0     0     1     1     0     1   568     0
   186     1     4     1     8     2     4     6     0     0     1     1     1     1     0     1   544     0
   187     2     8     1     7     1     3     5     0     1     0     0     0     3     0     1   648     0
   188     1     3     1     6     8     2     4     1     0     0     0     1     3     1     1   728     0
   189     2     5     0     1     3     5     7     1     1     1     1     0     3     0     1   615     0
   190     2     5     0     1     3     5     7     1     0     1     0     1     1     0     1   584     0
   191     2     5     0     1     3     5     7     0     0     1     0     1     1     1     0   613     0
   192     2     6     2     3     5     7     1     1     1     0     1     1     2     1     1   589     0
   193     2     8     1     7     1     3     5     0     0     0     1     0     2     1     1   585     0
   194     2     8     1     7     1     3     5     0     1     1     1     1     1     0     1   429     0
   195     1     2     2     4     6     8     2     1     0     1     0     1     3     1     1   643     0
   196     1     2     2     4     6     8     2     1     1     1     1     1     1     0     1   505     0
   197     2     7     0     5     7     1     3     0     1     0     1     1     3     1     0   572     0
   198     2     5     0     1     3     5     7     1     1     1     1     1     2     1     0   547     0
   199     1     1     2     2     4     6     8     1     1     0     1     1     3     0     0   576     0
   200     1     3     1     6     8     2     4     1     1     1     1     1     2     0     0   435     0
   201     2     8     1     7     1     3     5     0     0     0     1     1     3     1     1   596     0
   202     2     5     0     1     3     5     7     1     0     0     0     1     2     1     0   653     0
   203     2     8     1     7     1     3     5     1     0     1     1     1     2     0     0   415     0
   204     1     1     2     2     4     6     8     0     0     1     1     1     3     1     0   703     0
   205     1     3     1     6     8     2     4     0     1     1     1     0     2     0     1   614     0
   206     1     1     2     2     4     6     8     0     1     0     0     0     2     0     0   670     0
   207     2     5     0     1     3     5     7     0     0     0     0     1     3     0     1   600     0
   208     2     7     0     5     7     1     3     1     0     0     0     0     2     1     0   592     0
   209     2     6     2     3     5     7     1     0     1     0     1     0     2     1     1   965     0
   210     2     6     2     3     5     7     1     1     0     0     1     0     1     1     1   457     0
   211     2     5     0     1     3     5     7     1     1     0     1     1     2     0     1   547     0
   212     2     5     0     1     3     5     7     0     1     0     0     1     1     1     0   498     0
   213     2     8     1     7     1     3     5     1     1     0     1     0     2     1     0   701     0
   214     2     7     0     5     7     1     3     0     0     1     0     0     2     1     1   579     0
   215     2     8     1     7     1     3     5     1     1     0     0     1     2     1     1   579     0
   216     2     8     1     7     1     3     5     1     0     0     1     0     1     0     1   528     0
   217     2     8     1     7     1     3     5     0     0     0     0     1     1     1     0  1020     0
   218     2     8     1     7     1     3     5     0     1     1     1     1     1     0     1   665     0
   219     2     5     0     1     3     5     7     1     0     1     0     1     2     1     1   607     0
   220     2     5     0     1     3     5     7     0     1     1     0     1     1     1     1   516     0
   221     1     4     1     8     2     4     6     1     0     1     0     1     3     1     1   482     0
   222     1     4     1     8     2     4     6     0     1     1     0     1     1     1     1   517     0
   223     1     2     2     4     6     8     2     0     1     1     0     0     2     0     0   583     1
   224     2     5     0     1     3     5     7     0     0     1     0     0     3     0     1   487     1
   225     1     3     1     6     8     2     4     1     1     1     1     1     3     1     1   923     0
   226     2     8     1     7     1     3     5     0     1     0     0     0     3     1     0   491     0
   227     2     7     0     5     7     1     3     1     0     0     0     0     2     1     1   453     0
   228     2     7     0     5     7     1     3     1     0     1     0     1     1     0     0   531     0
   229     2     5     0     1     3     5     7     1     0     0     0     1     2     0     0   623     0
   230     2     5     0     1     3     5     7     1     0     0     1     0     1     0     0   456     0
   231     2     8     1     7     1     3     5     1     1     0     1     0     2     0     1   461     0
   232     2     8     1     7     1     3     5     0     0     1     0     0     1     1     1   679     0
   233     1     1     2     2     4     6     8     1     0     0     0     0     3     1     0   438     0
   234     1     1     2     2     4     6     8     0     0     1     1     0     1     1     0   628     0
   235     1     2     2     4     6     8     2     1     1     0     1     0     2     1     1   561     0
   236     2     5     0     1     3     5     7     1     1     1     1     1     3     0     0   513     0
   237     1     1     2     2     4     6     8     1     1     0     1     1     3     0     0   504     0
   238     1     1     2     2     4     6     8     0     1     1     1     1     1     1     0   486     0
   239     2     5     0     1     3     5     7     1     0     1     0     0     3     1     1   476     0
   240     2     5     0     1     3     5     7     0     1     1     0     1     1     1     1   463     0
   241     1     2     2     4     6     8     2     0     0     0     1     1     3     0     1   456     1
   242     1     2     2     4     6     8     2     1     0     0     1     0     1     1     0   782     0
   243     1     1     2     2     4     6     8     1     0     0     0     0     2     0     0   465     0
   244     1     2     2     4     6     8     2     0     1     0     0     0     2     1     1   564     0
   245     2     5     0     1     3     5     7     1     1     0     0     0     3     1     0   623     0
   246     2     5     0     1     3     5     7     1     1     1     1     1     1     0     0   501     0
   247     1     3     1     6     8     2     4     0     0     0     1     1     3     1     1   524     0
   248     1     3     1     6     8     2     4     1     1     0     1     0     1     1     1   611     0
   249     1     2     2     4     6     8     2     1     0     1     1     0     2     0     1   608     0
   250     1     2     2     4     6     8     2     1     1     0     1     1     1     0     1   520     0
   251     2     6     2     3     5     7     1     1     0     1     1     1     3     0     1   702     0
   252     2     6     2     3     5     7     1     1     0     0     0     1     1     0     0   417     0
   253     2     8     1     7     1     3     5     1     0     1     0     1     2     0     0   466     0
   254     2     6     2     3     5     7     1     1     0     1     1     0     2     0     0   449     0
   255     1     3     1     6     8     2     4     1     0     0     1     1     3     0     0   518     0
   256     1     3     1     6     8     2     4     0     0     1     1     1     1     1     0   677     0
   257     1     4     1     8     2     4     6     0     1     0     0     0     2     0     1   531     0
   258     1     1     2     2     4     6     8     1     0     0     1     1     2     1     1   603     0
   259     1     3     1     6     8     2     4     1     1     1     0     0     2     0     1   527     0
   260     1     1     2     2     4     6     8     1     0     1     1     0     2     0     1   665     0
   261     1     4     1     8     2     4     6     0     0     0     0     0     2     1     0   623     0
   262     2     7     0     5     7     1     3     0     1     1     1     0     3     0     1   600     0
   263     1     3     1     6     8     2     4     0     0     1     0     1     3     0     1   564     0
   264     1     4     1     8     2     4     6     1     1     0     1     0     2     1     1   628     0
   265     2     7     0     5     7     1     3     1     0     1     0     0     3     0     1   554     0
   266     1     4     1     8     2     4     6     0     0     1     0     1     3     1     0   513     0
   267     2     7     0     5     7     1     3     0     1     1     0     0     3     0     1   476     0
   268     2     5     0     1     3     5     7     1     0     0     0     0     2     1     1   626     1
   269     1     4     1     8     2     4     6     1     0     0     0     0     3     0     0   455     0
   270     1     4     1     8     2     4     6     1     0     1     0     1     1     0     0   513     0
   271     1     2     2     4     6     8     2     0     0     1     0     0     2     1     0   604     0
   272     1     2     2     4     6     8     2     0     0     1     0     0     1     0     0   461     0
   273     2     5     0     1     3     5     7     1     1     1     1     1     3     1     1   587     0
   274     2     8     1     7     1     3     5     0     1     0     1     1     2     1     0   820     0
   275     1     3     1     6     8     2     4     0     1     0     1     1     3     0     0   441     0
   276     1     3     1     6     8     2     4     1     0     1     1     1     1     1     1   543     0
   277     1     3     1     6     8     2     4     0     0     1     0     1     1     1     0   419     1
   278     1     3     1     6     8     2     4     1     1     0     1     1     1     1     1   455     0
   279     1     3     1     6     8     2     4     0     0     1     0     0     1     1     1   585     0
   280     1     4     1     8     2     4     6     0     1     1     1     1     2     0     1   485     0
   281     1     3     1     6     8     2     4     0     1     1     1     1     2     0     0   482     0
   282     1     4     1     8     2     4     6     0     1     1     1     0     2     0     0   492     0
   283     1     3     1     6     8     2     4     1     1     0     1     0     2     1     0   582     0
   284     1     3     1     6     8     2     4     0     1     1     1     1     1     1     0   411     0
   285     2     6     2     3     5     7     1     1     0     1     0     1     3     1     1   480     0
   286     2     6     2     3     5     7     1     0     1     0     1     1     1     1     1   495     0
   287     2     6     2     3     5     7     1     1     1     0     1     1     1     1     0   469     0
   288     2     5     0     1     3     5     7     1     0     0     1     0     2     0     1   702     0
   289     1     1     2     2     4     6     8     1     0     0     0     1     3     0     0   536     0
   290     1     1     2     2     4     6     8     0     1     1     1     1     1     1     1   472     0
   291     2     7     0     5     7     1     3     1     1     0     0     0     3     1     0   617     0
   292     2     7     0     5     7     1     3     1     1     1     1     0     1     0     0   394     0
   293     1     3     1     6     8     2     4     0     1     1     1     0     3     1     0   471     0
   294     2     6     2     3     5     7     1     1     0     0     0     0     3     1     1   406     0
   295     2     8     1     7     1     3     5     1     1     1     0     1     2     0     1   478     0
   296     2     8     1     7     1     3     5     1     0     1     1     0     1     0     1   496     0
   297     1     2     2     4     6     8     2     0     0     0     0     1     3     1     0   594     1
   298     1     2     2     4     6     8     2     0     1     0     0     0     1     0     1   570     0
   299     2     8     1     7     1     3     5     0     1     0     1     0     3     0     0   531     0
   300     2     8     1     7     1     3     5     1     1     1     1     0     1     1     0   522     0
   301     2     7     0     5     7     1     3     0     1     0     0     0     2     1     0   449     1
   302     2     7     0     5     7     1     3     0     1     0     0     0     1     0     0   490     0
   303     1     3     1     6     8     2     4     0     1     1     0     0     3     0     0   404     0
   304     1     3     1     6     8     2     4     1     0     0     1     1     1     1     1   612     0
   305     2     6     2     3     5     7     1     1     1     0     0     0     3     0     1   545     0
   306     2     6     2     3     5     7     1     1     1     1     1     0     1     0     0   474     0
   307     2     6     2     3     5     7     1     1     1     1     0     1     1     0     0   420     0
   308     2     6     2     3     5     7     1     1     0     0     0     0     1     0     1   621     0
   309     2     5     0     1     3     5     7     0     1     0     1     1     2     1     1   581     0
   310     1     2     2     4     6     8     2     0     0     1     0     0     3     0     1   734     0
   311     2     7     0     5     7     1     3     0     1     0     1     1     3     0     1   558     0
   312     2     8     1     7     1     3     5     1     0     0     0     0     2     1     1   582     0
   313     1     3     1     6     8     2     4     1     1     0     0     0     3     0     1   593     0
   314     1     3     1     6     8     2     4     0     0     1     0     1     1     1     1   622     0
   315     2     7     0     5     7     1     3     0     1     0     1     1     3     0     1   524     0
   316     2     8     1     7     1     3     5     1     1     1     0     1     2     1     0   487     0
   317     2     8     1     7     1     3     5     1     1     0     0     1     1     0     0   549     0
   318     2     5     0     1     3     5     7     0     1     0     1     0     2     1     0   573     0
   319     2     7     0     5     7     1     3     1     1     0     1     1     2     1     0   625     0
   320     2     8     1     7     1     3     5     0     0     0     1     1     2     1     1   631     0
   321     2     5     0     1     3     5     7     0     1     0     0     1     2     0     1   492     0
   322     2     8     1     7     1     3     5     1     1     1     1     0     2     1     0   541     0
   323     1     2     2     4     6     8     2     0     0     0     0     1     3     1     1   620     0
   324     1     2     2     4     6     8     2     0     0     0     1     1     1     0     0   629     0
   325     1     3     1     6     8     2     4     0     0     1     1     1     2     0     0   583     0
   326     1     3     1     6     8     2     4     0     0     0     0     1     1     0     0   471     0
   327     1     1     2     2     4     6     8     0     1     1     0     1     2     0     1   477     0
   328     2     8     1     7     1     3     5     0     1     0     0     0     3     0     0   571     0
   329     2     6     2     3     5     7     1     1     1     0     0     1     2     1     0   632     0
   330     1     1     2     2     4     6     8     1     1     1     1     0     3     0     0   529     0
   331     1     1     2     2     4     6     8     0     0     1     0     1     1     1     1   544     0
   332     1     1     2     2     4     6     8     0     1     0     1     1     1     0     1   702     0
   333     1     4     1     8     2     4     6     0     1     1     1     1     2     0     0   429     0
   334     1     4     1     8     2     4     6     1     1     1     1     0     1     1     0   546     0
   335     2     6     2     3     5     7     1     1     1     0     1     0     3     0     0   515     0
   336     2     6     2     3     5     7     1     1     0     0     1     0     1     0     1   537     0
   337     1     2     2     4     6     8     2     1     0     0     1     1     3     0     0   534     0
   338     1     2     2     4     6     8     2     0     1     0     1     1     1     1     1   449     0
   339     2     7     0     5     7     1     3     0     1     1     0     1     3     0     0   443     0
   340     2     7     0     5     7     1     3     0     1     1     1     0     1     0     0   437     0
   341     2     6     2     3     5     7     1     1     0     0     0     0     2     1     1   446     0
   342     2     5     0     1     3     5     7     0     0     0     1     0     2     1     0   488     0
   343     1     3     1     6     8     2     4     1     1     1     0     0     3     1     1   438     0
   344     1     3     1     6     8     2     4     0     0     1     0     1     1     1     1   544     0
   345     2     6     2     3     5     7     1     0     1     1     0     0     3     0     1   480     0
   346     2     6     2     3     5     7     1     1     0     0     0     0     1     1     1   410     0
   347     1     3     1     6     8     2     4     1     0     1     0     0     3     0     0   479     0
   348     1     3     1     6     8     2     4     0     0     0     0     0     1     1     0   489     0
   349     1     1     2     2     4     6     8     1     1     0     0     1     2     1     1   536     0
   350     1     4     1     8     2     4     6     1     0     1     1     1     2     0     1   515     1
   351     2     6     2     3     5     7     1     0     0     0     1     0     3     1     0   572     1
   352     2     6     2     3     5     7     1     1     0     0     0     1     1     1     0   568     0
   353     1     4     1     8     2     4     6     0     0     1     1     1     3     1     0   704     0
   354     1     4     1     8     2     4     6     0     0     0     1     0     1     0     0   487     0
   355     1     1     2     2     4     6     8     0     1     0     1     1     2     0     1   498     0
   356     1     1     2     2     4     6     8     0     0     1     0     0     1     0     1   712     0
   357     1     1     2     2     4     6     8     0     0     1     1     0     1     0     0   439     0
   358     1     2     2     4     6     8     2     1     0     1     0     1     2     1     0   848     1
   359     2     7     0     5     7     1     3     1     1     0     1     1     3     0     1   724     0
   360     2     7     0     5     7     1     3     0     0     1     0     0     1     1     1   606     0
   361     2     7     0     5     7     1     3     0     0     0     0     1     1     0     0   440     0
   362     2     7     0     5     7     1     3     0     0     0     0     0     1     0     0   398     0
   363     1     4     1     8     2     4     6     0     0     0     0     1     3     0     0   502     0
   364     1     4     1     8     2     4     6     0     0     1     1     0     1     0     0   382     0
   365     2     8     1     7     1     3     5     1     1     1     1     0     3     1     1   702     0
   366     2     7     0     5     7     1     3     1     1     1     0     1     2     0     0   509     0
   367     1     1     2     2     4     6     8     0     0     0     0     1     3     1     1   659     0
   368     1     1     2     2     4     6     8     0     1     1     1     0     1     0     1   533     0
   369     1     3     1     6     8     2     4     1     1     0     0     0     2     1     0   595     0
   370     1     4     1     8     2     4     6     0     0     0     1     1     2     1     1   568     0
   371     1     3     1     6     8     2     4     0     1     0     0     0     2     0     1   541     0
   372     2     8     1     7     1     3     5     0     1     1     1     1     3     0     0   475     0
   373     1     1     2     2     4     6     8     1     0     0     1     1     3     1     1   634     0
   374     1     2     2     4     6     8     2     1     1     1     0     1     2     0     1   737     0
   375     2     6     2     3     5     7     1     0     1     1     1     0     3     1     0   476     0
   376     2     6     2     3     5     7     1     1     1     1     0     0     1     1     0   458     0
   377     1     2     2     4     6     8     2     1     0     0     0     1     3     0     1   521     0
   378     1     2     2     4     6     8     2     1     0     0     1     0     1     0     0   476     0
   379     2     8     1     7     1     3     5     1     1     1     0     0     3     0     1   483     0
   380     1     1     2     2     4     6     8     0     0     1     0     0     3     1     1   746     0
   381     2     8     1     7     1     3     5     0     0     1     0     1     3     0     0   505     0
   382     2     8     1     7     1     3     5     0     1     1     0     1     1     0     1   437     0
   383     2     5     0     1     3     5     7     1     0     1     0     1     2     1     1   650     0
   384     2     7     0     5     7     1     3     0     1     0     1     1     2     1     1   663     0
   385     2     6     2     3     5     7     1     1     0     1     1     1     2     1     1   557     0
   386     2     6     2     3     5     7     1     0     1     0     1     0     1     1     1   440     0
   387     2     5     0     1     3     5     7     0     0     1     0     1     2     0     1   538     0
   388     2     5     0     1     3     5     7     1     1     0     1     0     1     1     1   657     0
   389     1     3     1     6     8     2     4     1     0     1     0     0     3     0     1   566     0
   390     1     3     1     6     8     2     4     1     1     0     0     1     1     0     1   507     0
   391     1     2     2     4     6     8     2     1     1     0     1     0     2     0     0   605     0
   392     1     3     1     6     8     2     4     0     0     1     0     1     2     1     1   541     0
   393     1     2     2     4     6     8     2     1     1     1     1     1     2     1     1   608     0
   394     1     2     2     4     6     8     2     1     0     0     0     1     1     0     1   441     0
   395     2     5     0     1     3     5     7     1     1     1     1     1     3     0     1   655     0
   396     2     5     0     1     3     5     7     1     0     0     1     0     1     0     1   541     0
   397     2     6     2     3     5     7     1     0     1     1     1     1     2     1     1   541     0
   398     2     7     0     5     7     1     3     0     0     1     1     1     2     0     1   457     0
   399     1     4     1     8     2     4     6     1     1     0     0     1     3     1     1   509     0
   400     2     5     0     1     3     5     7     1     1     0     1     0     3     0     0   521     0
   401     2     8     1     7     1     3     5     0     1     0     1     0     2     1     0   459     0
   402     2     5     0     1     3     5     7     0     1     0     0     0     2     0     0   644     0
   403     1     2     2     4     6     8     2     0     1     0     0     1     3     0     0   442     1
   404     2     7     0     5     7     1     3     1     1     1     1     0     3     1     0   724     0
   405     2     8     1     7     1     3     5     1     0     1     0     1     2     0     1   542     0
   406     2     8     1     7     1     3     5     0     0     1     0     1     1     1     0   510     0
   407     1     3     1     6     8     2     4     0     0     0     0     0     3     0     0   569     0
   408     1     1     2     2     4     6     8     1     0     1     0     0     2     1     0   585     0
   409     2     7     0     5     7     1     3     0     1     0     0     1     3     1     1   556     0
   410     2     7     0     5     7     1     3     0     0     1     1     0     1     0     1   500     0
   411     2     5     0     1     3     5     7     1     1     0     0     0     2     1     1   607     0
   412     2     6     2     3     5     7     1     0     1     1     1     0     2     1     0   471     0
   413     2     5     0     1     3     5     7     0     0     0     1     1     2     0     1   470     0
   414     2     5     0     1     3     5     7     0     1     1     0     1     1     0     1   428     0
   415     2     5     0     1     3     5     7     1     0     1     1     0     1     1     1   517     0
   416     2     6     2     3     5     7     1     0     0     0     1     0     2     1     0   680     0
   417     1     1     2     2     4     6     8     0     0     0     0     0     3     0     0   407     0
   418     1     4     1     8     2     4     6     0     0     1     0     1     2     0     0   700     0
   419     2     8     1     7     1     3     5     0     1     0     0     1     3     0     1   547     0
   420     2     8     1     7     1     3     5     0     0     1     1     1     1     0     1   459     0
   421     2     6     2     3     5     7     1     1     0     0     0     1     2     1     0   560     0
   422     2     6     2     3     5     7     1     1     0     1     0     1     1     0     0   453     0
   423     1     2     2     4     6     8     2     1     1     0     1     0     3     0     1   730     0
   424     1     4     1     8     2     4     6     1     0     1     1     1     2     0     1   521     0
   425     1     1     2     2     4     6     8     1     1     1     1     0     2     0     1   512     0
   426     1     1     2     2     4     6     8     0     0     1     0     1     1     1     1   623     0
   427     2     5     0     1     3     5     7     0     1     0     0     1     3     0     1   716     0
   428     2     5     0     1     3     5     7     0     1     1     0     1     1     0     0   651     0
   429     2     5     0     1     3     5     7     1     1     1     0     0     1     1     0   636     0
   430     1     2     2     4     6     8     2     1     1     0     0     0     3     0     0   501     1
   431     2     5     0     1     3     5     7     1     0     0     1     0     3     0     1   627     0
   432     2     6     2     3     5     7     1     0     0     0     1     0     2     1     0   467     0
   433     2     7     0     5     7     1     3     0     0     1     1     0     2     0     0   554     0
   434     2     7     0     5     7     1     3     0     1     1     0     1     1     0     1   618     0
   435     2     8     1     7     1     3     5     0     1     1     0     1     2     0     0   631     0
   436     2     8     1     7     1     3     5     1     1     1     0     1     1     1     0   564     0
   437     2     8     1     7     1     3     5     1     0     1     0     0     1     0     1   480     0
   438     1     3     1     6     8     2     4     1     1     0     0     0     3     0     1   570     0
   439     2     6     2     3     5     7     1     1     0     1     1     0     3     0     1   511     0
   440     2     6     2     3     5     7     1     1     1     1     0     0     1     0     1   546     0
   441     1     3     1     6     8     2     4     1     1     0     0     0     3     0     0   514     0
   442     1     2     2     4     6     8     2     0     0     1     0     1     2     1     1   877     1
   443     2     5     0     1     3     5     7     1     0     0     0     1     3     1     0   562     1
   444     2     5     0     1     3     5     7     0     1     0     0     0     1     1     1   549     0
   445     2     7     0     5     7     1     3     0     1     0     0     1     2     0     0   589     0
   446     2     7     0     5     7     1     3     1     0     1     1     0     1     1     1   617     0
   447     1     2     2     4     6     8     2     1     0     1     0     0     3     0     0   610     1
   448     1     2     2     4     6     8     2     0     1     1     0     0     1     1     1   582     0
   449     1     2     2     4     6     8     2     0     0     0     1     0     1     0     1  1308     1
   450     1     3     1     6     8     2     4     1     0     1     0     1     2     1     0   712     0
   451     1     1     2     2     4     6     8     1     1     1     1     1     2     0     1   850     0
   452     1     1     2     2     4     6     8     1     1     0     1     1     1     0     0   453     0
   453     1     3     1     6     8     2     4     0     0     0     1     0     2     1     1   446     0
   454     1     3     1     6     8     2     4     1     0     0     0     0     1     1     0   544     0
   455     2     7     0     5     7     1     3     0     0     0     0     1     3     1     0   587     0
   456     2     7     0     5     7     1     3     0     0     0     1     0     1     0     0   523     0
   457     2     8     1     7     1     3     5     0     1     0     1     1     2     0     1   485     0
   458     2     5     0     1     3     5     7     0     0     1     1     0     2     0     1   515     0
   459     1     1     2     2     4     6     8     0     1     1     0     0     3     0     1   502     0
   460     1     1     2     2     4     6     8     1     1     0     0     1     1     1     0   524     1
   461     2     8     1     7     1     3     5     1     0     0     1     1     3     0     1   482     0
   462     1     1     2     2     4     6     8     1     0     1     0     0     3     0     0   636     0
   463     2     8     1     7     1     3     5     0     1     0     1     0     3     1     1   392     0
   464     2     7     0     5     7     1     3     1     1     0     1     0     2     1     0   521     1
   465     2     7     0     5     7     1     3     1     0     1     0     0     1     0     1   460     0
   466     2     7     0     5     7     1     3     1     1     0     1     1     1     0     1   598     0
   467     2     5     0     1     3     5     7     1     1     0     1     1     2     0     0   570     0
   468     2     7     0     5     7     1     3     0     1     0     1     0     2     1     0   542     0
   469     1     4     1     8     2     4     6     1     1     1     0     1     3     1     0   461     0
   470     1     4     1     8     2     4     6     0     1     0     0     0     1     1     0   582     0
   471     2     8     1     7     1     3     5     0     0     0     0     1     3     0     1   623     0
   472     2     8     1     7     1     3     5     1     1     0     1     0     1     1     1   432     0
   473     1     2     2     4     6     8     2     1     0     1     1     0     3     0     1   650     0
   474     1     1     2     2     4     6     8     1     1     0     1     1     2     0     1   515     0
   475     2     5     0     1     3     5     7     0     0     1     1     0     3     1     1   705     0
   476     2     5     0     1     3     5     7     0     1     1     0     0     1     0     1   500     0
   477     2     8     1     7     1     3     5     0     1     1     1     1     2     0     0   383     0
   478     2     8     1     7     1     3     5     0     0     1     0     0     1     0     1   464     0
   479     2     5     0     1     3     5     7     0     1     1     0     0     2     0     1   471     0
   480     2     6     2     3     5     7     1     0     1     0     1     1     2     0     0   401     0
   481     1     1     2     2     4     6     8     1     1     1     0     1     3     1     0   353     0
   482     2     8     1     7     1     3     5     1     1     0     1     1     3     0     0   373     0
   483     2     6     2     3     5     7     1     0     0     1     1     0     2     1     1   417     0
   484     1     3     1     6     8     2     4     1     0     0     1     0     3     1     0   547     0
   485     1     4     1     8     2     4     6     1     1     1     1     1     2     0     1   499     0
   486     1     4     1     8     2     4     6     0     0     0     0     1     1     1     1   453     0
   487     1     4     1     8     2     4     6     1     1     1     0     0     1     1     1   463     0
   488     2     7     0     5     7     1     3     1     1     1     1     1     3     0     0   430     0
   489     1     4     1     8     2     4     6     1     1     1     0     1     3     0     0   491     0
   490     1     4     1     8     2     4     6     0     1     1     1     1     1     1     0   418     0
   491     1     2     2     4     6     8     2     0     1     1     1     0     2     0     0   388     0
   492     1     1     2     2     4     6     8     0     1     1     1     0     2     0     0   480     0
   493     1     2     2     4     6     8     2     1     1     0     0     0     2     1     0   518     0
   494     1     3     1     6     8     2     4     0     0     1     0     1     2     1     1   468     1
   495     1     2     2     4     6     8     2     1     0     0     1     1     2     1     0   601     0
   496     1     2     2     4     6     8     2     1     0     0     1     0     1     0     0   389     0
   497     2     8     1     7     1     3     5     1     0     0     0     0     3     0     0   441     0
   498     2     8     1     7     1     3     5     0     0     0     1     0     1     1     0   523     0
   499     2     5     0     1     3     5     7     1     1     1     0     0     2     1     1   534     0
   500     2     5     0     1     3     5     7     1     1     0     1     0     1     0     0   446     0
   501     1     3     1     6     8     2     4     1     0     1     1     0     3     0     1   507     0
   502     1     3     1     6     8     2     4     1     1     0     1     0     1     0     1   534     0
   503     1     3     1     6     8     2     4     0     1     0     1     1     1     1     0   498     0
   504     2     8     1     7     1     3     5     1     1     1     1     0     3     1     0   505     0
   505     1     2     2     4     6     8     2     0     0     0     1     1     3     1     1   679     0
   506     1     2     2     4     6     8     2     0     0     0     1     0     1     0     0   866     0
   507     1     2     2     4     6     8     2     1     1     0     0     0     1     1     1   491     0
   508     1     2     2     4     6     8     2     0     0     1     0     1     1     1     1   578     0
   509     2     8     1     7     1     3     5     1     1     0     0     1     3     1     1   555     0
   510     2     6     2     3     5     7     1     0     1     0     1     1     2     1     0   523     0
   511     2     8     1     7     1     3     5     0     1     0     0     1     2     0     0   507     0
   512     2     8     1     7     1     3     5     0     0     1     0     1     1     0     1   497     0
   513     1     1     2     2     4     6     8     1     0     0     1     1     3     1     0   580     1
   514     2     6     2     3     5     7     1     0     0     0     1     0     3     1     0   579     0
   515     1     3     1     6     8     2     4     0     1     0     0     1     3     0     1   532     0
   516     1     4     1     8     2     4     6     1     1     1     0     0     2     1     0   546     0
   517     2     6     2     3     5     7     1     1     0     1     0     0     3     0     1   458     0
   518     2     6     2     3     5     7     1     1     0     1     1     0     1     0     0   464     0
   519     1     4     1     8     2     4     6     0     1     1     1     0     3     1     1   558     0
   520     1     4     1     8     2     4     6     0     1     0     1     0     1     0     0   434     0
   521     1     3     1     6     8     2     4     1     1     0     1     1     2     1     0   715     0
   522     1     3     1     6     8     2     4     0     1     1     1     1     1     1     0   435     0
   523     1     4     1     8     2     4     6     0     1     0     0     0     2     0     0   517     0
   524     1     4     1     8     2     4     6     1     0     0     0     1     1     1     1   587     0
   525     1     2     2     4     6     8     2     1     1     0     1     1     2     0     1   568     0
   526     1     3     1     6     8     2     4     1     1     1     0     0     2     0     0   572     0
   527     2     5     0     1     3     5     7     1     0     0     0     0     3     0     1   512     0
   528     2     5     0     1     3     5     7     1     0     0     0     1     1     0     0   660     0
   529     1     4     1     8     2     4     6     0     1     1     1     1     3     1     1   430     0
   530     1     1     2     2     4     6     8     1     0     0     0     1     2     1     1   504     0
   531     1     4     1     8     2     4     6     1     1     1     0     0     2     0     1   472     0
   532     1     2     2     4     6     8     2     1     1     0     1     1     2     0     0   498     0
   533     1     2     2     4     6     8     2     1     1     0     0     1     1     0     0   457     0
   534     1     2     2     4     6     8     2     1     0     1     1     1     1     0     1   498     0
   535     1     3     1     6     8     2     4     0     0     1     1     1     2     1     0   837     0
   536     1     3     1     6     8     2     4     1     1     0     0     0     1     1     1   574     0
   537     1     3     1     6     8     2     4     1     0     0     1     1     1     0     1   531     0
   538     1     3     1     6     8     2     4     0     1     1     0     1     1     1     1   429     0
   539     1     4     1     8     2     4     6     1     0     1     1     1     2     1     1   503     0
   540     2     7     0     5     7     1     3     1     0     0     0     1     3     0     0   534     0
   541     1     2     2     4     6     8     2     0     0     1     1     1     3     1     0   509     1
   542     2     5     0     1     3     5     7     1     1     0     1     1     3     1     1   572     0
   543     2     7     0     5     7     1     3     0     0     0     0     1     2     1     1   636     0
   544     2     5     0     1     3     5     7     1     0     1     0     0     2     1     0   455     0
   545     1     4     1     8     2     4     6     1     0     1     1     1     3     0     0   573     0
   546     1     1     2     2     4     6     8     0     0     1     0     0     2     1     0   573     0
   547     2     7     0     5     7     1     3     0     0     1     0     0     3     0     0   413     0
   548     2     7     0     5     7     1     3     0     0     1     1     0     1     0     0   566     0
   549     2     6     2     3     5     7     1     1     0     1     0     1     2     1     0   750     0
   550     1     1     2     2     4     6     8     1     1     1     1     0     3     0     1   505     0
   551     2     6     2     3     5     7     1     1     0     1     0     1     3     0     1   347     0
   552     2     7     0     5     7     1     3     1     0     1     0     0     2     0     0   391     0
   553     2     7     0     5     7     1     3     0     1     0     0     1     1     1     1   427     1
   554     2     7     0     5     7     1     3     1     1     1     1     0     1     1     0   564     0
   555     2     8     1     7     1     3     5     1     1     0     0     1     2     0     0   531     0
   556     2     8     1     7     1     3     5     1     0     1     0     1     1     0     1   407     0
   557     1     4     1     8     2     4     6     1     0     1     1     1     3     0     0   383     1
   558     1     3     1     6     8     2     4     1     1     0     1     0     2     0     1   555     0
   559     1     3     1     6     8     2     4     0     0     1     1     0     1     1     1   526     0
   560     1     3     1     6     8     2     4     1     0     1     1     1     1     1     0   462     0
   561     1     4     1     8     2     4     6     0     0     1     0     0     2     1     0   453     0
   562     1     4     1     8     2     4     6     0     0     0     0     1     1     0     0   384     0
   563     1     3     1     6     8     2     4     1     1     1     0     0     2     1     1   561     0
   564     1     3     1     6     8     2     4     1     1     1     1     1     1     0     0   423     0
   565     1     4     1     8     2     4     6     1     1     0     0     0     2     0     0   501     0
   566     1     3     1     6     8     2     4     1     1     0     0     0     2     0     0   515     0
   567     2     6     2     3     5     7     1     1     1     1     1     1     3     0     0   429     0
   568     2     6     2     3     5     7     1     1     1     0     0     1     1     0     0   471     0
   569     2     7     0     5     7     1     3     1     1     0     1     0     2     0     0   454     1
   570     2     7     0     5     7     1     3     0     0     1     1     1     1     1     1   643     0
   571     2     5     0     1     3     5     7     1     1     1     1     0     2     1     1   528     0
   572     2     6     2     3     5     7     1     1     0     1     1     0     2     0     1   540     0
   573     1     3     1     6     8     2     4     1     1     1     1     1     3     0     1   502     0
   574     1     3     1     6     8     2     4     0     1     0     0     0     1     1     0   424     0
   575     1     4     1     8     2     4     6     1     1     0     1     0     2     1     0   505     0
   576     1     1     2     2     4     6     8     1     1     0     1     0     2     0     0   432     0
   577     2     7     0     5     7     1     3     0     1     1     0     1     3     1     0   411     0
   578     2     7     0     5     7     1     3     1     0     1     0     0     1     1     1   460     0
   579     1     1     2     2     4     6     8     1     1     0     1     1     3     0     1   603     0
   580     1     4     1     8     2     4     6     0     1     1     1     1     2     1     0   484     0
   581     1     2     2     4     6     8     2     0     1     1     1     0     2     0     0   413     0
   582     1     2     2     4     6     8     2     0     1     1     0     0     1     0     0   438     0
   583     2     7     0     5     7     1     3     1     0     0     0     1     3     1     1   620     0
   584     1     4     1     8     2     4     6     0     0     1     0     1     3     1     0   800     0
   585     2     7     0     5     7     1     3     1     1     0     1     0     3     1     1   521     0
   586     1     2     2     4     6     8     2     0     0     1     1     1     3     1     1   552     0
   587     1     2     2     4     6     8     2     1     1     1     1     0     1     1     1   531     0
   588     1     2     2     4     6     8     2     1     0     1     1     0     1     0     1   650     0
   589     1     4     1     8     2     4     6     0     1     1     1     0     2     1     1   607     0
   590     1     2     2     4     6     8     2     0     1     0     1     1     2     0     0   533     0
   591     2     5     0     1     3     5     7     1     0     1     1     0     3     1     1   665     0
   592     1     4     1     8     2     4     6     1     0     0     1     0     3     0     0   499     1
   593     2     5     0     1     3     5     7     1     0     0     1     1     3     0     0   501     0
   594     2     5     0     1     3     5     7     0     0     0     1     0     1     1     0   458     0
   595     2     8     1     7     1     3     5     0     1     1     0     1     2     0     1   476     1
   596     2     8     1     7     1     3     5     1     1     1     0     1     1     1     0   577     0
   597     2     7     0     5     7     1     3     1     1     0     0     1     2     0     0   553     0
   598     2     7     0     5     7     1     3     0     1     1     1     1     1     1     0   513     0
   599     2     6     2     3     5     7     1     0     1     0     0     0     2     0     0   744     0
   600     2     8     1     7     1     3     5     1     1     0     0     1     2     1     0   416     0
   601     1     2     2     4     6     8     2     0     1     0     1     0     3     1     0   461     0
   602     1     2     2     4     6     8     2     0     0     1     0     0     1     0     1   607     0
   603     2     6     2     3     5     7     1     0     0     1     1     1     3     0     0   547     0
   604     1     3     1     6     8     2     4     0     0     0     0     1     3     0     0   522     0
   605     2     7     0     5     7     1     3     1     0     0     1     0     3     1     0   522     0
   606     1     4     1     8     2     4     6     0     0     0     1     0     3     1     0   460     0
   607     1     4     1     8     2     4     6     0     0     0     0     0     1     0     0   450     0
   608     1     2     2     4     6     8     2     0     1     1     1     1     2     0     1   733     0
   609     1     1     2     2     4     6     8     0     1     0     0     0     2     0     0   763     0
   610     1     1     2     2     4     6     8     1     1     0     1     1     1     1     0   579     0
   611     2     6     2     3     5     7     1     0     1     0     0     1     3     1     0   515     0
   612     2     6     2     3     5     7     1     1     0     0     1     1     1     1     1   598     0
   613     1     2     2     4     6     8     2     0     1     1     1     1     3     1     1   623     0
   614     1     2     2     4     6     8     2     1     1     1     1     0     1     1     0   540     0
   615     2     6     2     3     5     7     1     0     1     1     0     1     3     1     0   436     0
   616     2     6     2     3     5     7     1     1     1     1     0     1     1     1     0   481     0
   617     2     6     2     3     5     7     1     1     1     1     0     1     1     0     0   438     0
   618     2     7     0     5     7     1     3     0     1     0     1     1     2     1     0   484     0
   619     1     4     1     8     2     4     6     0     0     1     1     0     3     0     1   602     0
   620     1     4     1     8     2     4     6     1     0     1     1     0     1     1     0   443     0
   621     2     5     0     1     3     5     7     1     1     1     0     0     3     0     1   510     0
   622     2     5     0     1     3     5     7     0     0     1     0     0     1     1     1   489     0
   623     1     2     2     4     6     8     2     0     0     1     0     0     3     0     0   523     0
   624     1     2     2     4     6     8     2     0     0     1     0     1     1     0     0   459     0
   625     1     2     2     4     6     8     2     0     1     0     0     1     1     0     1   508     0
   626     1     3     1     6     8     2     4     0     0     1     0     1     2     0     1   555     0
   627     1     3     1     6     8     2     4     1     1     1     0     0     1     1     1   619     0
   628     1     3     1     6     8     2     4     1     1     1     0     1     1     0     0   424     0
   629     2     7     0     5     7     1     3     0     1     1     1     0     3     1     0   565     0
   630     2     5     0     1     3     5     7     0     1     0     0     0     2     0     0   545     0
   631     1     1     2     2     4     6     8     0     0     0     0     1     3     0     1   802     0
   632     1     2     2     4     6     8     2     1     1     0     0     0     2     1     1   434     1
   633     2     5     0     1     3     5     7     0     1     1     0     0     3     1     0   579     0
   634     2     5     0     1     3     5     7     0     1     0     1     1     1     0     0   396     0
   635     2     5     0     1     3     5     7     1     0     1     1     1     1     1     1   609     0
   636     2     5     0     1     3     5     7     1     0     0     0     1     1     0     0   469     0
   637     1     3     1     6     8     2     4     0     0     1     1     0     3     1     0   588     0
   638     1     4     1     8     2     4     6     1     0     0     0     0     2     1     0   413     0
   639     1     3     1     6     8     2     4     0     1     1     1     1     2     1     1   382     0
   640     1     3     1     6     8     2     4     0     0     1     0     1     1     0     1   395     0
   641     2     5     0     1     3     5     7     0     1     0     0     1     3     0     1   452     0
   642     2     5     0     1     3     5     7     0     1     1     0     1     1     0     0   386     0
   643     1     1     2     2     4     6     8     1     0     1     0     1     3     1     1   427     0
   644     1     1     2     2     4     6     8     1     1     0     0     0     1     0     1   567     0
   645     2     6     2     3     5     7     1     1     0     1     0     0     3     0     1   400     0
   646     2     7     0     5     7     1     3     0     1     1     0     1     2     1     1   584     0
   647     2     8     1     7     1     3     5     1     1     1     1     1     2     1     0   397     0
   648     2     8     1     7     1     3     5     0     1     1     1     1     1     1     0   382     0
   649     1     1     2     2     4     6     8     1     1     0     1     0     3     1     0   482     0
   650     1     1     2     2     4     6     8     1     1     1     1     0     1     0     0   376     0
   651     1     3     1     6     8     2     4     1     1     0     0     0     2     0     0   647     0
   652     1     3     1     6     8     2     4     1     0     0     1     1     1     0     1   384     1
   653     1     4     1     8     2     4     6     0     0     1     0     1     2     1     0   673     0
   654     1     2     2     4     6     8     2     0     1     1     0     0     2     0     1   483     0
   655     1     3     1     6     8     2     4     0     1     0     0     1     2     0     0   553     0
   656     1     3     1     6     8     2     4     0     1     1     1     0     1     0     0   392     0
   657     1     1     2     2     4     6     8     1     1     0     0     0     2     1     0   576     0
   658     1     1     2     2     4     6     8     1     1     1     1     1     1     0     0   460     0
   659     1     4     1     8     2     4     6     1     1     1     1     0     2     0     0   410     0
   660     1     4     1     8     2     4     6     0     1     0     0     1     1     1     0   470     0
   661     2     8     1     7     1     3     5     0     1     1     0     0     3     0     0   456     1
   662     2     5     0     1     3     5     7     1     1     1     1     0     2     1     0   546     0
   663     2     8     1     7     1     3     5     1     0     0     1     1     2     0     1   497     0
   664     2     8     1     7     1     3     5     1     0     1     1     1     1     0     0   544     0
   665     1     4     1     8     2     4     6     0     0     0     0     0     3     1     0   527     0
   666     1     4     1     8     2     4     6     1     0     1     0     1     1     1     0   474     0
   667     2     5     0     1     3     5     7     1     0     1     1     0     3     0     0   505     0
   668     2     5     0     1     3     5     7     1     0     0     0     0     1     0     0   400     0
   669     1     2     2     4     6     8     2     0     1     1     1     1     3     1     1   536     0
   670     2     7     0     5     7     1     3     1     0     1     1     1     3     1     1   524     0
   671     2     6     2     3     5     7     1     0     1     1     1     0     2     1     1   607     0
   672     2     6     2     3     5     7     1     0     1     0     1     0     1     0     0   571     0
   673     1     1     2     2     4     6     8     0     0     1     1     0     3     0     1   428     0
   674     1     1     2     2     4     6     8     0     1     1     1     1     1     0     1   561     0
   675     2     5     0     1     3     5     7     1     1     0     0     1     3     1     0   684     0
   676     2     5     0     1     3     5     7     1     1     1     1     1     1     0     0   371     0
   677     2     7     0     5     7     1     3     0     0     0     0     1     2     1     1   512     0
   678     2     6     2     3     5     7     1     1     0     0     1     0     2     1     0   459     0
   679     2     6     2     3     5     7     1     1     0     0     1     0     1     0     0   433     0
   680     2     6     2     3     5     7     1     0     1     0     0     1     1     1     1   470     0
   681     1     2     2     4     6     8     2     0     1     1     0     0     3     0     0   508     0
   682     1     3     1     6     8     2     4     1     1     0     1     1     2     1     0   416     0
   683     2     6     2     3     5     7     1     1     1     0     1     1     3     0     0   382     0
   684     2     6     2     3     5     7     1     1     0     0     1     1     1     0     1   635     0
   685     1     2     2     4     6     8     2     0     1     0     1     0     3     1     1   475     0
   686     2     7     0     5     7     1     3     1     1     1     1     1     3     1     0   409     0
   687     2     8     1     7     1     3     5     1     1     0     0     0     2     0     0   522     0
   688     1     1     2     2     4     6     8     1     1     1     1     0     3     0     0   368     0
   689     2     7     0     5     7     1     3     0     1     0     0     0     3     1     0   640     0
   690     2     7     0     5     7     1     3     0     0     0     1     0     1     0     1   518     0
   691     1     3     1     6     8     2     4     1     1     1     0     0     3     1     1   489     0
   692     1     4     1     8     2     4     6     1     0     0     0     0     2     0     1   519     0
   693     2     6     2     3     5     7     1     0     0     1     1     1     3     1     0   590     0
   694     1     3     1     6     8     2     4     0     0     0     0     0     3     0     0   454     0
   695     1     3     1     6     8     2     4     0     0     1     0     1     1     0     0   487     0
   696     1     4     1     8     2     4     6     1     1     1     1     0     2     1     1   574     0
   697     2     6     2     3     5     7     1     1     0     0     0     0     3     0     1   531     0
   698     2     6     2     3     5     7     1     0     0     0     1     0     1     1     0   447     0
   699     1     2     2     4     6     8     2     0     0     0     0     1     3     0     0   469     0
   700     1     4     1     8     2     4     6     0     0     0     1     0     2     0     0   436     0
   701     2     5     0     1     3     5     7     0     0     1     1     1     3     0     0   701     0
   702     2     5     0     1     3     5     7     1     0     1     0     0     1     1     0   663     0
   703     2     6     2     3     5     7     1     1     1     0     0     1     2     0     1   606     0
   704     2     6     2     3     5     7     1     1     0     1     0     1     1     0     1   503     0
   705     1     3     1     6     8     2     4     0     0     1     1     1     3     1     0   694     1
   706     1     3     1     6     8     2     4     1     1     1     0     0     1     1     1   596     0
   707     2     7     0     5     7     1     3     1     0     1     0     0     3     0     1   577     0
   708     2     8     1     7     1     3     5     0     0     0     0     0     2     1     0   490     0
   709     1     2     2     4     6     8     2     1     1     1     0     1     3     1     1   497     0
   710     1     2     2     4     6     8     2     0     1     1     0     1     1     1     0   583     0
   711     1     4     1     8     2     4     6     1     0     1     0     0     2     1     1   531     0
   712     1     1     2     2     4     6     8     0     1     1     0     0     2     1     1   646     0
   713     1     1     2     2     4     6     8     0     1     1     1     1     1     0     0   408     0
   714     1     1     2     2     4     6     8     1     0     1     1     1     1     1     1   449     1
   715     1     4     1     8     2     4     6     1     0     1     0     1     2     0     0   529     0
   716     1     4     1     8     2     4     6     0     0     1     0     1     1     1     0   600     0
   717     1     1     2     2     4     6     8     1     0     0     1     0     2     1     0   737     0
   718     2     8     1     7     1     3     5     0     0     0     1     0     3     1     0   541     0
   719     2     5     0     1     3     5     7     0     0     1     1     0     2     0     0   615     0
   720     1     4     1     8     2     4     6     1     1     1     1     0     3     1     1   536     0
   721     1     2     2     4     6     8     2     1     0     1     0     1     2     0     1   576     0
   722     1     4     1     8     2     4     6     1     0     1     0     1     2     0     0   428     0
   723     2     8     1     7     1     3     5     1     0     0     1     1     3     0     0   436     0
   724     2     5     0     1     3     5     7     1     0     1     1     0     2     0     0   414     0
   725     1     4     1     8     2     4     6     0     1     1     0     0     3     1     1   622     1
   726     2     5     0     1     3     5     7     0     0     0     1     0     3     0     1   514     0
   727     2     7     0     5     7     1     3     1     0     1     0     1     2     1     0   838     0
   728     2     6     2     3     5     7     1     1     0     1     1     0     2     0     0   582     0
   729     1     4     1     8     2     4     6     1     0     0     0     0     3     0     0   478     0
   730     1     4     1     8     2     4     6     0     0     1     1     1     1     1     0   483     0
   731     2     5     0     1     3     5     7     1     0     1     1     1     3     1     0   610     0
   732     2     6     2     3     5     7     1     0     0     1     0     1     2     1     0   423     0
   733     1     1     2     2     4     6     8     0     0     0     0     0     3     0     0   439     0
   734     1     1     2     2     4     6     8     0     0     1     1     1     1     0     0   401     0
   735     1     3     1     6     8     2     4     1     0     0     1     1     2     1     0   529     0
   736     1     3     1     6     8     2     4     1     0     1     0     1     1     0     0   463     0
   737     2     7     0     5     7     1     3     0     0     1     0     0     3     1     0   554     0
   738     2     7     0     5     7     1     3     1     0     1     1     0     1     1     0   482     0
   739     2     5     0     1     3     5     7     0     1     1     1     1     2     1     1   528     0
   740     2     6     2     3     5     7     1     1     1     0     0     1     2     1     0   635     0
   741     2     6     2     3     5     7     1     0     1     1     1     0     1     1     0   404     0
   742     2     6     2     3     5     7     1     0     0     0     0     1     1     0     1   417     0
   743     1     1     2     2     4     6     8     0     1     1     1     1     3     0     1   483     0
   744     1     2     2     4     6     8     2     0     0     0     1     0     2     0     1   542     0
   745     2     6     2     3     5     7     1     0     1     0     1     1     3     0     1   440     0
   746     2     7     0     5     7     1     3     0     0     0     1     0     2     0     1   498     0
   747     2     8     1     7     1     3     5     0     0     0     1     1     2     0     0   530     0
   748     2     8     1     7     1     3     5     1     0     0     1     0     1     1     0   624     0
   749     1     3     1     6     8     2     4     1     1     0     0     0     3     0     1   549     0
   750     1     2     2     4     6     8     2     0     0     0     0     1     2     1     1   577     0
   751     1     1     2     2     4     6     8     0     1     1     1     0     2     0     1   613     0
   752     2     6     2     3     5     7     1     1     1     0     0     1     3     1     0   578     0
   753     1     1     2     2     4     6     8     0     0     0     0     1     3     1     1   554     0
   754     1     4     1     8     2     4     6     0     0     0     1     0     2     0     0   505     1
   755     2     7     0     5     7     1     3     0     1     0     1     1     3     0     1   519     0
   756     1     2     2     4     6     8     2     0     1     0     0     0     3     0     0   466     0
   757     1     2     2     4     6     8     2     1     1     0     1     0     1     1     0   540     0
   758     2     5     0     1     3     5     7     1     0     1     1     1     3     0     1   460     1
   759     1     1     2     2     4     6     8     1     0     1     0     0     3     0     0   554     0
   760     1     1     2     2     4     6     8     0     0     0     0     1     1     1     0   459     0
   761     1     2     2     4     6     8     2     1     1     1     0     0     2     1     1   500     0
   762     1     2     2     4     6     8     2     1     1     1     0     1     1     0     0   475     0
   763     2     5     0     1     3     5     7     0     1     0     1     0     3     1     0   638     0
   764     1     4     1     8     2     4     6     1     0     1     1     1     3     1     1   546     0
   765     1     4     1     8     2     4     6     0     1     0     0     1     1     1     1   405     0
   766     1     4     1     8     2     4     6     1     0     1     1     1     1     1     1   570     0
   767     2     5     0     1     3     5     7     1     0     1     1     0     3     0     0   507     0
   768     2     5     0     1     3     5     7     0     0     1     0     1     1     1     0   470     0
   769     2     8     1     7     1     3     5     0     1     0     0     1     2     0     1   444     1
   770     1     3     1     6     8     2     4     0     0     1     0     1     3     0     1   518     0
   771     2     8     1     7     1     3     5     1     1     0     1     1     3     1     1   457     0
   772     2     8     1     7     1     3     5     0     1     0     0     1     1     1     0   386     0
   773     2     7     0     5     7     1     3     1     0     1     1     0     2     1     1   415     1
   774     2     7     0     5     7     1     3     1     0     1     1     1     1     0     0   616     0
   775     1     2     2     4     6     8     2     0     1     0     1     0     3     1     1   548     1
   776     1     2     2     4     6     8     2     0     1     0     0     1     1     0     0   544     0
   777     1     4     1     8     2     4     6     0     1     1     1     1     2     0     0   431     0
   778     1     1     2     2     4     6     8     1     0     0     0     1     2     1     1   421     0
   779     1     2     2     4     6     8     2     0     0     1     1     0     2     1     0   573     1
   780     1     3     1     6     8     2     4     1     1     0     1     0     2     1     1   820     0
   781     1     4     1     8     2     4     6     0     1     1     0     1     2     1     0   629     0
   782     1     4     1     8     2     4     6     1     1     1     0     1     1     1     0   506     0
   783     2     7     0     5     7     1     3     0     0     0     1     0     3     1     1   618     0
   784     2     6     2     3     5     7     1     1     0     1     1     1     2     1     0   550     0
   785     1     4     1     8     2     4     6     1     0     0     1     0     3     0     0   629     0
   786     1     4     1     8     2     4     6     0     0     0     0     0     1     1     0   370     0
   787     2     7     0     5     7     1     3     0     0     0     1     1     3     0     0   366     0
   788     2     7     0     5     7     1     3     0     1     0     1     0     1     0     1   338     1
   789     2     5     0     1     3     5     7     1     0     0     1     1     2     1     1   644     0
   790     1     4     1     8     2     4     6     0     0     1     0     0     3     1     0   404     0
   791     1     4     1     8     2     4     6     0     0     1     0     0     1     0     0   342     0
   792     1     4     1     8     2     4     6     1     1     0     1     1     1     1     1   365     0
   793     1     2     2     4     6     8     2     1     1     0     1     1     2     0     0   626     0
   794     1     4     1     8     2     4     6     1     0     1     1     0     2     0     1   454     0
   795     1     3     1     6     8     2     4     1     1     0     1     1     2     0     1   456     0
   796     1     2     2     4     6     8     2     1     1     1     1     1     2     0     0   434     0
   797     1     3     1     6     8     2     4     0     0     0     1     1     2     1     1   587     0
   798     1     3     1     6     8     2     4     1     0     1     0     1     1     1     0   547     0
   799     1     1     2     2     4     6     8     1     1     0     0     0     2     0     1   563     0
   800     1     1     2     2     4     6     8     0     0     1     0     1     1     1     1   747     0
   801     2     6     2     3     5     7     1     0     1     1     1     0     3     0     1   471     0
   802     2     6     2     3     5     7     1     0     0     0     1     0     1     0     1   498     0
   803     2     5     0     1     3     5     7     1     0     1     1     1     2     1     0   668     0
   804     2     8     1     7     1     3     5     0     0     1     1     0     2     1     0   397     0
   805     1     2     2     4     6     8     2     0     0     1     0     1     3     0     0   465     0
   806     1     2     2     4     6     8     2     1     1     0     1     1     1     1     1   432     1
   807     2     6     2     3     5     7     1     0     1     1     0     0     3     1     0   644     0
   808     2     6     2     3     5     7     1     1     0     0     1     0     1     1     1   573     0
   809     2     8     1     7     1     3     5     0     1     0     1     1     2     1     1   397     0
   810     2     5     0     1     3     5     7     0     1     0     0     1     2     0     0   546     0
   811     2     7     0     5     7     1     3     1     0     1     1     1     2     1     1   709     0
   812     1     2     2     4     6     8     2     1     1     0     1     1     3     0     1   555     0
   813     2     8     1     7     1     3     5     0     0     0     1     1     3     1     1   515     0
   814     2     8     1     7     1     3     5     1     0     1     0     1     1     1     0   534     0
   815     1     4     1     8     2     4     6     1     1     1     0     1     3     0     1   433     0
   816     1     4     1     8     2     4     6     1     0     0     1     0     1     0     1   662     0
   817     2     7     0     5     7     1     3     0     1     0     1     0     3     1     1   613     0
   818     1     4     1     8     2     4     6     0     0     1     0     0     3     0     1   402     0
   819     2     6     2     3     5     7     1     1     1     0     1     0     3     1     1   543     0
   820     2     6     2     3     5     7     1     1     0     0     1     0     1     0     1   403     0
   821     2     6     2     3     5     7     1     1     0     0     1     1     1     0     0   523     0
   822     2     8     1     7     1     3     5     0     0     0     1     1     2     1     0   466     0
   823     1     1     2     2     4     6     8     1     1     1     0     0     3     1     1   447     0
   824     1     3     1     6     8     2     4     0     1     0     1     1     2     1     0   497     0
   825     1     3     1     6     8     2     4     1     0     0     1     0     1     1     1   432     0
   826     2     6     2     3     5     7     1     0     0     0     1     1     3     1     0   630     0
   827     1     3     1     6     8     2     4     1     0     1     1     0     3     1     0   434     0
   828     1     3     1     6     8     2     4     0     1     0     0     0     1     1     1   526     0
   829     2     8     1     7     1     3     5     0     1     1     0     0     3     0     0   391     0
   830     2     5     0     1     3     5     7     0     1     0     1     1     2     0     0   471     0
   831     2     6     2     3     5     7     1     1     1     0     1     0     2     1     0   533     0
   832     2     7     0     5     7     1     3     0     0     1     0     1     2     1     1   669     0
   833     1     2     2     4     6     8     2     0     1     0     0     1     3     0     1   527     0
   834     2     7     0     5     7     1     3     0     1     0     0     0     3     0     0   661     0
   835     1     1     2     2     4     6     8     1     0     0     0     1     3     1     1   508     0
   836     1     1     2     2     4     6     8     1     0     1     0     1     1     0     0   598     0
   837     2     7     0     5     7     1     3     1     0     1     1     1     3     0     0   616     0
   838     2     8     1     7     1     3     5     1     0     1     1     1     2     0     0   462     0
   839     2     7     0     5     7     1     3     0     0     0     1     1     2     1     0   680     0
   840     2     8     1     7     1     3     5     1     1     0     1     1     2     1     1   545     0
   841     2     8     1     7     1     3     5     1     0     0     1     0     1     0     1   485     0
   842     2     8     1     7     1     3     5     0     0     0     0     0     1     1     0   423     0
   843     2     6     2     3     5     7     1     0     0     1     1     1     2     0     0   516     0
   844     2     6     2     3     5     7     1     0     1     0     0     0     1     0     1   719     0
   845     1     3     1     6     8     2     4     1     0     0     1     1     3     1     1   482     0
   846     1     3     1     6     8     2     4     1     0     1     0     1     1     0     0   488     0
   847     1     1     2     2     4     6     8     1     1     0     0     1     2     0     1   763     0
   848     2     8     1     7     1     3     5     1     1     0     0     0     3     0     0   670     0
   849     1     1     2     2     4     6     8     1     1     1     0     0     3     0     0   463     0
   850     1     1     2     2     4     6     8     0     0     1     1     0     1     1     1   738     0
   851     1     1     2     2     4     6     8     0     1     1     0     1     1     0     1   492     0
   852     2     6     2     3     5     7     1     1     0     1     0     1     3     1     1   544     0
   853     1     2     2     4     6     8     2     1     1     1     1     0     3     0     1   503     0
   854     1     2     2     4     6     8     2     1     0     1     0     1     1     0     1   526     0
   855     1     2     2     4     6     8     2     1     0     1     0     0     1     0     0   674     0
   856     1     2     2     4     6     8     2     1     0     0     1     1     1     0     0   451     0
   857     2     7     0     5     7     1     3     1     1     1     0     1     3     0     1   549     0
   858     2     7     0     5     7     1     3     0     1     0     0     0     1     1     0   657     0
   859     2     7     0     5     7     1     3     1     0     1     1     0     1     1     1   495     0
   860     2     7     0     5     7     1     3     0     1     1     0     0     1     1     1   586     0
   861     2     5     0     1     3     5     7     1     1     0     1     1     2     1     0   734     0
   862     2     5     0     1     3     5     7     0     1     0     0     1     1     1     0   525     0
   863     1     1     2     2     4     6     8     0     0     1     0     1     3     0     1   557     0
   864     1     1     2     2     4     6     8     1     0     0     0     0     1     1     0   432     0
   865     2     6     2     3     5     7     1     1     0     0     0     1     3     0     0   414     0
   866     1     3     1     6     8     2     4     1     1     1     1     0     3     0     1   567     0
   867     1     1     2     2     4     6     8     1     1     1     0     1     2     0     0   447     0
   868     1     1     2     2     4     6     8     1     0     0     0     0     1     0     1   785     0
   869     2     7     0     5     7     1     3     0     1     0     0     0     3     1     1   741     0
   870     2     7     0     5     7     1     3     0     1     0     1     0     1     0     0   480     0
   871     1     2     2     4     6     8     2     1     1     1     1     1     3     1     0   478     0
   872     1     2     2     4     6     8     2     0     0     1     0     0     1     1     1   511     0
   873     2     6     2     3     5     7     1     0     1     0     0     0     3     0     1   467     0
   874     2     6     2     3     5     7     1     1     0     0     1     1     1     1     1   628     0
   875     1     4     1     8     2     4     6     1     1     1     1     1     3     0     1   441     0
   876     2     5     0     1     3     5     7     1     0     0     1     1     3     0     1   543     0
   877     1     3     1     6     8     2     4     0     1     0     0     1     3     1     1   478     0
   878     1     3     1     6     8     2     4     0     0     1     1     0     1     0     1   465     0
   879     2     7     0     5     7     1     3     1     1     0     1     1     3     1     1   518     0
   880     2     7     0     5     7     1     3     1     0     0     1     0     1     0     1   413     0
   881     2     8     1     7     1     3     5     1     0     0     1     0     2     0     0   433     0
   882     1     3     1     6     8     2     4     1     1     1     0     1     3     0     1   403     0
   883     2     7     0     5     7     1     3     0     0     1     1     1     3     1     1   503     0
   884     2     7     0     5     7     1     3     0     1     1     1     1     1     0     1   410     0
   885     2     7     0     5     7     1     3     0     0     0     1     0     1     0     1   395     0
   886     2     7     0     5     7     1     3     0     1     1     0     1     1     0     1   380     0
   887     1     1     2     2     4     6     8     0     1     1     0     1     3     0     0   484     0
   888     1     1     2     2     4     6     8     1     0     1     0     0     1     1     1   443     0
   889     2     5     0     1     3     5     7     1     1     0     1     1     3     0     1   452     0
   890     2     7     0     5     7     1     3     1     0     1     0     0     2     0     1   414     0
   891     2     6     2     3     5     7     1     1     0     0     0     1     2     0     0   443     0
   892     2     8     1     7     1     3     5     1     0     0     0     1     2     0     0   380     0
   893     1     3     1     6     8     2     4     1     1     1     1     0     3     0     1   381     0
   894     2     6     2     3     5     7     1     0     1     0     0     0     3     1     0   537     0
   895     1     1     2     2     4     6     8     1     1     0     0     1     3     1     0   523     0
   896     1     2     2     4     6     8     2     0     0     1     0     1     2     1     1   450     0
