     1     2     8     1     7     1     3     5     1     0     1     0     1     3     0     0   676     0
     2     2     8     1     7     1     3     5     1     1     1     1     0     1     0     1   561     0
     3     2     6     2     3     5     7     1     0     1     0     0     0     2     1     0   681     0
     4     2     7     0     5     7     1     3     1     0     0     0     0     2     1     1   840     1
     5     2     8     1     7     1     3     5     1     0     0     0     1     2     0     0   633     0
     6     2     5     0     1     3     5     7     0     0     0     1     0     2     1     0   702     0
     7     1     3     1     6     8     2     4     0     1     0     1     1     3     0     1  1032     0
     8     2     8     1     7     1     3     5     0     0     0     1     0     3     0     1   680     0
     9     1     1     2     2     4     6     8     1     0     1     0     1     3     1     0   678     1
    10     1     1     2     2     4     6     8     0     0     1     1     0     1     1     0   512     0
    11     1     4     1     8     2     4     6     1     0     1     0     1     2     1     0   588     0
    12     1     4     1     8     2     4     6     1     0     1     1     0     1     0     0   505     0
    13     2     8     1     7     1     3     5     0     1     0     0     0     3     1     1   568     0
    14     2     8     1     7     1     3     5     0     1     0     1     1     1     0     0   500     0
    15     1     2     2     4     6     8     2     1     0     0     1     0     3     1     1   724     0
    16     1     2     2     4     6     8     2     0     0     0     1     0     1     1     0   474     0
    17     2     5     0     1     3     5     7     0     0     1     1     1     3     0     0   649     0
    18     2     5     0     1     3     5     7     1     1     0     1     0     1     1     1   635     0
    19     2     6     2     3     5     7     1     0     1     1     0     0     2     1     0   569     0
    20     2     5     0     1     3     5     7     1     1     1     0     0     2     1     0   688     0
    21     1     4     1     8     2     4     6     0     0     1     1     0     3     1     1   511     1
    22     1     4     1     8     2     4     6     0     0     1     0     0     1     0     0   517     0
    23     1     1     2     2     4     6     8     1     1     1     1     1     2     1     1   664     1
    24     1     1     2     2     4     6     8     0     1     1     0     0     1     1     0   669     0
    25     1     4     1     8     2     4     6     0     1     1     1     1     2     0     0   506     0
    26     1     4     1     8     2     4     6     1     0     1     1     1     1     1     1   597     0
    27     1     3     1     6     8     2     4     0     0     1     0     1     2     1     0   638     0
    28     1     3     1     6     8     2     4     0     1     0     1     0     1     0     1   606     0
    29     2     7     0     5     7     1     3     1     0     0     0     1     3     1     1   591     0
    30     2     6     2     3     5     7     1     0     0     0     1     1     2     1     0   639     0
    31     2     6     2     3     5     7     1     0     1     0     1     1     1     0     1   569     0
    32     1     1     2     2     4     6     8     1     0     0     1     0     3     1     1   785     0
    33     1     2     2     4     6     8     2     0     1     0     0     0     2     1     1   569     0
    34     1     2     2     4     6     8     2     0     1     1     0     0     1     0     0   518     0
    35     1     4     1     8     2     4     6     0     1     0     0     1     2     0     0   802     0
    36     1     4     1     8     2     4     6     1     1     1     1     0     1     1     0   491     0
    37     2     6     2     3     5     7     1     1     0     1     1     0     3     0     1   796     0
    38     2     6     2     3     5     7     1     1     1     1     1     1     1     0     1   604     0
    39     2     6     2     3     5     7     1     0     0     1     1     0     1     1     1   532     0
    40     2     7     0     5     7     1     3     1     1     0     1     0     2     1     1   500     0
    41     2     5     0     1     3     5     7     1     0     1     0     1     2     0     1   483     1
    42     2     5     0     1     3     5     7     0     1     1     1     0     1     1     1   684     0
    43     1     1     2     2     4     6     8     1     1     1     0     0     3     1     0   543     0
    44     1     3     1     6     8     2     4     1     0     1     0     0     2     0     1   678     0
    45     1     4     1     8     2     4     6     0     0     0     0     0     2     1     0   569     0
    46     1     4     1     8     2     4     6     1     0     1     0     1     1     1     0   713     0
    47     1     2     2     4     6     8     2     0     0     1     0     1     2     1     0   515     0
    48     1     3     1     6     8     2     4     0     0     0     0     0     2     0     0   445     0
    49     1     1     2     2     4     6     8     0     0     1     0     1     2     0     0   540     1
    50     1     2     2     4     6     8     2     0     0     1     1     0     2     0     0   451     0
    51     1     2     2     4     6     8     2     1     0     1     1     0     1     1     0   428     0
    52     2     5     0     1     3     5     7     0     0     0     1     0     3     1     0   364     0
    53     2     7     0     5     7     1     3     0     1     0     1     1     2     0     1   569     0
    54     2     7     0     5     7     1     3     1     0     0     1     0     1     1     1   529     0
    55     2     6     2     3     5     7     1     1     0     0     0     0     2     0     0   533     0
    56     2     7     0     5     7     1     3     1     0     1     0     1     2     0     0   417     0
    57     2     5     0     1     3     5     7     1     0     0     1     0     2     0     0   538     0
    58     2     6     2     3     5     7     1     0     0     0     0     1     2     1     0   405     0
    59     1     2     2     4     6     8     2     0     1     1     1     0     3     0     1   778     1
    60     1     2     2     4     6     8     2     0     1     0     1     0     1     0     0   428     0
    61     1     2     2     4     6     8     2     0     1     0     0     1     1     0     0   467     0
    62     1     2     2     4     6     8     2     0     0     0     0     1     1     0     1   385     1
    63     1     2     2     4     6     8     2     1     0     0     0     1     1     1     0   421     0
    64     1     1     2     2     4     6     8     0     1     1     1     1     2     1     1   814     0
    65     1     1     2     2     4     6     8     0     1     1     1     0     1     0     0   599     0
    66     1     1     2     2     4     6     8     0     1     1     1     1     1     0     0   588     0
    67     2     5     0     1     3     5     7     1     0     1     0     1     3     1     1   600     0
    68     1     4     1     8     2     4     6     0     1     1     0     1     3     1     1   666     0
    69     1     2     2     4     6     8     2     0     1     1     0     0     2     0     0   575     1
    70     1     2     2     4     6     8     2     1     1     1     0     1     1     1     0   515     0
    71     2     5     0     1     3     5     7     1     0     0     1     0     3     0     1  1025     0
    72     2     6     2     3     5     7     1     0     0     0     1     0     2     1     0   546     0
    73     2     6     2     3     5     7     1     1     1     1     0     0     1     1     1   517     0
    74     1     1     2     2     4     6     8     0     0     0     0     0     3     1     1   871     1
    75     1     2     2     4     6     8     2     1     1     1     0     0     2     1     1   536     1
    76     1     3     1     6     8     2     4     0     1     1     0     1     2     1     0   687     0
    77     2     5     0     1     3     5     7     1     1     1     1     1     3     1     0   466     0
    78     2     5     0     1     3     5     7     1     0     0     1     1     1     0     1   504     0
    79     1     2     2     4     6     8     2     0     0     1     1     0     3     1     0   499     0
    80     1     2     2     4     6     8     2     0     1     1     0     1     1     0     1   466     0
    81     1     4     1     8     2     4     6     0     1     0     0     1     2     0     0   544     1
    82     1     4     1     8     2     4     6     0     1     0     0     1     1     0     0   530     0
    83     1     4     1     8     2     4     6     1     0     1     0     1     1     1     1   857     1
    84     1     4     1     8     2     4     6     0     0     1     1     0     1     1     0   568     0
    85     1     4     1     8     2     4     6     1     0     0     1     0     1     1     0   639     0
    86     1     4     1     8     2     4     6     1     0     1     1     1     1     0     0   913     0
    87     2     5     0     1     3     5     7     1     1     0     1     0     3     0     1   536     0
    88     2     5     0     1     3     5     7     0     0     0     0     0     1     1     1   724     0
    89     2     8     1     7     1     3     5     1     1     1     0     0     2     1     1   762     0
    90     2     5     0     1     3     5     7     0     0     1     1     0     2     1     1   580     0
    91     1     3     1     6     8     2     4     0     0     0     1     1     3     0     0   740     0
    92     1     4     1     8     2     4     6     0     0     1     0     0     2     0     0   469     0
    93     2     7     0     5     7     1     3     0     1     0     1     0     3     0     1   614     0
    94     2     8     1     7     1     3     5     0     1     0     1     0     2     0     0   835     0
    95     2     7     0     5     7     1     3     0     1     1     0     1     2     0     0   665     0
    96     2     7     0     5     7     1     3     0     1     1     1     0     1     0     0   478     0
    97     2     8     1     7     1     3     5     1     1     0     0     0     2     1     0   591     0
    98     1     3     1     6     8     2     4     0     0     1     1     0     3     1     1   651     1
    99     2     5     0     1     3     5     7     0     1     1     0     1     3     0     1   540     0
   100     2     5     0     1     3     5     7     1     1     1     0     1     1     1     0   539     0
   101     2     6     2     3     5     7     1     1     1     0     1     1     2     0     0   650     0
   102     2     6     2     3     5     7     1     1     0     0     1     0     1     0     1   752     0
   103     1     2     2     4     6     8     2     0     1     0     0     0     3     1     1   587     0
   104     2     7     0     5     7     1     3     0     0     1     0     0     3     0     1   535     0
   105     2     5     0     1     3     5     7     0     1     1     0     1     2     0     1   542     0
   106     2     6     2     3     5     7     1     1     1     1     0     1     2     1     0   509     0
   107     2     5     0     1     3     5     7     1     1     0     0     1     2     0     0   616     0
   108     2     5     0     1     3     5     7     0     1     0     1     0     1     1     0   496     0
   109     2     6     2     3     5     7     1     0     0     0     0     0     2     0     1   588     1
   110     2     8     1     7     1     3     5     0     1     1     1     1     2     0     1   482     0
   111     2     8     1     7     1     3     5     1     0     1     1     1     1     1     1   692     0
   112     2     8     1     7     1     3     5     1     0     0     1     0     1     0     0   622     0
   113     1     2     2     4     6     8     2     1     0     1     0     1     3     0     0   528     0
   114     1     2     2     4     6     8     2     1     0     1     1     0     1     0     0   616     0
   115     1     2     2     4     6     8     2     1     1     0     1     1     1     0     1   521     0
   116     1     2     2     4     6     8     2     0     1     0     0     1     1     1     0   433     0
   117     2     8     1     7     1     3     5     1     1     0     1     1     3     1     0   469     0
   118     1     3     1     6     8     2     4     1     1     1     0     1     3     0     0   448     0
   119     2     8     1     7     1     3     5     0     0     0     1     0     3     1     1   450     0
   120     2     8     1     7     1     3     5     1     0     1     0     1     1     1     0   404     0
   121     1     4     1     8     2     4     6     1     0     0     1     0     3     0     0   437     0
   122     1     4     1     8     2     4     6     0     0     0     1     0     1     1     0   446     0
   123     2     6     2     3     5     7     1     0     0     1     1     1     3     0     0   802     0
   124     2     6     2     3     5     7     1     1     1     1     0     1     1     1     1   458     0
   125     2     5     0     1     3     5     7     0     0     1     0     1     2     1     1   649     0
   126     2     5     0     1     3     5     7     1     1     0     1     0     1     1     1   531     0
   127     1     3     1     6     8     2     4     0     1     1     0     1     3     1     0   526     0
   128     1     3     1     6     8     2     4     0     1     0     1     1     1     0     0   477     1
   129     2     6     2     3     5     7     1     0     1     1     0     1     3     0     0   431     0
   130     2     6     2     3     5     7     1     1     0     1     1     1     1     1     1   448     1
   131     2     8     1     7     1     3     5     0     0     1     1     1     2     1     0   453     0
   132     2     5     0     1     3     5     7     0     0     0     1     1     2     0     0   519     0
   133     2     7     0     5     7     1     3     0     1     0     0     1     2     0     1   859     0
   134     2     5     0     1     3     5     7     1     1     1     1     1     2     1     0   493     0
   135     2     7     0     5     7     1     3     1     1     0     0     0     2     0     0   710     0
   136     2     6     2     3     5     7     1     1     1     1     1     1     2     0     0   361     0
   137     2     5     0     1     3     5     7     0     0     0     1     1     2     1     1   553     1
   138     2     5     0     1     3     5     7     0     1     0     0     0     1     0     1   511     0
   139     2     5     0     1     3     5     7     1     0     1     1     1     1     1     1   563     0
   140     1     2     2     4     6     8     2     1     1     0     1     0     3     0     1   694     0
   141     2     8     1     7     1     3     5     1     0     1     1     0     3     0     1   705     0
   142     2     8     1     7     1     3     5     1     1     0     1     0     1     0     1   415     0
   143     2     8     1     7     1     3     5     0     1     0     1     0     1     1     0   396     0
   144     2     7     0     5     7     1     3     1     1     1     1     1     2     1     0   425     0
   145     1     1     2     2     4     6     8     1     1     0     0     0     3     0     0   506     0
   146     1     1     2     2     4     6     8     1     0     1     0     1     1     0     1   536     0
   147     2     7     0     5     7     1     3     0     0     1     0     0     3     1     0   632     0
   148     2     7     0     5     7     1     3     1     0     1     1     0     1     1     0   393     0
   149     2     8     1     7     1     3     5     1     0     0     0     0     2     0     0   399     0
   150     2     7     0     5     7     1     3     0     1     1     1     0     2     1     1   944     0
   151     1     3     1     6     8     2     4     0     1     1     1     0     3     0     0   438     0
   152     1     3     1     6     8     2     4     0     1     1     0     1     1     0     0   515     0
   153     2     8     1     7     1     3     5     0     1     1     1     1     3     0     0   391     0
   154     2     5     0     1     3     5     7     1     1     1     1     0     2     1     0   363     0
   155     1     4     1     8     2     4     6     0     0     0     1     1     3     1     1   658     0
   156     1     4     1     8     2     4     6     0     0     0     1     0     1     0     0   465     0
   157     2     7     0     5     7     1     3     1     1     0     0     1     3     1     1   491     0
   158     2     7     0     5     7     1     3     0     0     0     0     1     1     1     1   461     0
   159     1     4     1     8     2     4     6     0     0     1     0     1     3     0     0   551     0
   160     2     7     0     5     7     1     3     1     1     0     1     0     3     1     1   651     0
   161     2     8     1     7     1     3     5     0     1     0     0     0     2     1     0   424     0
   162     2     8     1     7     1     3     5     0     0     0     0     0     1     0     1   440     0
   163     2     5     0     1     3     5     7     1     1     1     1     1     2     1     1   513     0
   164     2     5     0     1     3     5     7     0     1     0     0     0     1     1     0   547     0
   165     2     6     2     3     5     7     1     0     1     1     0     1     2     0     0   347     0
   166     2     6     2     3     5     7     1     1     0     1     1     0     1     1     1   703     0
   167     1     3     1     6     8     2     4     1     0     1     1     1     3     0     0   506     1
   168     1     1     2     2     4     6     8     0     0     1     0     0     2     1     0   400     1
   169     1     3     1     6     8     2     4     0     0     0     0     1     2     0     0   503     0
   170     1     4     1     8     2     4     6     1     0     0     1     1     2     1     0   426     0
   171     1     1     2     2     4     6     8     0     0     1     1     0     2     1     0   462     0
   172     2     6     2     3     5     7     1     1     0     1     1     1     3     1     0   360     0
   173     1     3     1     6     8     2     4     1     1     1     1     0     3     0     1   559     0
   174     2     8     1     7     1     3     5     0     0     1     1     1     3     1     1   463     1
   175     1     2     2     4     6     8     2     1     0     0     1     1     3     1     0   460     0
   176     1     1     2     2     4     6     8     1     1     0     0     1     2     0     1   458     0
   177     2     8     1     7     1     3     5     1     1     1     1     0     3     0     0   480     0
   178     2     8     1     7     1     3     5     1     1     1     0     0     1     0     0   480     1
   179     1     2     2     4     6     8     2     0     1     1     1     0     3     1     0   518     0
   180     1     1     2     2     4     6     8     1     0     1     1     1     2     1     1   529     0
   181     1     3     1     6     8     2     4     1     1     1     1     0     2     0     1   552     0
   182     1     4     1     8     2     4     6     0     1     1     0     0     2     1     0   676     0
   183     1     4     1     8     2     4     6     1     1     0     0     0     1     1     0   571     1
   184     1     4     1     8     2     4     6     0     0     0     1     1     1     1     1   702     0
   185     2     6     2     3     5     7     1     1     1     1     0     0     3     1     1   683     0
   186     2     7     0     5     7     1     3     1     1     1     0     0     2     0     0   653     0
   187     2     5     0     1     3     5     7     1     0     0     1     0     2     0     1   555     1
   188     1     4     1     8     2     4     6     1     0     1     0     0     3     0     0   517     0
   189     2     8     1     7     1     3     5     0     0     1     0     0     3     1     0   595     1
   190     2     8     1     7     1     3     5     0     1     0     0     1     1     0     1   607     0
   191     2     5     0     1     3     5     7     0     0     0     0     1     2     0     1   944     0
   192     2     5     0     1     3     5     7     1     0     0     1     0     1     1     0   615     0
   193     1     2     2     4     6     8     2     0     0     1     1     0     3     1     0   803     1
   194     1     2     2     4     6     8     2     0     0     1     1     1     1     0     0   775     0
   195     2     7     0     5     7     1     3     1     0     0     0     1     3     1     0   500     0
   196     2     5     0     1     3     5     7     1     1     1     0     0     2     0     1   551     0
   197     2     5     0     1     3     5     7     1     1     1     0     1     1     0     0   531     0
   198     2     6     2     3     5     7     1     0     1     0     0     1     2     1     0   393     0
   199     1     3     1     6     8     2     4     1     0     1     0     1     3     1     1   543     0
   200     1     3     1     6     8     2     4     0     1     1     0     1     1     1     1   622     1
   201     1     3     1     6     8     2     4     1     1     0     0     1     1     1     0   461     0
   202     1     3     1     6     8     2     4     0     1     0     0     0     1     1     0   464     0
   203     2     8     1     7     1     3     5     0     1     1     0     0     3     0     0   510     0
   204     2     5     0     1     3     5     7     1     1     0     1     1     2     1     0   544     0
   205     2     6     2     3     5     7     1     1     0     0     1     1     2     0     1   408     1
   206     2     6     2     3     5     7     1     1     1     0     0     1     1     0     1   555     0
   207     1     4     1     8     2     4     6     1     1     0     1     0     3     0     0   579     0
   208     1     4     1     8     2     4     6     0     1     0     0     1     1     1     0   595     0
   209     2     8     1     7     1     3     5     1     0     0     0     1     3     1     1   564     0
   210     1     1     2     2     4     6     8     0     1     1     1     0     3     1     1   848     0
   211     1     3     1     6     8     2     4     1     0     1     0     1     2     1     1   549     1
   212     1     3     1     6     8     2     4     1     0     1     0     1     1     0     0   492     0
   213     2     7     0     5     7     1     3     1     0     1     0     0     3     0     0   367     0
   214     2     7     0     5     7     1     3     1     1     1     0     1     1     0     1   498     0
   215     2     8     1     7     1     3     5     1     1     0     0     0     2     0     0   534     1
   216     2     8     1     7     1     3     5     0     0     0     0     0     1     1     1   628     0
   217     2     6     2     3     5     7     1     1     1     0     1     0     2     1     1   486     0
   218     2     6     2     3     5     7     1     0     0     1     0     0     1     1     1   605     0
   219     2     6     2     3     5     7     1     1     1     1     0     1     1     1     1   438     0
   220     2     6     2     3     5     7     1     0     1     0     1     1     1     1     0   348     0
   221     1     3     1     6     8     2     4     0     1     1     0     1     3     0     0   399     0
   222     1     3     1     6     8     2     4     0     1     0     0     1     1     0     0   372     0
   223     1     4     1     8     2     4     6     0     1     1     0     0     2     0     0   395     0
   224     1     4     1     8     2     4     6     1     1     0     0     0     1     1     0   976     0
   225     1     2     2     4     6     8     2     1     0     0     1     0     2     0     1   565     0
   226     1     2     2     4     6     8     2     0     1     1     1     1     1     1     1   450     0
   227     1     1     2     2     4     6     8     0     0     1     0     1     2     0     1   783     0
   228     1     1     2     2     4     6     8     0     0     0     0     0     1     0     0   540     0
   229     2     7     0     5     7     1     3     0     0     1     1     0     3     0     0   419     0
   230     2     7     0     5     7     1     3     1     0     1     1     1     1     1     0   596     1
   231     2     5     0     1     3     5     7     1     1     1     1     1     2     0     1   512     0
   232     2     5     0     1     3     5     7     1     1     1     1     0     1     0     0   603     0
   233     1     3     1     6     8     2     4     0     1     1     1     0     3     1     0   548     0
   234     1     4     1     8     2     4     6     1     0     0     0     1     2     1     1   420     0
   235     2     6     2     3     5     7     1     0     0     0     0     1     3     1     0   517     0
   236     1     3     1     6     8     2     4     0     1     1     0     1     3     0     1   548     0
   237     2     5     0     1     3     5     7     0     1     1     1     0     3     0     0   480     0
   238     1     4     1     8     2     4     6     1     1     0     0     0     3     1     0   541     0
   239     1     2     2     4     6     8     2     0     1     0     1     0     2     1     0   368     0
   240     1     2     2     4     6     8     2     0     1     1     1     1     1     0     0   349     0
   241     1     4     1     8     2     4     6     0     0     0     1     0     2     0     1   441     1
   242     1     4     1     8     2     4     6     1     0     0     0     1     1     1     0   410     0
   243     2     5     0     1     3     5     7     0     1     1     1     1     3     1     1   443     1
   244     2     5     0     1     3     5     7     1     1     1     0     0     1     1     0   452     0
   245     2     8     1     7     1     3     5     1     1     1     0     0     2     0     0   450     0
   246     2     6     2     3     5     7     1     1     1     1     0     0     2     0     0   456     0
   247     1     2     2     4     6     8     2     0     0     0     0     0     3     1     1   558     0
   248     1     2     2     4     6     8     2     1     1     1     1     0     1     1     1   426     0
   249     2     7     0     5     7     1     3     0     1     0     0     0     3     1     0   632     1
   250     2     7     0     5     7     1     3     0     0     0     0     0     1     0     1   555     0
   251     1     3     1     6     8     2     4     1     1     1     0     0     3     1     1   510     0
   252     1     3     1     6     8     2     4     0     0     1     1     1     1     1     1   573     0
   253     1     4     1     8     2     4     6     0     0     0     0     1     2     0     0   613     0
   254     1     3     1     6     8     2     4     1     0     0     1     1     2     1     0   671     0
   255     1     1     2     2     4     6     8     0     0     1     0     0     2     1     0   460     1
   256     1     2     2     4     6     8     2     0     1     0     0     1     2     0     1   513     0
   257     1     3     1     6     8     2     4     0     1     1     0     0     2     0     0   932     0
   258     1     3     1     6     8     2     4     1     0     1     1     0     1     1     1   620     0
   259     2     5     0     1     3     5     7     0     1     1     0     0     3     1     1   696     0
   260     2     5     0     1     3     5     7     0     1     1     1     1     1     0     0   525     0
   261     1     3     1     6     8     2     4     1     0     1     0     1     3     1     1   624     0
   262     1     3     1     6     8     2     4     0     1     1     0     1     1     1     1   513     0
   263     2     5     0     1     3     5     7     1     1     0     0     1     3     1     0   504     0
   264     2     5     0     1     3     5     7     1     1     0     1     0     1     0     0   531     0
   265     2     8     1     7     1     3     5     0     1     1     0     1     2     1     0   463     0
   266     2     8     1     7     1     3     5     0     1     1     0     0     1     0     0   404     0
   267     2     5     0     1     3     5     7     1     0     1     0     0     2     1     1   657     0
   268     2     5     0     1     3     5     7     1     0     0     0     0     1     0     0   555     0
   269     1     4     1     8     2     4     6     1     0     0     0     0     3     0     0   431     0
   270     1     3     1     6     8     2     4     1     0     0     0     1     2     0     0   736     0
   271     1     1     2     2     4     6     8     1     1     1     0     1     2     0     1   492     0
   272     1     2     2     4     6     8     2     0     0     0     0     0     2     1     1   594     0
   273     2     8     1     7     1     3     5     0     0     1     1     0     3     0     0   580     0
   274     2     5     0     1     3     5     7     0     0     1     0     1     2     0     0   712     0
   275     2     8     1     7     1     3     5     0     1     0     0     1     2     0     1   559     0
   276     2     8     1     7     1     3     5     0     0     1     0     1     1     0     1   479     0
   277     2     6     2     3     5     7     1     0     0     1     0     0     2     0     0   470     0
   278     2     6     2     3     5     7     1     0     1     1     1     0     1     0     1   584     0
   279     2     8     1     7     1     3     5     0     0     1     1     0     2     0     1   564     0
   280     1     3     1     6     8     2     4     1     0     0     1     1     3     1     0   911     0
   281     2     8     1     7     1     3     5     1     1     1     0     1     3     0     1   521     0
   282     2     8     1     7     1     3     5     0     1     0     1     1     1     1     0   415     0
   283     2     5     0     1     3     5     7     0     1     1     1     0     2     0     0   448     0
   284     2     5     0     1     3     5     7     0     0     0     0     1     1     0     1   479     0
   285     1     2     2     4     6     8     2     0     1     0     1     1     3     0     1   534     0
   286     1     3     1     6     8     2     4     0     1     1     1     1     2     0     0   397     0
   287     1     4     1     8     2     4     6     0     1     1     1     0     2     0     0   449     0
   288     2     5     0     1     3     5     7     0     0     1     0     0     3     0     1   402     1
   289     1     2     2     4     6     8     2     0     0     0     1     1     3     0     0   582     0
   290     2     7     0     5     7     1     3     0     1     1     0     0     3     0     1   734     0
   291     1     2     2     4     6     8     2     0     0     1     0     1     3     0     1   632     0
   292     1     4     1     8     2     4     6     1     1     0     1     1     2     1     1   678     1
   293     2     8     1     7     1     3     5     1     0     1     1     0     3     0     1   547     0
   294     1     1     2     2     4     6     8     1     0     0     0     1     3     0     0   659     0
   295     2     8     1     7     1     3     5     0     0     1     0     0     3     1     0   456     0
   296     2     8     1     7     1     3     5     1     1     0     1     0     1     1     1   522     0
   297     1     4     1     8     2     4     6     0     0     0     1     1     3     1     1   845     0
   298     1     2     2     4     6     8     2     1     0     0     1     0     2     1     0   433     0
   299     2     5     0     1     3     5     7     1     1     0     1     1     3     0     1   607     0
   300     2     5     0     1     3     5     7     0     1     0     0     0     1     1     0   596     0
   301     1     1     2     2     4     6     8     1     0     1     1     1     3     1     1   453     1
   302     1     1     2     2     4     6     8     1     1     1     0     0     1     0     1   478     0
   303     1     1     2     2     4     6     8     0     1     1     1     0     1     1     0   491     0
   304     1     1     2     2     4     6     8     0     0     1     1     1     1     0     1   578     0
   305     2     8     1     7     1     3     5     0     0     0     1     1     3     0     0   506     0
   306     2     8     1     7     1     3     5     1     1     0     0     1     1     1     1   630     0
   307     2     5     0     1     3     5     7     1     0     1     1     1     2     0     1   583     0
   308     2     7     0     5     7     1     3     1     0     1     1     0     2     0     0   555     0
   309     2     6     2     3     5     7     1     0     1     0     0     1     2     1     1   866     0
   310     2     6     2     3     5     7     1     0     0     1     0     1     1     0     1   716     0
   311     1     4     1     8     2     4     6     1     1     1     1     0     3     1     1   516     0
   312     1     4     1     8     2     4     6     0     1     1     0     0     1     1     0   439     1
   313     2     6     2     3     5     7     1     1     0     1     0     0     3     1     1   539     0
   314     2     6     2     3     5     7     1     1     1     1     0     0     1     0     1   459     0
   315     2     6     2     3     5     7     1     0     0     0     1     0     1     1     1   509     0
   316     2     7     0     5     7     1     3     0     0     0     1     0     2     0     0   552     0
   317     1     3     1     6     8     2     4     1     1     1     0     0     3     1     1   847     0
   318     1     4     1     8     2     4     6     1     0     0     0     0     2     0     1   549     0
   319     1     4     1     8     2     4     6     1     0     0     0     1     1     0     0   689     0
   320     1     4     1     8     2     4     6     0     0     1     0     1     1     1     0   491     0
   321     1     4     1     8     2     4     6     1     0     0     1     0     1     1     0   470     0
   322     2     7     0     5     7     1     3     0     0     1     0     0     3     1     0   535     0
   323     1     4     1     8     2     4     6     0     0     1     0     0     3     0     0   466     0
   324     1     4     1     8     2     4     6     0     1     1     1     1     1     0     1   588     0
   325     1     4     1     8     2     4     6     1     0     1     0     1     1     1     1   977     0
   326     1     4     1     8     2     4     6     0     1     1     1     1     1     1     1   480     1
   327     2     6     2     3     5     7     1     0     1     1     1     0     3     0     0   494     0
   328     2     6     2     3     5     7     1     0     1     1     1     1     1     0     0   428     0
   329     1     1     2     2     4     6     8     1     0     0     1     1     3     1     1   806     0
   330     1     1     2     2     4     6     8     0     1     1     0     0     1     1     1   495     1
   331     1     4     1     8     2     4     6     0     0     0     1     1     2     0     1   516     0
   332     1     4     1     8     2     4     6     1     0     0     0     0     1     1     0   466     0
   333     2     8     1     7     1     3     5     1     1     0     0     0     3     0     1   596     0
   334     2     8     1     7     1     3     5     1     0     1     1     1     1     0     1   588     0
   335     2     7     0     5     7     1     3     0     1     1     0     0     2     1     1   666     0
   336     2     7     0     5     7     1     3     1     0     0     0     0     1     1     1   519     0
   337     1     1     2     2     4     6     8     1     0     0     1     1     3     0     0   456     0
   338     1     1     2     2     4     6     8     0     1     1     1     1     1     1     1   490     0
   339     2     6     2     3     5     7     1     0     1     1     1     0     3     0     0   517     0
   340     1     1     2     2     4     6     8     0     0     0     1     0     3     0     1   440     0
   341     2     7     0     5     7     1     3     1     1     0     1     1     3     1     1   472     0
   342     2     7     0     5     7     1     3     1     0     0     0     1     1     0     1   464     0
   343     2     7     0     5     7     1     3     0     1     1     0     0     1     1     1   390     1
   344     2     7     0     5     7     1     3     1     0     0     0     0     1     1     1   481     0
   345     1     1     2     2     4     6     8     1     0     0     0     1     3     0     0   516     0
   346     1     2     2     4     6     8     2     1     0     1     0     0     2     0     0   379     0
   347     1     3     1     6     8     2     4     1     0     0     1     0     2     0     0   444     0
   348     2     8     1     7     1     3     5     1     1     0     0     0     3     0     1   393     1
   349     1     1     2     2     4     6     8     0     1     1     0     0     3     1     0   733     0
   350     1     1     2     2     4     6     8     0     1     0     1     1     1     0     0   452     0
   351     2     5     0     1     3     5     7     1     0     0     1     1     3     1     1   617     1
   352     1     4     1     8     2     4     6     0     1     1     1     0     3     1     1   957     0
   353     2     6     2     3     5     7     1     0     1     1     1     0     3     0     0   545     0
   354     2     6     2     3     5     7     1     1     0     0     0     1     1     1     1   488     0
   355     1     2     2     4     6     8     2     1     0     0     1     0     3     0     0   732     0
   356     1     4     1     8     2     4     6     0     0     1     0     0     2     1     0   575     1
   357     2     7     0     5     7     1     3     0     0     1     0     0     3     0     0   490     0
   358     2     7     0     5     7     1     3     0     0     1     1     0     1     0     0   396     0
   359     1     3     1     6     8     2     4     0     1     1     1     0     3     0     1   432     1
   360     1     2     2     4     6     8     2     1     0     1     1     1     2     1     1   676     0
   361     2     7     0     5     7     1     3     1     1     1     1     0     3     0     1   719     0
   362     2     7     0     5     7     1     3     0     1     0     1     0     1     1     0   450     0
   363     1     4     1     8     2     4     6     0     0     0     0     1     3     0     1  1136     0
   364     1     4     1     8     2     4     6     1     0     0     0     1     1     1     0   671     0
   365     1     3     1     6     8     2     4     1     1     1     0     0     2     0     1   761     0
   366     2     6     2     3     5     7     1     1     1     1     0     1     3     0     0   517     0
   367     2     6     2     3     5     7     1     1     0     0     1     1     1     0     1   575     0
   368     1     3     1     6     8     2     4     0     0     0     1     0     3     1     0   444     0
   369     1     4     1     8     2     4     6     1     1     1     0     1     2     1     1   748     0
   370     1     2     2     4     6     8     2     1     0     1     0     0     2     0     1   536     0
   371     1     2     2     4     6     8     2     1     1     1     1     1     1     0     1   780     0
   372     1     2     2     4     6     8     2     0     1     0     1     0     1     1     0   856     0
   373     2     7     0     5     7     1     3     1     1     0     1     1     3     1     0   598     0
   374     1     2     2     4     6     8     2     1     0     1     0     1     3     0     1   519     0
   375     1     1     2     2     4     6     8     1     0     0     1     0     2     0     0   515     0
   376     2     8     1     7     1     3     5     1     0     0     1     0     3     0     0   797     0
   377     1     2     2     4     6     8     2     0     1     0     1     1     3     1     1   514     0
   378     1     3     1     6     8     2     4     0     0     0     0     0     2     0     1   681     0
   379     2     8     1     7     1     3     5     0     0     1     0     1     3     0     0   528     0
   380     2     7     0     5     7     1     3     0     0     0     1     0     2     0     0   496     0
   381     1     1     2     2     4     6     8     0     0     0     1     0     3     0     0   754     0
   382     1     1     2     2     4     6     8     1     0     1     0     0     1     1     0   670     0
   383     2     5     0     1     3     5     7     0     0     0     0     0     3     1     0   512     0
   384     2     8     1     7     1     3     5     1     1     1     0     0     2     1     1   658     0
   385     2     6     2     3     5     7     1     0     1     1     1     0     2     1     0   656     0
   386     1     3     1     6     8     2     4     1     1     1     1     1     3     1     0   845     0
   387     1     1     2     2     4     6     8     1     0     0     0     1     2     0     1   526     0
   388     1     4     1     8     2     4     6     1     1     1     0     0     2     0     1   625     0
   389     1     1     2     2     4     6     8     1     1     0     0     1     2     0     0   730     0
   390     1     1     2     2     4     6     8     1     0     0     1     0     1     0     1   497     0
   391     1     2     2     4     6     8     2     0     0     0     1     0     2     1     0   471     0
   392     2     5     0     1     3     5     7     0     0     1     1     1     3     0     0   473     0
   393     1     4     1     8     2     4     6     1     0     0     1     1     3     1     0   442     0
   394     1     1     2     2     4     6     8     0     0     0     1     0     2     1     0   488     0
   395     2     5     0     1     3     5     7     1     1     1     0     1     3     1     1   599     0
   396     2     5     0     1     3     5     7     1     1     0     1     1     1     0     0   504     0
   397     2     6     2     3     5     7     1     0     1     0     0     0     2     1     0   531     1
   398     2     6     2     3     5     7     1     1     0     1     1     0     1     1     1   478     0
   399     2     8     1     7     1     3     5     0     1     1     0     1     2     1     1   476     1
   400     2     8     1     7     1     3     5     1     1     1     0     0     1     1     0   578     1
   401     2     7     0     5     7     1     3     0     1     1     0     0     2     1     0   756     0
   402     2     8     1     7     1     3     5     0     0     1     1     0     2     0     1   463     0
   403     2     6     2     3     5     7     1     0     0     0     0     0     2     0     0   429     0
   404     1     1     2     2     4     6     8     0     1     1     1     0     3     0     1   399     1
   405     2     7     0     5     7     1     3     1     1     0     1     1     3     1     0   763     0
   406     2     7     0     5     7     1     3     0     1     1     0     1     1     1     0   407     0
   407     1     2     2     4     6     8     2     1     0     1     0     1     3     1     1   852     0
   408     1     2     2     4     6     8     2     1     0     1     1     0     1     0     0   641     0
   409     1     3     1     6     8     2     4     1     0     0     1     1     2     0     0   762     0
   410     1     1     2     2     4     6     8     0     0     0     1     1     2     1     0   686     0
   411     1     1     2     2     4     6     8     0     1     0     1     1     1     0     1   972     0
   412     1     1     2     2     4     6     8     1     0     0     1     1     1     1     1   671     0
   413     2     5     0     1     3     5     7     0     0     0     1     0     3     1     0   790     0
   414     2     5     0     1     3     5     7     1     1     1     0     1     1     1     1   605     0
   415     2     7     0     5     7     1     3     1     0     0     0     0     2     0     1   662     0
   416     2     5     0     1     3     5     7     0     1     1     1     0     2     1     1   867     0
   417     2     7     0     5     7     1     3     0     0     0     1     1     2     0     1   550     0
   418     2     7     0     5     7     1     3     0     0     0     0     0     1     0     0   518     0
   419     2     8     1     7     1     3     5     1     0     1     1     1     2     1     0   774     0
   420     2     8     1     7     1     3     5     1     1     1     0     0     1     0     1   421     1
   421     2     6     2     3     5     7     1     0     1     1     0     1     2     1     0   714     0
   422     2     6     2     3     5     7     1     1     1     1     0     1     1     1     0   533     0
   423     1     1     2     2     4     6     8     1     1     0     1     1     3     0     0   539     1
   424     2     6     2     3     5     7     1     1     0     0     1     0     3     0     1   514     0
   425     1     3     1     6     8     2     4     1     1     1     0     1     3     0     1   496     0
   426     1     3     1     6     8     2     4     1     1     0     0     1     1     0     0   435     0
   427     1     1     2     2     4     6     8     0     0     0     0     1     2     1     1   789     0
   428     1     1     2     2     4     6     8     0     0     0     1     1     1     0     0   598     0
   429     1     3     1     6     8     2     4     0     1     1     0     1     2     0     1   638     0
   430     1     4     1     8     2     4     6     0     0     1     1     0     2     0     1   695     0
   431     2     8     1     7     1     3     5     1     1     1     0     1     3     1     1   504     0
   432     2     5     0     1     3     5     7     1     0     0     1     0     2     0     1   535     0
   433     2     7     0     5     7     1     3     1     0     0     0     0     2     0     0   487     0
   434     2     7     0     5     7     1     3     1     0     0     1     1     1     0     0   366     0
   435     1     2     2     4     6     8     2     1     1     1     0     1     3     0     1   506     0
   436     1     3     1     6     8     2     4     0     1     0     1     1     2     1     0   628     0
   437     1     2     2     4     6     8     2     0     1     1     0     1     2     0     0   438     0
   438     2     7     0     5     7     1     3     0     1     0     1     1     3     0     0   415     0
   439     1     4     1     8     2     4     6     1     0     1     1     1     3     1     1   601     0
   440     2     5     0     1     3     5     7     1     0     0     0     1     3     0     0   446     0
   441     2     6     2     3     5     7     1     1     1     0     1     0     2     0     1   523     0
   442     2     6     2     3     5     7     1     0     0     1     0     0     1     1     1   467     0
   443     2     5     0     1     3     5     7     1     1     1     1     0     2     1     1   672     0
   444     2     6     2     3     5     7     1     1     1     1     0     1     2     0     0   479     0
   445     1     2     2     4     6     8     2     1     1     0     0     1     3     0     0   726     0
   446     1     2     2     4     6     8     2     0     0     1     0     1     1     1     1   613     0
   447     1     1     2     2     4     6     8     0     0     0     1     1     2     0     0   578     1
   448     2     8     1     7     1     3     5     1     1     0     1     0     3     1     1   929     0
   449     2     7     0     5     7     1     3     1     0     0     1     0     2     0     1   570     0
   450     1     2     2     4     6     8     2     1     1     0     0     0     3     0     1   514     0
   451     1     2     2     4     6     8     2     1     0     0     0     0     1     0     1   445     0
   452     1     4     1     8     2     4     6     0     1     1     0     0     2     1     1   395     1
   453     1     4     1     8     2     4     6     0     0     0     1     1     1     0     1   678     0
   454     1     4     1     8     2     4     6     1     1     1     0     1     1     1     1   532     0
   455     2     8     1     7     1     3     5     1     1     0     0     1     3     0     0   764     0
   456     2     6     2     3     5     7     1     0     1     0     0     0     2     1     0   507     0
   457     2     7     0     5     7     1     3     0     0     0     0     1     2     0     1   577     0
   458     2     8     1     7     1     3     5     1     0     1     0     1     2     1     0   601     0
   459     2     7     0     5     7     1     3     1     0     0     1     1     2     0     0   461     0
   460     1     2     2     4     6     8     2     0     0     1     1     0     3     1     0   582     0
   461     2     8     1     7     1     3     5     1     1     1     0     0     3     1     1   715     0
   462     2     8     1     7     1     3     5     1     1     1     0     0     1     0     0   561     0
   463     2     8     1     7     1     3     5     0     0     0     1     0     1     1     1   611     0
   464     2     6     2     3     5     7     1     1     0     1     0     1     2     1     0   609     0
   465     2     7     0     5     7     1     3     0     1     0     1     0     2     1     1   610     0
   466     2     7     0     5     7     1     3     0     0     1     0     0     1     0     1   571     0
   467     1     3     1     6     8     2     4     0     1     0     1     0     3     0     1   719     0
   468     1     3     1     6     8     2     4     0     0     0     1     0     1     0     1   522     0
   469     2     7     0     5     7     1     3     1     0     1     0     0     3     1     0   472     0
   470     1     2     2     4     6     8     2     0     1     1     1     0     3     1     1   550     0
   471     2     6     2     3     5     7     1     1     1     1     1     1     3     1     0   657     0
   472     1     3     1     6     8     2     4     0     1     1     1     0     3     1     0   631     0
   473     2     6     2     3     5     7     1     1     1     0     0     1     3     1     0   764     0
   474     2     8     1     7     1     3     5     1     0     1     0     0     2     0     1   520     0
   475     2     5     0     1     3     5     7     0     1     1     1     1     2     1     1   642     1
   476     2     8     1     7     1     3     5     0     0     1     1     1     2     0     1   587     0
   477     2     8     1     7     1     3     5     0     0     0     0     1     1     0     0   468     0
   478     2     8     1     7     1     3     5     0     0     0     1     0     1     0     0   371     0
   479     1     3     1     6     8     2     4     0     1     1     1     0     3     0     1   447     0
   480     1     3     1     6     8     2     4     1     0     0     0     1     1     1     1   544     1
   481     1     2     2     4     6     8     2     0     0     1     1     0     2     1     0   555     0
   482     1     3     1     6     8     2     4     1     1     0     1     1     2     1     1   551     0
   483     1     2     2     4     6     8     2     0     0     0     0     0     2     1     1   442     0
   484     1     2     2     4     6     8     2     1     0     1     0     1     1     1     0   428     1
   485     1     3     1     6     8     2     4     1     1     0     0     0     2     0     1  1314     0
   486     1     3     1     6     8     2     4     1     0     0     1     1     1     0     1   639     0
   487     1     3     1     6     8     2     4     0     0     1     0     1     1     1     0   405     0
   488     1     3     1     6     8     2     4     0     0     1     0     0     1     0     0   391     0
   489     1     1     2     2     4     6     8     0     0     0     0     1     2     0     0   491     0
   490     1     4     1     8     2     4     6     1     0     0     0     0     2     1     0   742     0
   491     1     1     2     2     4     6     8     0     1     0     1     1     2     1     1   589     0
   492     1     1     2     2     4     6     8     1     1     1     1     0     1     1     0   821     0
   493     2     6     2     3     5     7     1     0     0     0     1     0     3     1     1   414     0
   494     2     7     0     5     7     1     3     0     0     0     1     0     2     0     0   426     0
   495     2     6     2     3     5     7     1     1     0     1     1     0     2     1     0   539     1
   496     2     6     2     3     5     7     1     1     0     0     0     1     1     0     0   389     0
   497     1     1     2     2     4     6     8     0     1     0     1     1     3     1     1   409     1
   498     1     1     2     2     4     6     8     1     0     0     0     1     1     1     1   504     0
   499     2     8     1     7     1     3     5     1     0     0     0     1     3     0     0   516     0
   500     2     8     1     7     1     3     5     1     1     1     1     0     1     0     1   532     0
   501     1     3     1     6     8     2     4     1     0     1     0     1     3     0     1   599     0
   502     1     3     1     6     8     2     4     1     0     1     0     0     1     0     0   423     0
   503     2     5     0     1     3     5     7     1     0     0     1     0     3     0     0   557     0
   504     2     5     0     1     3     5     7     1     1     0     0     1     1     0     1   529     0
   505     1     4     1     8     2     4     6     0     0     1     1     1     3     1     1   452     0
   506     1     4     1     8     2     4     6     0     0     0     1     0     1     0     0   446     0
   507     2     6     2     3     5     7     1     1     1     0     0     0     3     1     1   476     0
   508     2     6     2     3     5     7     1     1     0     0     1     0     1     0     1   466     0
   509     2     8     1     7     1     3     5     1     1     0     1     1     2     0     1   441     1
   510     2     6     2     3     5     7     1     0     1     1     0     0     2     1     0   510     0
   511     2     7     0     5     7     1     3     0     1     0     1     0     2     0     0   890     0
   512     2     7     0     5     7     1     3     0     0     0     0     0     1     0     1   455     0
   513     2     8     1     7     1     3     5     0     1     1     1     0     2     0     1   525     0
   514     2     8     1     7     1     3     5     0     0     0     0     1     1     0     1   548     0
   515     1     1     2     2     4     6     8     0     0     0     1     0     3     0     0   644     0
   516     1     1     2     2     4     6     8     0     0     0     1     0     1     0     0   717     0
   517     2     6     2     3     5     7     1     1     0     1     1     0     3     1     0   508     0
   518     2     5     0     1     3     5     7     0     0     0     0     0     2     1     0   811     0
   519     2     7     0     5     7     1     3     0     1     0     1     0     2     0     1   648     0
   520     2     7     0     5     7     1     3     1     0     1     0     0     1     1     1   494     0
   521     1     3     1     6     8     2     4     1     1     1     1     0     3     0     1   701     0
   522     1     3     1     6     8     2     4     1     1     1     1     1     1     0     0   471     0
   523     1     2     2     4     6     8     2     1     1     1     0     0     2     0     0   534     0
   524     1     2     2     4     6     8     2     1     0     0     0     0     1     0     1   568     0
   525     2     5     0     1     3     5     7     0     0     0     0     1     3     1     0   937     0
   526     2     5     0     1     3     5     7     1     1     0     0     0     1     1     1   516     1
   527     1     4     1     8     2     4     6     0     1     1     1     0     3     1     0   679     0
   528     2     7     0     5     7     1     3     1     0     0     1     1     3     1     1   613     0
   529     1     4     1     8     2     4     6     0     0     1     1     0     3     1     0   675     0
   530     1     3     1     6     8     2     4     0     0     1     0     0     2     0     0   390     0
   531     2     5     0     1     3     5     7     0     1     1     0     1     3     0     1   675     0
   532     2     5     0     1     3     5     7     1     1     1     1     1     1     1     0   562     1
   533     2     5     0     1     3     5     7     0     1     1     1     0     1     1     0   476     0
   534     2     8     1     7     1     3     5     1     1     0     1     0     2     1     0   786     0
   535     2     6     2     3     5     7     1     0     1     1     0     1     2     1     0   422     0
   536     2     6     2     3     5     7     1     0     1     0     0     0     1     0     0   448     0
   537     2     7     0     5     7     1     3     0     0     1     0     1     2     0     1   546     0
   538     2     7     0     5     7     1     3     0     0     0     0     0     1     0     0   462     0
   539     1     1     2     2     4     6     8     0     0     0     1     0     3     0     0   608     1
   540     2     6     2     3     5     7     1     1     0     1     0     0     3     1     0   512     0
   541     1     1     2     2     4     6     8     1     0     0     1     0     3     0     0   503     0
   542     1     2     2     4     6     8     2     1     0     0     0     1     2     0     0   534     0
   543     2     7     0     5     7     1     3     0     0     1     1     1     3     1     0   429     0
   544     2     8     1     7     1     3     5     1     1     0     0     1     2     1     1   643     0
   545     2     5     0     1     3     5     7     0     1     1     0     0     2     1     0   526     1
   546     2     7     0     5     7     1     3     0     0     0     1     0     2     0     1   503     1
   547     2     5     0     1     3     5     7     0     0     1     1     0     2     0     0   756     0
   548     2     5     0     1     3     5     7     1     0     1     1     1     1     1     0   530     0
   549     1     3     1     6     8     2     4     1     1     1     1     0     3     0     1   581     0
   550     1     3     1     6     8     2     4     0     1     0     1     0     1     1     0   549     0
   551     1     1     2     2     4     6     8     0     0     0     0     1     2     0     1   583     0
   552     1     1     2     2     4     6     8     1     0     1     0     1     1     1     0   475     0
   553     2     7     0     5     7     1     3     1     1     1     1     1     3     0     1   629     0
   554     2     8     1     7     1     3     5     1     0     0     1     0     2     0     1   422     0
   555     2     7     0     5     7     1     3     0     1     0     0     0     2     1     1   622     0
   556     2     7     0     5     7     1     3     0     1     1     0     1     1     0     0   603     0
   557     1     2     2     4     6     8     2     0     0     1     0     0     3     0     1   636     0
   558     1     2     2     4     6     8     2     0     1     1     0     1     1     0     1   589     0
   559     2     8     1     7     1     3     5     0     0     1     0     0     3     0     1   541     0
   560     2     8     1     7     1     3     5     1     1     1     1     0     1     1     1   561     0
   561     1     1     2     2     4     6     8     1     0     1     1     0     3     0     1   663     1
   562     1     1     2     2     4     6     8     1     0     1     1     0     1     0     0   460     0
   563     1     3     1     6     8     2     4     0     1     0     0     0     2     1     1   699     0
   564     1     4     1     8     2     4     6     0     1     1     0     1     2     0     0   544     0
   565     1     4     1     8     2     4     6     0     0     1     1     1     1     0     1   587     0
   566     1     1     2     2     4     6     8     0     1     0     1     0     2     0     1   727     0
   567     1     3     1     6     8     2     4     1     1     0     1     1     2     1     0   693     0
   568     1     3     1     6     8     2     4     1     1     1     0     0     1     0     0   536     1
   569     1     1     2     2     4     6     8     0     0     0     1     0     2     1     1   667     0
   570     1     1     2     2     4     6     8     0     0     1     0     0     1     0     0   565     0
   571     1     1     2     2     4     6     8     1     1     1     1     1     1     1     1   765     0
   572     1     3     1     6     8     2     4     0     1     0     0     1     2     1     0   557     1
   573     1     3     1     6     8     2     4     1     0     0     0     0     1     1     1   507     0
   574     1     3     1     6     8     2     4     1     0     1     0     0     1     0     0   514     0
   575     1     2     2     4     6     8     2     1     0     0     0     0     2     0     0   692     0
   576     1     2     2     4     6     8     2     1     1     0     0     1     1     0     1   623     0
   577     1     2     2     4     6     8     2     1     0     1     1     1     1     0     1   549     0
   578     1     2     2     4     6     8     2     1     0     1     1     0     1     0     0   457     0
   579     2     6     2     3     5     7     1     0     0     1     0     1     3     1     0   656     0
   580     2     6     2     3     5     7     1     1     1     0     1     1     1     1     1   722     0
   581     1     3     1     6     8     2     4     0     1     0     1     1     3     1     0   552     0
   582     1     3     1     6     8     2     4     1     1     1     1     1     1     1     0   458     0
   583     1     1     2     2     4     6     8     0     0     0     1     1     2     1     1   965     0
   584     2     6     2     3     5     7     1     0     1     0     1     0     3     0     1   468     0
   585     2     8     1     7     1     3     5     1     1     0     1     1     2     1     0   530     0
   586     1     3     1     6     8     2     4     0     1     0     1     0     3     1     0   549     1
   587     2     8     1     7     1     3     5     1     0     1     1     0     3     1     1   720     0
   588     2     5     0     1     3     5     7     0     1     0     1     1     2     1     1   714     0
   589     1     2     2     4     6     8     2     1     0     1     1     0     3     1     1   573     0
   590     1     3     1     6     8     2     4     0     0     0     0     1     2     1     0   661     0
   591     1     1     2     2     4     6     8     1     1     1     0     0     2     1     1   500     0
   592     1     2     2     4     6     8     2     0     1     1     0     0     2     1     0   715     0
   593     1     4     1     8     2     4     6     0     1     1     0     1     2     0     0   622     0
   594     1     2     2     4     6     8     2     0     0     1     0     1     2     0     1   614     0
   595     2     6     2     3     5     7     1     1     0     1     0     0     3     1     0   518     0
   596     2     6     2     3     5     7     1     0     0     1     0     1     1     1     0   540     0
   597     1     2     2     4     6     8     2     0     1     1     0     1     3     0     1   504     0
   598     1     4     1     8     2     4     6     1     0     0     0     0     2     1     1   655     0
   599     1     3     1     6     8     2     4     0     1     0     1     0     2     1     1   432     1
   600     1     2     2     4     6     8     2     1     0     0     0     0     2     1     1   641     0
   601     1     3     1     6     8     2     4     1     0     0     0     1     2     0     0   531     0
   602     1     3     1     6     8     2     4     1     0     1     0     1     1     0     0   511     0
   603     1     3     1     6     8     2     4     0     0     1     0     0     1     1     0   545     0
   604     1     2     2     4     6     8     2     1     0     1     1     0     2     1     0   640     1
   605     1     4     1     8     2     4     6     0     1     0     0     0     2     1     1   740     0
   606     1     4     1     8     2     4     6     0     1     0     0     0     1     0     0   587     0
   607     1     1     2     2     4     6     8     1     0     0     0     1     2     1     1  1168     0
   608     1     1     2     2     4     6     8     1     0     1     0     1     1     0     0   543     0
   609     1     2     2     4     6     8     2     1     1     1     1     0     2     0     1   610     0
   610     2     5     0     1     3     5     7     0     0     1     0     1     3     1     1   747     0
   611     2     6     2     3     5     7     1     1     0     0     1     0     2     1     0   430     0
   612     2     6     2     3     5     7     1     1     0     1     1     0     1     0     0   444     0
   613     1     2     2     4     6     8     2     1     1     0     1     0     3     0     1   502     1
   614     1     2     2     4     6     8     2     0     1     0     0     1     1     1     0   528     0
   615     1     4     1     8     2     4     6     1     0     1     0     0     2     1     1   675     0
   616     1     4     1     8     2     4     6     1     0     0     1     1     1     0     0   525     0
   617     2     6     2     3     5     7     1     1     1     1     0     1     3     0     1   524     0
   618     2     6     2     3     5     7     1     0     1     0     1     1     1     1     0   590     0
   619     1     4     1     8     2     4     6     0     1     1     0     0     3     0     0  1051     0
   620     1     1     2     2     4     6     8     1     0     0     1     0     2     1     1   868     1
   621     2     8     1     7     1     3     5     1     0     0     1     0     3     0     0   706     0
   622     2     8     1     7     1     3     5     0     0     0     1     1     1     1     0   669     0
   623     1     3     1     6     8     2     4     0     0     1     1     0     3     0     0   455     0
   624     1     3     1     6     8     2     4     0     1     1     0     0     1     0     1   621     0
   625     1     4     1     8     2     4     6     0     1     1     1     1     2     0     0   713     0
   626     1     1     2     2     4     6     8     0     0     1     0     1     2     0     1   672     0
   627     1     2     2     4     6     8     2     0     1     1     0     1     2     0     1   506     1
   628     1     2     2     4     6     8     2     0     0     1     0     0     1     0     1   744     0
   629     2     7     0     5     7     1     3     0     0     1     0     0     3     0     0   855     0
   630     2     7     0     5     7     1     3     0     1     1     0     1     1     0     1   557     0
   631     1     2     2     4     6     8     2     0     1     1     1     1     3     0     0   522     0
   632     1     1     2     2     4     6     8     1     1     1     0     1     2     1     0   909     0
   633     1     4     1     8     2     4     6     0     0     0     1     0     2     1     1   660     0
   634     1     2     2     4     6     8     2     0     1     1     1     0     2     0     1   882     0
   635     2     6     2     3     5     7     1     1     0     1     0     1     3     1     1   820     0
   636     2     6     2     3     5     7     1     0     0     1     1     0     1     1     0   452     0
   637     1     3     1     6     8     2     4     1     0     0     0     0     3     1     0   534     0
   638     1     3     1     6     8     2     4     1     1     1     1     1     1     0     1   522     0
   639     2     7     0     5     7     1     3     1     1     1     1     0     3     0     0   430     0
   640     2     8     1     7     1     3     5     1     1     1     0     1     2     0     0   564     0
   641     2     5     0     1     3     5     7     1     0     1     0     0     2     0     1   680     0
   642     2     6     2     3     5     7     1     1     1     0     1     1     2     0     1   518     0
   643     1     4     1     8     2     4     6     1     1     1     1     1     3     0     0   493     0
   644     1     4     1     8     2     4     6     1     0     0     0     1     1     0     1   547     0
   645     2     6     2     3     5     7     1     1     1     1     0     0     3     0     1   587     0
   646     2     6     2     3     5     7     1     1     1     1     0     1     1     0     0   519     0
   647     2     8     1     7     1     3     5     1     0     0     0     1     2     0     1   487     0
   648     2     8     1     7     1     3     5     0     1     1     0     0     1     1     1   562     0
   649     2     5     0     1     3     5     7     1     0     0     0     0     2     1     1   861     0
   650     2     6     2     3     5     7     1     1     0     0     0     1     2     0     0   578     0
   651     2     7     0     5     7     1     3     1     1     1     0     1     2     0     1   537     0
   652     2     7     0     5     7     1     3     1     1     1     0     1     1     0     0   596     1
   653     2     7     0     5     7     1     3     0     1     0     0     1     1     1     0   560     0
   654     2     6     2     3     5     7     1     0     1     1     0     1     2     0     0   404     0
   655     1     2     2     4     6     8     2     1     0     1     1     0     3     1     1   653     0
   656     1     2     2     4     6     8     2     1     1     0     1     0     1     0     1   519     0
   657     1     3     1     6     8     2     4     0     0     1     0     1     2     1     1   724     0
   658     1     3     1     6     8     2     4     0     1     0     1     1     1     0     1   467     0
   659     2     7     0     5     7     1     3     0     1     1     0     1     3     0     0   389     0
   660     2     7     0     5     7     1     3     0     0     1     1     0     1     0     1   513     0
   661     2     6     2     3     5     7     1     1     0     0     1     1     2     1     0   564     0
   662     2     6     2     3     5     7     1     1     0     1     0     1     1     0     0   505     0
   663     1     4     1     8     2     4     6     1     1     1     0     1     3     0     1   615     0
   664     1     4     1     8     2     4     6     1     1     0     0     1     1     0     0   559     0
   665     1     3     1     6     8     2     4     0     1     0     0     0     2     1     0   687     0
   666     1     4     1     8     2     4     6     0     0     0     0     0     2     0     1   678     0
   667     1     3     1     6     8     2     4     0     0     0     0     0     2     0     0   428     0
   668     1     3     1     6     8     2     4     0     0     0     0     0     1     0     0   422     0
   669     2     7     0     5     7     1     3     1     1     0     1     1     3     1     1   466     0
   670     2     5     0     1     3     5     7     0     1     0     0     1     2     1     0   893     0
   671     2     6     2     3     5     7     1     1     1     0     0     1     2     1     0   475     1
   672     2     5     0     1     3     5     7     1     1     0     0     0     2     0     0   527     0
   673     1     2     2     4     6     8     2     0     1     1     0     0     3     1     0   515     0
   674     1     2     2     4     6     8     2     0     1     0     1     1     1     0     0   501     0
   675     2     7     0     5     7     1     3     0     0     0     0     0     3     0     1   412     1
   676     2     7     0     5     7     1     3     1     0     1     0     1     1     1     0   405     0
   677     2     7     0     5     7     1     3     0     1     1     0     1     1     1     1   490     0
   678     2     7     0     5     7     1     3     1     1     0     0     1     1     1     0   468     0
   679     1     1     2     2     4     6     8     1     1     0     0     0     3     0     0   598     0
   680     1     1     2     2     4     6     8     1     1     1     0     0     1     0     0   535     0
   681     1     3     1     6     8     2     4     0     0     1     0     1     2     1     1   718     0
   682     1     3     1     6     8     2     4     1     1     1     0     1     1     1     1   638     0
   683     1     3     1     6     8     2     4     0     0     0     1     1     1     1     1   579     0
   684     2     8     1     7     1     3     5     0     1     1     1     1     3     0     1   545     0
   685     1     2     2     4     6     8     2     0     1     0     1     0     3     0     0   451     0
   686     1     2     2     4     6     8     2     0     1     0     0     1     1     0     0   417     0
   687     2     5     0     1     3     5     7     1     1     1     0     0     3     1     0   466     1
   688     2     6     2     3     5     7     1     1     0     0     1     1     2     0     1   554     0
   689     2     7     0     5     7     1     3     1     0     1     0     1     2     0     0   742     0
   690     1     4     1     8     2     4     6     0     1     1     0     1     3     1     1   721     0
   691     2     7     0     5     7     1     3     1     0     1     0     0     3     1     1   516     0
   692     2     8     1     7     1     3     5     1     1     0     1     0     2     0     1   491     0
   693     2     5     0     1     3     5     7     0     1     1     1     1     2     1     0   666     0
   694     2     5     0     1     3     5     7     1     1     1     0     0     1     1     0   459     0
   695     1     3     1     6     8     2     4     1     0     1     1     0     3     0     1   484     1
   696     1     3     1     6     8     2     4     0     1     0     0     0     1     1     1   639     0
   697     2     7     0     5     7     1     3     0     1     1     0     0     3     0     0   592     1
   698     2     7     0     5     7     1     3     1     1     0     0     1     1     1     0   585     1
   699     2     5     0     1     3     5     7     0     0     0     0     1     2     1     1   733     0
   700     2     5     0     1     3     5     7     0     1     0     0     0     1     0     1   536     0
   701     1     1     2     2     4     6     8     1     0     0     0     1     3     1     1   707     0
   702     1     3     1     6     8     2     4     1     0     1     0     0     2     0     0   502     0
   703     2     5     0     1     3     5     7     1     1     0     1     0     3     0     1   577     0
   704     2     5     0     1     3     5     7     1     1     1     1     1     1     0     0   710     0
   705     1     1     2     2     4     6     8     1     1     1     0     1     3     0     0   508     0
   706     1     1     2     2     4     6     8     0     1     0     1     0     1     1     0   508     0
   707     2     5     0     1     3     5     7     0     0     0     0     1     3     0     1   695     0
   708     1     2     2     4     6     8     2     0     1     1     1     0     3     0     1   906     0
   709     1     2     2     4     6     8     2     0     1     1     0     0     1     0     0   781     0
   710     1     2     2     4     6     8     2     0     1     1     1     1     1     0     0  1088     0
   711     2     7     0     5     7     1     3     1     0     1     0     1     3     1     1   977     0
   712     2     7     0     5     7     1     3     0     1     1     0     0     1     1     1  1220     0
   713     2     7     0     5     7     1     3     0     1     1     1     0     1     0     0   441     0
   714     2     7     0     5     7     1     3     1     0     0     0     1     1     1     1   519     0
   715     2     8     1     7     1     3     5     0     0     1     1     1     2     1     0  1194     1
   716     2     8     1     7     1     3     5     1     1     1     0     1     1     1     1   716     0
   717     2     6     2     3     5     7     1     0     0     0     0     0     2     1     1   784     0
   718     2     8     1     7     1     3     5     0     1     0     1     0     2     0     1   500     0
   719     1     1     2     2     4     6     8     0     0     0     0     0     3     0     1   578     0
   720     1     1     2     2     4     6     8     1     1     1     0     0     1     1     1   678     0
   721     1     4     1     8     2     4     6     1     0     1     0     0     2     0     1   705     0
   722     1     3     1     6     8     2     4     0     0     0     0     0     2     1     0   747     0
   723     2     7     0     5     7     1     3     1     0     0     0     0     3     1     0   633     0
   724     1     4     1     8     2     4     6     0     0     1     0     1     3     1     0   778     0
   725     1     4     1     8     2     4     6     0     0     0     0     1     1     0     0   446     0
   726     1     1     2     2     4     6     8     0     0     0     1     1     2     0     0   664     0
   727     1     2     2     4     6     8     2     0     1     0     0     1     2     0     1   526     0
   728     2     7     0     5     7     1     3     1     1     1     1     0     3     1     0   600     0
   729     2     5     0     1     3     5     7     1     0     1     0     1     2     0     1   580     0
   730     2     7     0     5     7     1     3     1     1     0     1     1     2     0     1   727     0
   731     1     4     1     8     2     4     6     1     0     0     0     0     3     0     1   463     0
   732     1     4     1     8     2     4     6     1     1     0     0     1     1     0     1   485     0
   733     1     4     1     8     2     4     6     0     0     1     1     1     1     1     1   475     0
   734     1     4     1     8     2     4     6     0     0     0     0     1     1     0     0   361     0
   735     1     1     2     2     4     6     8     1     0     0     0     0     2     1     0   452     0
   736     1     1     2     2     4     6     8     1     1     0     0     0     1     0     1   450     0
   737     2     5     0     1     3     5     7     1     0     1     1     0     3     0     1   392     0
   738     2     5     0     1     3     5     7     1     1     0     0     0     1     0     1   381     1
   739     1     3     1     6     8     2     4     1     1     0     1     0     3     0     0   604     0
   740     2     6     2     3     5     7     1     0     1     1     1     1     3     1     0   417     0
   741     1     4     1     8     2     4     6     1     1     1     1     1     3     1     0   470     0
   742     1     1     2     2     4     6     8     0     1     0     1     0     2     1     0   528     0
   743     1     2     2     4     6     8     2     1     1     0     0     0     2     1     0   844     0
   744     1     2     2     4     6     8     2     0     0     1     0     1     1     1     1   669     0
   745     2     8     1     7     1     3     5     0     0     0     1     0     3     0     0   455     0
   746     2     8     1     7     1     3     5     0     0     1     1     1     1     0     0   576     1
   747     2     6     2     3     5     7     1     1     0     0     1     1     2     1     0   444     0
   748     2     6     2     3     5     7     1     1     0     1     0     1     1     0     0   413     0
   749     1     1     2     2     4     6     8     1     1     1     1     0     3     0     1   702     0
   750     1     1     2     2     4     6     8     1     1     1     0     0     1     0     0  1017     0
   751     1     4     1     8     2     4     6     0     0     0     1     0     2     1     1   553     0
   752     2     5     0     1     3     5     7     1     0     1     0     1     3     1     0   537     0
   753     1     1     2     2     4     6     8     1     1     1     0     1     3     0     1   396     1
   754     1     2     2     4     6     8     2     1     0     0     0     0     2     0     1   560     0
   755     1     1     2     2     4     6     8     1     0     0     0     1     2     0     0   408     0
   756     1     1     2     2     4     6     8     0     0     0     0     1     1     1     0   937     0
   757     2     6     2     3     5     7     1     0     1     0     0     0     3     0     1   904     0
   758     2     5     0     1     3     5     7     0     1     0     0     1     2     0     0  1010     0
   759     1     4     1     8     2     4     6     0     0     0     1     0     3     0     1   608     0
   760     2     5     0     1     3     5     7     1     0     1     0     1     3     1     0   785     0
   761     1     1     2     2     4     6     8     1     1     1     1     0     3     0     1   568     0
   762     1     4     1     8     2     4     6     0     0     1     0     0     2     1     1   600     0
   763     2     6     2     3     5     7     1     0     0     0     1     0     3     0     0   466     0
   764     2     6     2     3     5     7     1     1     1     1     0     0     1     1     1   490     0
   765     2     6     2     3     5     7     1     1     1     1     0     0     1     0     0   505     0
   766     2     6     2     3     5     7     1     0     0     1     1     1     1     1     1   455     0
   767     2     7     0     5     7     1     3     1     0     1     0     1     2     1     0   678     0
   768     1     4     1     8     2     4     6     1     0     1     1     1     3     0     0   660     0
   769     1     1     2     2     4     6     8     0     0     1     0     1     2     1     0   775     0
   770     1     2     2     4     6     8     2     0     1     1     0     1     2     0     1   539     0
   771     2     7     0     5     7     1     3     1     1     1     0     0     3     1     0   538     1
   772     2     7     0     5     7     1     3     1     1     1     0     1     1     0     0   416     0
   773     2     6     2     3     5     7     1     0     1     1     1     0     2     1     0   434     0
   774     2     7     0     5     7     1     3     0     1     1     0     1     2     0     0   375     0
   775     1     3     1     6     8     2     4     0     0     0     0     1     3     0     1   571     0
   776     1     3     1     6     8     2     4     0     1     1     1     0     1     0     1   556     0
   777     1     2     2     4     6     8     2     1     1     0     0     0     2     1     0   967     0
   778     1     2     2     4     6     8     2     0     0     1     1     0     1     1     1   527     0
   779     1     3     1     6     8     2     4     0     1     0     1     0     2     0     1   534     0
   780     1     1     2     2     4     6     8     1     0     0     1     1     2     1     1   904     0
   781     1     1     2     2     4     6     8     0     1     0     0     0     1     1     1   511     0
   782     2     8     1     7     1     3     5     1     0     0     1     1     3     1     1   666     0
   783     2     8     1     7     1     3     5     1     1     0     1     0     1     0     1   445     0
   784     1     1     2     2     4     6     8     1     0     0     0     1     3     0     1   438     0
   785     1     3     1     6     8     2     4     0     0     0     1     1     2     1     0   523     0
   786     2     6     2     3     5     7     1     1     1     0     1     1     3     1     1   466     0
   787     1     3     1     6     8     2     4     0     1     0     1     1     3     1     0   493     0
   788     1     1     2     2     4     6     8     1     0     1     1     1     2     1     1   478     0
   789     2     5     0     1     3     5     7     0     0     1     1     1     3     1     0   468     0
   790     2     8     1     7     1     3     5     0     0     0     0     1     2     0     0   405     0
   791     1     1     2     2     4     6     8     1     0     0     0     1     3     1     0   430     0
   792     1     1     2     2     4     6     8     0     0     1     1     1     1     1     0   471     0
   793     2     7     0     5     7     1     3     1     0     0     1     1     3     1     0   626     0
   794     1     4     1     8     2     4     6     1     0     1     0     0     3     0     0   391     0
   795     1     3     1     6     8     2     4     0     0     0     1     0     2     1     0   432     0
   796     1     3     1     6     8     2     4     0     0     1     0     1     1     0     0   560     0
   797     2     8     1     7     1     3     5     0     1     0     0     1     3     0     1   451     1
   798     2     8     1     7     1     3     5     0     0     1     0     1     1     0     1   617     0
   799     2     7     0     5     7     1     3     1     0     0     1     0     2     1     0   498     0
   800     2     7     0     5     7     1     3     0     1     1     1     1     1     1     1   473     0
   801     2     6     2     3     5     7     1     0     0     0     0     1     2     0     1   691     0
   802     2     6     2     3     5     7     1     0     1     0     0     0     1     0     1   539     0
   803     1     2     2     4     6     8     2     0     1     0     0     0     3     0     0   822     0
   804     1     3     1     6     8     2     4     1     1     1     1     0     2     1     0   654     0
   805     2     5     0     1     3     5     7     1     1     1     1     0     3     0     0   631     0
   806     2     7     0     5     7     1     3     0     1     0     1     0     2     1     0   697     0
   807     2     5     0     1     3     5     7     1     0     0     0     0     2     1     1   551     0
   808     2     5     0     1     3     5     7     1     1     0     0     1     1     0     1   478     1
   809     1     1     2     2     4     6     8     1     0     1     1     1     3     0     1   504     0
   810     1     1     2     2     4     6     8     1     1     1     1     0     1     0     1   482     0
   811     2     8     1     7     1     3     5     0     1     1     1     0     3     1     0   808     0
   812     2     8     1     7     1     3     5     1     0     0     0     1     1     1     1   896     0
   813     1     4     1     8     2     4     6     0     0     1     0     1     3     1     0   487     0
   814     1     4     1     8     2     4     6     0     0     1     0     0     1     0     0   417     0
   815     2     5     0     1     3     5     7     0     0     0     0     1     3     0     0   406     0
   816     2     5     0     1     3     5     7     1     1     1     0     1     1     1     1   499     0
   817     2     8     1     7     1     3     5     1     1     0     0     1     2     0     0   599     1
   818     2     7     0     5     7     1     3     0     1     0     0     0     2     1     0   923     0
   819     1     4     1     8     2     4     6     0     0     0     0     1     3     0     1   865     0
   820     1     4     1     8     2     4     6     1     1     0     0     0     1     1     1   511     1
   821     2     7     0     5     7     1     3     1     0     1     1     1     3     0     1   589     0
   822     2     7     0     5     7     1     3     0     1     1     0     1     1     1     1  1080     0
   823     1     4     1     8     2     4     6     1     0     0     0     1     3     1     1   730     0
   824     1     4     1     8     2     4     6     0     1     1     1     0     1     1     1   864     0
   825     2     8     1     7     1     3     5     1     0     1     0     1     3     1     1   723     0
   826     2     8     1     7     1     3     5     1     1     1     0     1     1     0     1   454     0
   827     1     1     2     2     4     6     8     1     0     1     1     0     3     0     1   682     0
   828     1     1     2     2     4     6     8     0     1     0     0     1     1     1     1   632     0
   829     1     4     1     8     2     4     6     0     1     0     0     1     2     0     0   542     0
   830     1     1     2     2     4     6     8     0     0     1     0     0     2     0     1   685     0
   831     2     5     0     1     3     5     7     1     0     0     1     0     3     1     0   680     0
   832     1     2     2     4     6     8     2     1     1     0     0     1     3     0     1  1500     2
   833     1     1     2     2     4     6     8     0     0     0     1     0     2     1     1   730     0
   834     2     8     1     7     1     3     5     0     1     0     0     1     3     0     1   785     1
   835     1     2     2     4     6     8     2     1     0     1     1     0     3     1     1  1129     0
   836     2     5     0     1     3     5     7     1     0     0     1     1     3     0     0   500     0
   837     1     2     2     4     6     8     2     0     0     1     1     0     3     1     0   611     0
   838     1     2     2     4     6     8     2     0     1     1     0     1     1     0     1  1237     1
   839     1     2     2     4     6     8     2     0     1     1     1     1     1     0     0  1180     0
   840     1     2     2     4     6     8     2     1     1     1     1     0     1     1     0   491     0
   841     2     6     2     3     5     7     1     0     0     1     1     0     3     1     1   686     0
   842     2     8     1     7     1     3     5     1     0     1     1     1     2     1     0   824     1
   843     2     7     0     5     7     1     3     0     1     0     0     0     2     1     1   559     0
   844     2     6     2     3     5     7     1     0     0     1     1     1     2     0     1   524     0
   845     1     1     2     2     4     6     8     1     0     0     1     1     3     1     0   507     0
   846     1     3     1     6     8     2     4     1     0     1     0     0     2     0     0   585     0
   847     1     2     2     4     6     8     2     1     0     0     0     1     2     0     0   778     0
   848     1     2     2     4     6     8     2     0     0     1     0     1     1     1     0   886     0
   849     1     4     1     8     2     4     6     1     1     0     1     0     2     1     1   607     0
   850     2     7     0     5     7     1     3     0     0     0     0     1     3     1     1   696     0
   851     2     5     0     1     3     5     7     0     1     1     1     1     2     0     1  1202     1
   852     1     2     2     4     6     8     2     0     0     0     0     0     3     0     1   594     0
   853     1     4     1     8     2     4     6     1     1     0     0     0     2     1     1   618     0
   854     1     4     1     8     2     4     6     1     0     1     1     1     1     0     1   684     0
   855     1     3     1     6     8     2     4     1     0     0     1     0     2     0     0   819     0
   856     1     3     1     6     8     2     4     0     0     1     0     0     1     1     0  1500     2
   857     2     8     1     7     1     3     5     1     1     1     1     0     3     1     1   612     0
   858     2     8     1     7     1     3     5     0     0     1     1     1     1     1     1   532     0
   859     2     5     0     1     3     5     7     1     0     0     1     1     2     1     0   841     0
   860     2     5     0     1     3     5     7     1     1     0     0     0     1     0     1   522     0
   861     2     8     1     7     1     3     5     0     1     1     1     1     2     1     0   673     0
   862     2     8     1     7     1     3     5     0     0     0     0     1     1     0     1   491     0
   863     1     3     1     6     8     2     4     0     1     0     1     1     3     0     1   537     1
   864     2     6     2     3     5     7     1     1     1     1     0     0     3     1     0   437     0
   865     2     6     2     3     5     7     1     0     1     0     1     1     1     1     0   451     0
   866     2     7     0     5     7     1     3     0     0     1     0     0     2     0     1   584     0
   867     2     6     2     3     5     7     1     0     0     1     1     1     2     0     0   637     0
   868     2     6     2     3     5     7     1     0     0     0     0     1     1     0     0   394     0
   869     2     8     1     7     1     3     5     1     1     1     0     1     2     1     1   654     0
   870     2     8     1     7     1     3     5     1     1     0     0     1     1     0     0   612     0
   871     2     5     0     1     3     5     7     0     1     1     0     0     2     1     0   952     0
   872     2     5     0     1     3     5     7     0     1     0     0     0     1     0     0   434     0
   873     1     1     2     2     4     6     8     1     1     1     1     0     3     1     0   704     0
   874     1     1     2     2     4     6     8     1     1     1     0     0     1     0     0   510     0
   875     1     2     2     4     6     8     2     1     0     1     0     0     2     0     1   897     0
   876     1     2     2     4     6     8     2     0     1     0     0     1     1     1     1   875     0
   877     2     7     0     5     7     1     3     1     1     1     1     0     3     1     0   572     0
   878     2     7     0     5     7     1     3     1     0     1     0     0     1     0     1   817     0
   879     2     7     0     5     7     1     3     1     0     1     0     0     1     0     0   621     0
   880     2     8     1     7     1     3     5     1     1     0     0     0     2     0     1  1234     0
   881     1     1     2     2     4     6     8     1     0     1     1     1     3     0     1   654     0
   882     1     1     2     2     4     6     8     0     0     1     0     1     1     1     0   539     0
   883     1     4     1     8     2     4     6     0     0     0     0     0     2     0     0   771     0
   884     1     1     2     2     4     6     8     0     1     1     1     0     2     0     1  1500     2
   885     2     5     0     1     3     5     7     1     1     0     0     1     3     1     0   499     0
   886     2     5     0     1     3     5     7     1     0     1     0     1     1     0     1   570     0
   887     2     6     2     3     5     7     1     1     1     1     1     1     2     0     1   526     1
   888     2     6     2     3     5     7     1     1     0     0     0     1     1     0     1   497     0
   889     2     8     1     7     1     3     5     0     1     0     1     1     2     1     1   711     0
   890     1     1     2     2     4     6     8     0     1     0     0     1     3     0     0   470     1
   891     1     3     1     6     8     2     4     1     0     1     1     1     2     1     1   651     0
   892     1     3     1     6     8     2     4     1     0     1     0     1     1     0     0   800     0
   893     1     3     1     6     8     2     4     1     1     1     1     0     1     0     1   857     1
   894     1     2     2     4     6     8     2     0     0     0     0     1     2     1     1  1029     1
   895     1     1     2     2     4     6     8     0     0     0     1     1     2     0     0   744     0
   896     1     4     1     8     2     4     6     0     1     0     1     0     2     0     1   647     0
