     1     1     2     2     4     6     8     2     1     1     0     1     1     1     1     0   846     0
     2     1     2     2     4     6     8     2     0     0     0     0     0     1     1     1   763     0
     3     1     1     2     2     4     6     8     0     0     0     1     1     2     0     0   931     1
     4     1     2     2     4     6     8     2     0     0     0     0     0     2     0     0   781     0
     5     1     3     1     6     8     2     4     1     0     1     0     1     2     1     0  1258     1
     6     1     3     1     6     8     2     4     0     0     0     0     1     1     1     0  1006     0
     7     1     4     1     8     2     4     6     0     0     1     1     1     2     0     0   974     0
     8     1     4     1     8     2     4     6     0     1     1     1     0     1     0     1   977     0
     9     1     1     2     2     4     6     8     0     0     0     0     0     2     0     1  1500     2
    10     1     1     2     2     4     6     8     1     0     1     1     0     1     1     0  1014     0
    11     1     1     2     2     4     6     8     0     0     1     0     0     1     1     0   639     1
    12     2     8     1     7     1     3     5     1     1     0     1     1     3     1     1  1356     0
    13     1     1     2     2     4     6     8     1     1     1     1     1     3     0     0   979     1
    14     2     8     1     7     1     3     5     0     0     0     0     1     3     1     1   651     0
    15     2     5     0     1     3     5     7     1     0     0     1     0     2     1     0   717     1
    16     2     5     0     1     3     5     7     1     0     1     1     0     1     0     0  1134     0
    17     2     6     2     3     5     7     1     0     0     0     0     1     2     1     0  1426     0
    18     2     7     0     5     7     1     3     0     1     0     1     0     2     0     1   634     0
    19     2     7     0     5     7     1     3     1     1     0     1     1     1     1     0   960     1
    20     2     7     0     5     7     1     3     1     1     0     1     1     1     0     0   642     0
    21     1     2     2     4     6     8     2     1     0     0     1     0     3     0     1   696     0
    22     1     2     2     4     6     8     2     1     0     0     0     1     1     0     0  1066     0
    23     1     1     2     2     4     6     8     1     0     0     0     0     2     0     0  1107     1
    24     1     1     2     2     4     6     8     0     1     1     1     0     1     1     1   588     1
    25     2     5     0     1     3     5     7     1     0     0     0     1     3     1     1   767     0
    26     2     5     0     1     3     5     7     1     0     1     1     1     1     0     0   935     0
    27     2     5     0     1     3     5     7     1     0     1     1     0     1     0     0   947     0
    28     2     5     0     1     3     5     7     0     0     0     0     1     1     1     0  1500     2
    29     2     7     0     5     7     1     3     0     1     0     1     0     2     0     1   834     0
    30     2     7     0     5     7     1     3     0     1     0     0     1     1     0     0   603     1
    31     1     4     1     8     2     4     6     0     0     1     0     0     3     0     1   863     0
    32     1     4     1     8     2     4     6     0     0     0     1     0     1     0     0  1144     0
    33     2     6     2     3     5     7     1     0     1     1     0     0     3     0     1   676     0
    34     2     7     0     5     7     1     3     1     0     1     0     0     2     1     1   967     0
    35     1     3     1     6     8     2     4     1     1     0     0     1     3     0     1   747     0
    36     1     2     2     4     6     8     2     0     0     0     0     1     2     1     1   511     0
    37     2     5     0     1     3     5     7     0     1     1     1     0     3     0     1   585     0
    38     2     5     0     1     3     5     7     1     1     1     1     0     1     1     0   600     1
    39     2     6     2     3     5     7     1     1     1     0     0     1     2     0     0   652     0
    40     2     6     2     3     5     7     1     0     0     0     0     1     1     1     1   686     0
    41     1     1     2     2     4     6     8     0     0     0     1     1     3     0     0   941     0
    42     1     1     2     2     4     6     8     0     0     1     0     1     1     0     0   831     0
    43     2     8     1     7     1     3     5     0     1     1     0     0     3     0     1   784     0
    44     2     5     0     1     3     5     7     0     0     0     1     0     2     0     1   553     0
    45     2     5     0     1     3     5     7     1     0     1     1     1     1     1     0   945     0
    46     2     8     1     7     1     3     5     0     0     1     1     0     2     1     0   800     0
    47     2     8     1     7     1     3     5     0     1     0     0     0     1     0     1   624     0
    48     2     8     1     7     1     3     5     0     1     0     0     1     1     0     0   704     0
    49     2     8     1     7     1     3     5     0     0     1     1     0     1     0     1   707     0
    50     2     8     1     7     1     3     5     1     0     0     1     1     1     1     0   578     0
    51     2     6     2     3     5     7     1     0     1     1     1     0     2     1     1   666     0
    52     2     6     2     3     5     7     1     0     1     0     0     0     1     0     0   799     0
    53     2     7     0     5     7     1     3     0     1     0     0     0     2     0     0   648     1
    54     1     2     2     4     6     8     2     1     1     1     0     1     3     1     0   561     0
    55     2     8     1     7     1     3     5     0     1     0     1     1     3     1     0   877     0
    56     2     5     0     1     3     5     7     0     1     1     0     0     2     0     0   931     0
    57     2     6     2     3     5     7     1     0     1     0     1     1     2     0     0   598     0
    58     2     6     2     3     5     7     1     1     0     1     1     0     1     1     1   551     0
    59     1     2     2     4     6     8     2     0     0     0     1     1     3     1     0   574     0
    60     1     2     2     4     6     8     2     0     1     0     1     1     1     0     1   430     1
    61     1     2     2     4     6     8     2     1     1     0     1     0     1     1     0   735     0
    62     1     1     2     2     4     6     8     1     0     1     1     0     2     0     1   559     1
    63     2     6     2     3     5     7     1     0     0     0     0     0     3     1     0   498     0
    64     2     6     2     3     5     7     1     1     1     0     1     0     1     1     1   516     1
    65     2     7     0     5     7     1     3     0     1     1     1     1     2     1     0   447     0
    66     2     8     1     7     1     3     5     1     0     1     0     1     2     1     1   781     0
    67     1     1     2     2     4     6     8     0     1     1     0     1     3     1     1   545     0
    68     1     3     1     6     8     2     4     1     0     0     0     1     2     1     1   605     0
    69     2     7     0     5     7     1     3     0     1     1     1     1     3     1     1  1086     1
    70     1     4     1     8     2     4     6     0     1     1     1     0     3     0     0   571     0
    71     1     2     2     4     6     8     2     0     1     0     0     1     2     0     0   511     0
    72     1     2     2     4     6     8     2     0     1     1     0     1     1     0     0   485     0
    73     2     5     0     1     3     5     7     1     0     0     0     0     3     1     1   547     0
    74     2     5     0     1     3     5     7     0     1     0     0     0     1     1     1   554     0
    75     1     3     1     6     8     2     4     1     1     0     0     0     3     1     0   702     0
    76     1     3     1     6     8     2     4     1     1     1     1     1     1     0     0   445     0
    77     2     5     0     1     3     5     7     0     1     0     1     1     3     1     0   599     0
    78     2     5     0     1     3     5     7     0     1     0     1     1     1     0     0   492     0
    79     2     6     2     3     5     7     1     1     0     0     1     1     2     1     1   498     0
    80     1     3     1     6     8     2     4     0     0     1     1     0     3     1     0   657     0
    81     1     1     2     2     4     6     8     0     1     1     0     0     2     0     1   467     0
    82     1     1     2     2     4     6     8     1     1     0     0     1     1     1     0   576     0
    83     1     1     2     2     4     6     8     1     1     1     1     1     1     0     0   464     0
    84     1     4     1     8     2     4     6     1     1     0     0     0     2     0     0   473     1
    85     1     2     2     4     6     8     2     1     1     1     1     0     2     0     0   482     0
    86     1     2     2     4     6     8     2     0     1     0     0     1     1     1     0   464     0
    87     2     5     0     1     3     5     7     0     0     0     1     0     3     0     1   639     1
    88     2     7     0     5     7     1     3     0     0     0     1     1     2     0     0   747     0
    89     1     1     2     2     4     6     8     0     0     0     1     0     3     0     0   602     0
    90     1     2     2     4     6     8     2     0     0     1     1     0     2     0     0   474     0
    91     1     3     1     6     8     2     4     0     1     1     1     1     2     0     1   596     0
    92     1     3     1     6     8     2     4     0     1     0     0     1     1     0     0   577     0
    93     1     1     2     2     4     6     8     0     0     0     1     1     2     0     1   601     0
    94     1     1     2     2     4     6     8     1     0     0     0     1     1     1     0   730     0
    95     2     5     0     1     3     5     7     1     1     0     1     0     3     0     1   601     0
    96     2     6     2     3     5     7     1     0     1     1     0     0     2     1     0   625     0
    97     1     3     1     6     8     2     4     1     1     1     0     1     3     1     0   554     1
    98     1     4     1     8     2     4     6     1     0     0     1     0     2     0     1   875     0
    99     1     4     1     8     2     4     6     0     0     0     1     0     1     1     0   805     1
   100     1     4     1     8     2     4     6     0     0     1     1     0     1     0     0   680     1
   101     2     7     0     5     7     1     3     1     0     1     0     1     3     1     0   498     0
   102     2     7     0     5     7     1     3     0     0     0     0     0     1     1     0   448     0
   103     2     7     0     5     7     1     3     1     0     1     0     1     1     1     0   461     0
   104     2     7     0     5     7     1     3     0     0     1     0     1     1     1     0   435     0
   105     2     8     1     7     1     3     5     1     0     0     0     0     2     1     0   489     0
   106     2     8     1     7     1     3     5     0     1     0     1     0     1     1     1   651     0
   107     1     1     2     2     4     6     8     1     0     0     1     0     3     1     1   616     0
   108     1     1     2     2     4     6     8     0     1     0     0     0     1     1     1   665     1
   109     1     4     1     8     2     4     6     0     1     0     0     0     2     0     0   711     0
   110     2     5     0     1     3     5     7     1     0     0     1     1     3     1     1   680     0
   111     2     8     1     7     1     3     5     0     1     1     1     1     2     1     1   525     0
   112     2     8     1     7     1     3     5     0     1     1     1     0     1     0     0   820     1
   113     2     7     0     5     7     1     3     0     1     0     1     0     2     0     0   659     0
   114     2     7     0     5     7     1     3     0     0     0     0     0     1     0     1   546     0
   115     1     4     1     8     2     4     6     1     0     1     0     0     3     1     0   678     1
   116     1     1     2     2     4     6     8     0     1     1     0     1     2     1     1   612     1
   117     1     1     2     2     4     6     8     0     1     1     1     1     1     0     0   466     0
   118     1     2     2     4     6     8     2     1     0     1     0     0     2     1     1   833     0
   119     1     3     1     6     8     2     4     1     1     0     0     1     2     0     1   714     0
   120     1     3     1     6     8     2     4     0     1     1     0     0     1     1     0   637     0
   121     2     5     0     1     3     5     7     1     0     0     0     1     3     1     1   787     0
   122     2     6     2     3     5     7     1     1     1     1     0     0     2     0     1   850     0
   123     1     3     1     6     8     2     4     1     1     1     0     1     3     0     0   571     0
   124     2     6     2     3     5     7     1     0     0     0     1     1     3     1     1   559     0
   125     2     7     0     5     7     1     3     1     1     1     0     1     2     1     1   535     0
   126     2     7     0     5     7     1     3     1     1     1     1     1     1     0     0   750     0
   127     2     6     2     3     5     7     1     1     1     0     0     1     2     0     0   501     0
   128     2     7     0     5     7     1     3     1     1     0     1     0     2     0     0   500     0
   129     2     6     2     3     5     7     1     1     0     1     1     0     2     0     1   667     0
   130     1     3     1     6     8     2     4     0     1     0     0     0     3     1     1   657     0
   131     1     2     2     4     6     8     2     0     1     0     0     0     2     0     0   782     0
   132     1     2     2     4     6     8     2     1     1     0     0     0     1     1     0   454     0
   133     2     5     0     1     3     5     7     0     0     1     0     1     3     1     1   653     0
   134     2     7     0     5     7     1     3     0     1     0     1     1     2     0     1   475     0
   135     2     8     1     7     1     3     5     1     0     1     1     0     2     1     1  1105     0
   136     2     7     0     5     7     1     3     0     0     0     0     1     2     1     0   814     1
   137     2     6     2     3     5     7     1     0     1     0     1     1     2     0     1   606     0
   138     2     6     2     3     5     7     1     1     1     1     0     1     1     1     0   538     0
   139     1     4     1     8     2     4     6     0     0     0     0     0     3     1     1   845     1
   140     1     4     1     8     2     4     6     0     1     0     1     1     1     0     1   890     0
   141     1     1     2     2     4     6     8     0     0     0     0     0     2     0     1   988     0
   142     1     1     2     2     4     6     8     0     0     1     1     1     1     0     0   724     0
   143     2     7     0     5     7     1     3     0     0     0     1     0     3     0     0   595     0
   144     2     7     0     5     7     1     3     0     1     1     0     1     1     0     1   615     0
   145     1     3     1     6     8     2     4     1     1     1     1     0     3     1     0   676     0
   146     1     3     1     6     8     2     4     1     1     0     0     1     1     0     0   845     0
   147     1     3     1     6     8     2     4     1     0     1     0     1     1     0     1   811     0
   148     1     3     1     6     8     2     4     0     0     1     1     1     1     1     0   692     0
   149     1     2     2     4     6     8     2     1     1     0     1     0     2     1     1   723     0
   150     1     3     1     6     8     2     4     1     0     0     0     0     2     0     1   590     0
   151     1     4     1     8     2     4     6     0     0     1     1     0     2     1     0   686     0
   152     1     2     2     4     6     8     2     0     0     1     0     1     2     0     0   467     0
   153     1     4     1     8     2     4     6     0     0     0     0     1     2     0     0   677     0
   154     1     4     1     8     2     4     6     1     1     1     1     1     1     1     1   832     1
   155     2     6     2     3     5     7     1     1     0     0     0     0     3     0     1   491     0
   156     2     6     2     3     5     7     1     1     1     1     1     1     1     0     1   518     0
   157     2     8     1     7     1     3     5     0     1     0     1     0     2     1     0   594     0
   158     1     3     1     6     8     2     4     1     1     1     0     0     3     1     0   754     0
   159     2     7     0     5     7     1     3     1     0     0     1     0     3     0     1   517     0
   160     2     8     1     7     1     3     5     1     0     0     0     1     2     0     0   524     0
   161     2     6     2     3     5     7     1     0     1     1     1     0     2     1     1   527     0
   162     2     6     2     3     5     7     1     1     1     1     1     0     1     1     0   509     0
   163     2     5     0     1     3     5     7     0     1     0     1     0     2     1     0   888     1
   164     1     4     1     8     2     4     6     1     0     0     0     0     3     1     1   672     0
   165     1     3     1     6     8     2     4     0     0     0     1     1     2     1     0   715     0
   166     1     3     1     6     8     2     4     1     0     0     0     0     1     1     0   437     0
   167     2     7     0     5     7     1     3     0     0     1     1     0     3     1     0   587     0
   168     2     7     0     5     7     1     3     0     0     0     0     0     1     0     0   500     0
   169     1     2     2     4     6     8     2     0     1     0     1     1     3     0     1   902     0
   170     2     7     0     5     7     1     3     0     0     1     1     0     3     0     1   616     0
   171     2     6     2     3     5     7     1     0     1     1     0     0     2     0     1   572     1
   172     1     1     2     2     4     6     8     1     1     0     1     0     3     1     0   643     0
   173     1     3     1     6     8     2     4     1     1     0     1     0     2     0     0   696     0
   174     1     2     2     4     6     8     2     1     1     0     1     0     2     0     0   443     0
   175     1     4     1     8     2     4     6     1     1     1     0     1     2     0     0   760     0
   176     1     3     1     6     8     2     4     1     1     0     0     1     2     0     0   495     0
   177     2     6     2     3     5     7     1     0     1     0     0     0     3     1     0   514     0
   178     1     3     1     6     8     2     4     0     0     0     0     0     3     0     1   654     0
   179     1     2     2     4     6     8     2     1     0     0     1     1     2     1     0   544     0
   180     1     2     2     4     6     8     2     1     1     1     0     1     1     0     1   489     0
   181     1     4     1     8     2     4     6     0     1     1     0     0     2     1     0   775     1
   182     2     5     0     1     3     5     7     1     1     1     0     0     3     1     0   886     0
   183     1     3     1     6     8     2     4     0     0     0     1     0     3     1     1   533     0
   184     2     6     2     3     5     7     1     0     1     0     0     0     3     0     1   536     0
   185     2     6     2     3     5     7     1     0     1     1     1     0     1     0     0   442     0
   186     2     6     2     3     5     7     1     1     1     1     0     1     1     1     0   716     0
   187     1     4     1     8     2     4     6     1     0     1     0     0     3     0     1   490     1
   188     1     4     1     8     2     4     6     0     1     1     1     1     1     1     1  1031     0
   189     2     5     0     1     3     5     7     1     1     0     0     1     3     1     0   527     0
   190     1     2     2     4     6     8     2     0     1     0     0     0     3     1     0   503     0
   191     2     6     2     3     5     7     1     0     0     0     0     0     3     0     1   589     0
   192     2     8     1     7     1     3     5     0     0     1     1     0     2     0     0   710     0
   193     1     2     2     4     6     8     2     0     1     1     0     0     3     0     1   588     0
   194     1     3     1     6     8     2     4     1     1     1     1     1     2     1     0   576     0
   195     2     7     0     5     7     1     3     0     0     0     1     0     3     1     1   541     0
   196     2     7     0     5     7     1     3     1     1     1     0     0     1     1     1   537     0
   197     1     3     1     6     8     2     4     1     0     0     1     0     3     0     1   552     0
   198     1     3     1     6     8     2     4     1     0     0     0     0     1     0     0   752     0
   199     1     1     2     2     4     6     8     0     0     0     1     1     2     1     0   996     0
   200     1     1     2     2     4     6     8     0     0     0     1     0     1     0     0   694     0
   201     1     4     1     8     2     4     6     1     1     1     1     1     2     1     1   517     0
   202     1     4     1     8     2     4     6     1     0     0     0     0     1     0     1   697     0
   203     2     8     1     7     1     3     5     1     1     1     0     0     3     0     1   595     1
   204     2     8     1     7     1     3     5     1     0     1     1     1     1     0     1   698     0
   205     2     5     0     1     3     5     7     1     0     0     1     1     2     0     0   505     0
   206     1     2     2     4     6     8     2     0     0     1     1     1     3     1     0   691     0
   207     2     5     0     1     3     5     7     1     1     1     0     0     3     1     1   557     0
   208     2     5     0     1     3     5     7     1     0     1     0     0     1     0     1   589     0
   209     2     7     0     5     7     1     3     0     0     0     1     0     2     1     0   578     0
   210     2     7     0     5     7     1     3     0     1     0     1     0     1     0     1   554     1
   211     1     4     1     8     2     4     6     1     0     1     0     0     3     1     1   745     0
   212     1     4     1     8     2     4     6     0     1     0     0     1     1     1     1   560     0
   213     1     2     2     4     6     8     2     1     1     1     1     1     2     1     0   728     0
   214     1     2     2     4     6     8     2     0     0     1     0     1     1     1     1   582     0
   215     2     5     0     1     3     5     7     0     1     0     0     0     3     0     1   615     0
   216     2     5     0     1     3     5     7     0     0     0     0     1     1     0     1   536     1
   217     2     7     0     5     7     1     3     1     1     0     1     0     2     1     1   735     0
   218     1     4     1     8     2     4     6     0     1     1     0     1     3     1     0   511     1
   219     1     1     2     2     4     6     8     1     1     1     0     1     2     1     0   542     0
   220     1     1     2     2     4     6     8     1     0     1     0     1     1     0     1   545     0
   221     2     5     0     1     3     5     7     0     1     0     1     1     3     1     1   492     0
   222     2     5     0     1     3     5     7     0     0     1     0     1     1     0     1   555     0
   223     2     6     2     3     5     7     1     0     0     1     0     0     2     0     0   578     0
   224     2     8     1     7     1     3     5     0     1     0     1     1     2     0     1   598     0
   225     2     8     1     7     1     3     5     1     1     1     1     1     1     1     0   487     0
   226     2     8     1     7     1     3     5     1     1     0     0     1     1     0     0   635     0
   227     1     2     2     4     6     8     2     0     1     0     1     0     3     1     0  1012     1
   228     1     2     2     4     6     8     2     1     1     0     1     1     1     1     0   511     0
   229     2     6     2     3     5     7     1     0     1     0     0     1     3     1     0   559     0
   230     2     8     1     7     1     3     5     1     1     0     0     0     2     1     0   515     0
   231     1     3     1     6     8     2     4     1     1     0     0     0     3     0     0   758     0
   232     1     3     1     6     8     2     4     1     1     1     1     1     1     0     0   489     0
   233     2     7     0     5     7     1     3     1     0     0     0     0     3     0     1   476     0
   234     2     7     0     5     7     1     3     1     1     1     0     0     1     0     1   479     0
   235     1     1     2     2     4     6     8     0     0     1     1     0     3     1     1   973     0
   236     1     4     1     8     2     4     6     0     1     1     1     0     2     0     1   585     0
   237     1     4     1     8     2     4     6     1     0     1     0     1     1     1     1   865     0
   238     1     4     1     8     2     4     6     0     0     0     0     0     1     1     0   762     0
   239     2     8     1     7     1     3     5     1     0     1     0     1     3     1     0   485     0
   240     2     8     1     7     1     3     5     0     0     1     0     0     1     1     0   428     0
   241     1     1     2     2     4     6     8     1     0     1     1     0     3     1     0   809     0
   242     1     1     2     2     4     6     8     0     0     1     0     1     1     1     0   578     0
   243     1     2     2     4     6     8     2     0     0     0     1     0     2     0     0   478     0
   244     1     2     2     4     6     8     2     1     1     1     0     1     1     1     1   749     0
   245     2     5     0     1     3     5     7     1     0     0     0     1     3     0     1   628     0
   246     2     5     0     1     3     5     7     1     0     0     1     0     1     0     0   489     0
   247     2     7     0     5     7     1     3     0     0     0     1     0     2     1     0   812     0
   248     2     5     0     1     3     5     7     0     0     0     0     0     2     0     0   469     0
   249     2     7     0     5     7     1     3     0     1     1     0     0     2     0     1   759     0
   250     2     7     0     5     7     1     3     1     1     0     1     1     1     1     0   806     0
   251     1     1     2     2     4     6     8     1     1     0     1     1     3     0     0   714     0
   252     1     4     1     8     2     4     6     1     1     1     1     1     2     0     0   537     0
   253     2     7     0     5     7     1     3     1     0     1     1     1     3     0     1   564     0
   254     2     7     0     5     7     1     3     0     0     1     1     1     1     1     0   665     1
   255     2     8     1     7     1     3     5     1     0     0     0     1     2     1     0   609     0
   256     1     1     2     2     4     6     8     1     0     1     0     0     3     0     0   546     0
   257     2     6     2     3     5     7     1     1     1     0     1     1     3     0     1   641     0
   258     2     6     2     3     5     7     1     1     1     1     1     1     1     0     0   456     0
   259     2     5     0     1     3     5     7     1     0     0     0     1     2     0     1   569     0
   260     2     5     0     1     3     5     7     1     1     1     0     1     1     0     1   759     0
   261     1     1     2     2     4     6     8     1     0     0     0     0     3     0     1   479     0
   262     1     1     2     2     4     6     8     0     1     1     0     0     1     1     1   629     0
   263     1     3     1     6     8     2     4     0     0     1     1     1     2     0     1   503     1
   264     1     3     1     6     8     2     4     1     0     0     0     1     1     1     0   556     0
   265     2     8     1     7     1     3     5     1     1     1     0     1     3     0     1   577     0
   266     2     8     1     7     1     3     5     1     1     0     0     1     1     0     0   697     0
   267     1     3     1     6     8     2     4     0     1     0     0     0     3     1     0   791     0
   268     2     8     1     7     1     3     5     0     0     1     1     1     3     0     1   543     0
   269     2     7     0     5     7     1     3     0     0     1     1     1     2     0     0   463     1
   270     2     8     1     7     1     3     5     1     1     1     1     0     2     1     1  1000     0
   271     1     4     1     8     2     4     6     0     0     1     1     0     3     1     1   672     0
   272     2     7     0     5     7     1     3     0     1     1     0     1     3     0     1   734     0
   273     2     7     0     5     7     1     3     1     0     1     0     0     1     1     1   494     0
   274     2     7     0     5     7     1     3     1     1     1     1     0     1     0     1   821     0
   275     2     6     2     3     5     7     1     0     0     0     1     0     2     1     1   978     0
   276     2     6     2     3     5     7     1     1     1     1     0     1     1     1     1   558     0
   277     1     2     2     4     6     8     2     1     0     0     0     0     3     0     1   466     0
   278     1     2     2     4     6     8     2     1     0     1     0     0     1     0     0   588     0
   279     2     7     0     5     7     1     3     0     1     0     0     0     3     1     1   588     0
   280     1     4     1     8     2     4     6     1     1     0     1     1     3     1     0   576     0
   281     2     7     0     5     7     1     3     1     0     0     1     1     3     0     1   496     0
   282     2     5     0     1     3     5     7     1     0     0     0     1     2     0     0   902     0
   283     2     5     0     1     3     5     7     1     0     1     0     1     1     0     0   555     0
   284     2     5     0     1     3     5     7     1     1     1     1     1     1     0     1   484     0
   285     1     3     1     6     8     2     4     0     1     0     1     1     3     1     0   531     1
   286     1     4     1     8     2     4     6     1     1     0     1     1     2     1     0   661     0
   287     2     7     0     5     7     1     3     1     0     0     0     0     3     0     1   478     0
   288     1     4     1     8     2     4     6     1     0     0     1     0     3     0     0   908     0
   289     2     6     2     3     5     7     1     1     1     1     0     1     3     0     1   482     0
   290     2     6     2     3     5     7     1     0     0     0     1     1     1     1     1   708     0
   291     1     3     1     6     8     2     4     0     1     0     1     1     3     0     1   538     0
   292     1     4     1     8     2     4     6     1     1     1     1     1     2     1     0   781     0
   293     2     8     1     7     1     3     5     1     0     0     1     1     3     0     1   573     0
   294     2     8     1     7     1     3     5     1     1     1     1     1     1     0     1   470     0
   295     1     4     1     8     2     4     6     0     1     0     1     0     3     1     0   752     0
   296     1     1     2     2     4     6     8     1     1     0     0     1     2     1     0   571     0
   297     1     3     1     6     8     2     4     0     1     0     0     0     2     1     0   526     1
   298     1     4     1     8     2     4     6     0     1     0     0     1     2     0     0   564     0
   299     1     4     1     8     2     4     6     1     1     0     1     1     1     1     0   489     0
   300     1     4     1     8     2     4     6     1     0     1     1     0     1     0     1   628     0
   301     1     4     1     8     2     4     6     0     0     0     0     1     1     1     0   729     1
   302     1     4     1     8     2     4     6     0     1     1     0     0     1     0     1   451     0
   303     2     7     0     5     7     1     3     1     1     0     0     0     3     1     0   688     0
   304     2     7     0     5     7     1     3     1     0     1     1     1     1     0     1   534     0
   305     2     8     1     7     1     3     5     0     1     1     0     0     2     1     1   890     0
   306     2     8     1     7     1     3     5     0     0     0     1     0     1     0     1   476     0
   307     2     5     0     1     3     5     7     1     0     1     1     1     2     1     0   934     0
   308     2     6     2     3     5     7     1     1     1     1     0     1     2     0     1   673     0
   309     2     8     1     7     1     3     5     0     0     1     0     0     2     1     1   579     0
   310     2     7     0     5     7     1     3     0     0     1     0     0     2     0     0   556     0
   311     1     1     2     2     4     6     8     0     1     0     0     0     3     0     1   572     0
   312     2     8     1     7     1     3     5     1     1     1     1     0     3     1     0   624     0
   313     2     7     0     5     7     1     3     1     1     1     0     1     2     0     0   648     0
   314     2     7     0     5     7     1     3     0     0     1     0     0     1     1     1   738     0
   315     2     8     1     7     1     3     5     0     1     1     0     1     2     0     1   642     0
   316     2     6     2     3     5     7     1     0     0     1     1     1     2     0     1   679     0
   317     1     1     2     2     4     6     8     1     1     0     1     0     3     1     1   901     0
   318     1     2     2     4     6     8     2     1     0     1     0     0     2     0     1   532     1
   319     1     1     2     2     4     6     8     0     0     0     0     0     2     1     0   567     0
   320     1     1     2     2     4     6     8     0     0     1     0     0     1     0     0   919     0
   321     1     3     1     6     8     2     4     0     0     0     0     0     2     0     0   474     0
   322     1     3     1     6     8     2     4     1     0     0     0     1     1     1     0   759     0
   323     2     5     0     1     3     5     7     0     0     0     0     0     3     1     0   890     0
   324     2     5     0     1     3     5     7     1     0     0     0     1     1     1     0   524     0
   325     2     7     0     5     7     1     3     1     0     1     0     1     2     0     0   470     1
   326     2     7     0     5     7     1     3     1     1     0     0     0     1     0     1   597     0
   327     1     4     1     8     2     4     6     1     0     0     1     0     3     0     1   545     0
   328     1     4     1     8     2     4     6     0     1     1     0     1     1     1     1  1184     1
   329     1     3     1     6     8     2     4     1     0     1     0     1     2     1     1   592     0
   330     1     3     1     6     8     2     4     1     1     0     1     1     1     0     1   533     0
   331     1     3     1     6     8     2     4     1     0     0     1     0     1     0     1   560     0
   332     1     3     1     6     8     2     4     1     0     0     0     1     1     0     0   579     0
   333     1     1     2     2     4     6     8     0     1     0     0     0     2     1     1  1375     0
   334     1     1     2     2     4     6     8     1     1     0     1     1     1     1     0   990     0
   335     2     5     0     1     3     5     7     0     1     1     0     0     3     1     0   587     0
   336     2     5     0     1     3     5     7     0     0     0     1     0     1     0     1  1042     0
   337     1     2     2     4     6     8     2     0     0     1     0     0     3     0     0   454     0
   338     1     2     2     4     6     8     2     0     1     0     1     1     1     0     1   531     0
   339     1     3     1     6     8     2     4     0     0     0     0     1     2     0     1   515     1
   340     1     3     1     6     8     2     4     1     0     0     0     1     1     1     0   765     0
   341     2     5     0     1     3     5     7     0     0     0     0     1     3     1     0   684     0
   342     2     8     1     7     1     3     5     1     0     0     1     1     2     1     0   679     0
   343     2     7     0     5     7     1     3     0     0     1     1     1     2     1     0   649     0
   344     2     7     0     5     7     1     3     0     1     0     0     0     1     0     1   550     0
   345     1     3     1     6     8     2     4     1     0     0     1     1     3     1     1   547     0
   346     1     3     1     6     8     2     4     1     1     1     1     1     1     0     1   518     0
   347     1     4     1     8     2     4     6     1     0     0     0     1     2     0     1   913     0
   348     1     4     1     8     2     4     6     1     1     1     0     0     1     0     1   552     0
   349     2     6     2     3     5     7     1     1     1     1     0     0     3     0     0   675     0
   350     2     5     0     1     3     5     7     1     1     0     1     1     2     0     0   537     0
   351     1     2     2     4     6     8     2     1     0     0     1     0     3     0     1   483     0
   352     1     4     1     8     2     4     6     0     1     0     1     0     2     1     1   858     0
   353     2     7     0     5     7     1     3     1     0     1     0     0     3     1     1   508     0
   354     2     6     2     3     5     7     1     1     0     0     1     0     2     0     0   599     0
   355     1     4     1     8     2     4     6     0     1     0     0     1     3     1     1   841     0
   356     1     2     2     4     6     8     2     1     1     1     0     1     2     1     0  1029     0
   357     2     6     2     3     5     7     1     1     1     1     1     1     3     0     0   534     0
   358     2     6     2     3     5     7     1     1     1     0     0     0     1     0     0   609     0
   359     2     6     2     3     5     7     1     1     1     1     0     1     1     0     0   465     0
   360     2     6     2     3     5     7     1     0     0     1     1     0     1     1     1   735     0
   361     2     5     0     1     3     5     7     0     1     1     0     0     2     0     1   591     0
   362     1     4     1     8     2     4     6     1     1     0     0     1     3     1     0   611     0
   363     2     7     0     5     7     1     3     1     1     1     1     1     3     0     0   708     0
   364     2     7     0     5     7     1     3     0     0     0     1     1     1     1     1   623     0
   365     2     8     1     7     1     3     5     1     1     0     0     1     2     1     1   617     1
   366     2     5     0     1     3     5     7     0     1     1     0     0     2     1     0   525     0
   367     2     5     0     1     3     5     7     1     0     0     0     0     1     1     1   587     0
   368     2     5     0     1     3     5     7     1     0     1     0     1     1     0     0   516     0
   369     1     3     1     6     8     2     4     1     0     1     1     0     3     0     0   526     0
   370     1     3     1     6     8     2     4     0     0     1     1     0     1     1     0   946     0
   371     2     5     0     1     3     5     7     1     0     0     1     0     3     1     0   562     1
   372     2     5     0     1     3     5     7     0     1     0     1     1     1     1     1   532     0
   373     1     3     1     6     8     2     4     1     1     1     1     1     3     1     0   772     0
   374     1     3     1     6     8     2     4     0     0     0     1     0     1     1     1   541     0
   375     1     4     1     8     2     4     6     0     1     0     0     0     2     0     1   585     0
   376     1     4     1     8     2     4     6     0     0     0     0     1     1     0     1   541     0
   377     1     3     1     6     8     2     4     1     1     0     0     0     2     1     1   673     0
   378     1     3     1     6     8     2     4     0     0     0     0     0     1     1     1   691     0
   379     2     8     1     7     1     3     5     0     1     1     0     0     3     0     1   854     0
   380     2     8     1     7     1     3     5     0     0     0     1     0     1     0     1   560     0
   381     1     3     1     6     8     2     4     1     0     1     0     1     3     1     0   532     0
   382     1     3     1     6     8     2     4     1     0     0     1     0     1     0     0   511     0
   383     1     2     2     4     6     8     2     1     0     0     1     0     2     0     0   714     0
   384     1     3     1     6     8     2     4     0     1     0     1     1     2     1     1   653     0
   385     1     1     2     2     4     6     8     0     0     1     0     0     2     0     1   650     0
   386     2     6     2     3     5     7     1     1     0     0     0     0     3     1     0   614     0
   387     1     2     2     4     6     8     2     1     1     0     1     0     3     0     1   608     0
   388     1     2     2     4     6     8     2     1     0     1     0     0     1     0     1   521     0
   389     1     4     1     8     2     4     6     0     0     0     0     0     2     1     0   923     0
   390     1     4     1     8     2     4     6     0     0     1     1     0     1     0     0   562     0
   391     1     3     1     6     8     2     4     0     0     0     0     1     2     0     0   822     1
   392     1     3     1     6     8     2     4     1     1     1     1     0     1     1     1   597     0
   393     2     7     0     5     7     1     3     1     0     1     0     1     3     0     1   501     0
   394     2     7     0     5     7     1     3     1     0     0     1     0     1     0     0   440     0
   395     2     8     1     7     1     3     5     1     0     1     0     0     2     0     0   690     0
   396     1     1     2     2     4     6     8     0     0     0     0     0     3     1     0   820     0
   397     1     1     2     2     4     6     8     1     1     1     0     0     1     1     1   573     0
   398     1     1     2     2     4     6     8     0     1     1     0     1     1     1     0   558     0
   399     2     5     0     1     3     5     7     0     0     1     1     0     3     0     1   669     0
   400     2     5     0     1     3     5     7     1     0     1     1     0     1     1     0   507     0
   401     2     7     0     5     7     1     3     1     1     0     1     0     2     0     1   713     0
   402     2     8     1     7     1     3     5     0     0     1     0     1     2     1     1   711     1
   403     1     2     2     4     6     8     2     1     0     1     1     0     3     1     0   538     0
   404     1     4     1     8     2     4     6     0     0     0     1     1     2     1     0   770     0
   405     1     1     2     2     4     6     8     0     0     0     1     0     2     0     0   517     0
   406     1     3     1     6     8     2     4     1     1     0     1     1     2     1     1   561     0
   407     1     2     2     4     6     8     2     0     0     1     0     1     2     1     1   476     0
   408     1     2     2     4     6     8     2     1     0     0     0     1     1     1     0   458     0
   409     1     4     1     8     2     4     6     0     0     0     1     1     2     1     0   607     0
   410     1     3     1     6     8     2     4     1     0     0     1     1     2     1     0   604     0
   411     1     4     1     8     2     4     6     1     0     1     1     1     2     0     0   477     0
   412     1     4     1     8     2     4     6     0     0     1     0     1     1     1     0   715     0
   413     2     5     0     1     3     5     7     0     1     0     1     1     3     0     1   478     1
   414     2     5     0     1     3     5     7     0     1     1     0     0     1     0     0   579     1
   415     2     7     0     5     7     1     3     0     0     1     1     0     2     0     1   715     0
   416     2     8     1     7     1     3     5     0     0     1     0     1     2     0     0   525     0
   417     1     1     2     2     4     6     8     1     1     0     1     1     3     1     1   541     0
   418     2     8     1     7     1     3     5     0     0     0     0     1     3     1     1   465     0
   419     1     3     1     6     8     2     4     0     0     0     1     1     3     0     0   520     0
   420     2     8     1     7     1     3     5     0     1     0     1     0     3     0     1   611     0
   421     2     7     0     5     7     1     3     0     1     0     1     1     2     0     0   439     0
   422     1     2     2     4     6     8     2     1     1     0     1     1     3     1     0   545     0
   423     1     3     1     6     8     2     4     1     0     0     0     1     2     0     1   516     0
   424     2     8     1     7     1     3     5     1     1     1     0     0     3     0     1   632     0
   425     1     2     2     4     6     8     2     1     0     0     0     0     3     0     1   520     0
   426     1     1     2     2     4     6     8     1     1     0     0     0     2     0     1   788     0
   427     1     4     1     8     2     4     6     1     1     0     1     0     2     0     0   484     1
   428     2     7     0     5     7     1     3     0     1     1     1     0     3     1     0   515     0
   429     2     6     2     3     5     7     1     0     1     1     0     0     2     0     0   448     0
   430     2     6     2     3     5     7     1     0     0     0     1     0     1     0     1   502     0
   431     2     8     1     7     1     3     5     1     1     1     0     0     2     1     1   592     0
   432     2     8     1     7     1     3     5     0     0     1     1     0     1     1     1   588     0
   433     1     1     2     2     4     6     8     0     0     1     1     0     3     0     0   557     0
   434     1     4     1     8     2     4     6     1     0     0     1     1     2     1     0   661     0
   435     2     5     0     1     3     5     7     0     1     1     1     1     3     1     1   587     0
   436     2     8     1     7     1     3     5     0     0     1     0     1     2     0     1   542     0
   437     1     2     2     4     6     8     2     0     0     0     0     0     3     0     0   538     0
   438     1     2     2     4     6     8     2     1     0     1     0     1     1     1     0   650     0
   439     2     8     1     7     1     3     5     1     0     1     0     0     3     0     0   568     0
   440     2     7     0     5     7     1     3     0     0     0     1     1     2     1     0   640     0
   441     2     6     2     3     5     7     1     1     1     0     0     0     2     1     1   609     0
   442     2     6     2     3     5     7     1     1     0     1     1     1     1     0     1   615     0
   443     2     6     2     3     5     7     1     0     1     0     1     0     1     1     1   599     0
   444     2     6     2     3     5     7     1     1     0     0     1     1     1     1     1   548     0
   445     2     7     0     5     7     1     3     0     1     1     1     1     2     1     1   651     0
   446     2     7     0     5     7     1     3     0     1     1     1     0     1     0     0   765     0
   447     1     1     2     2     4     6     8     0     1     0     0     1     3     0     0  1161     0
   448     1     1     2     2     4     6     8     0     1     0     0     0     1     0     0   584     0
   449     1     1     2     2     4     6     8     1     0     0     1     1     1     1     1   917     1
   450     1     2     2     4     6     8     2     1     1     1     0     1     2     0     1   663     0
   451     2     6     2     3     5     7     1     0     1     1     1     1     3     1     0   549     1
   452     2     6     2     3     5     7     1     0     1     1     1     0     1     0     0   448     0
   453     1     3     1     6     8     2     4     0     1     0     0     0     3     0     0   690     0
   454     1     4     1     8     2     4     6     1     0     0     1     0     2     1     1   812     0
   455     2     7     0     5     7     1     3     1     0     0     0     0     3     0     0   673     0
   456     2     8     1     7     1     3     5     0     0     0     0     0     2     1     0   546     0
   457     1     4     1     8     2     4     6     1     1     1     0     1     3     1     1   629     0
   458     1     1     2     2     4     6     8     0     0     0     0     0     2     1     1   662     1
   459     2     6     2     3     5     7     1     0     0     1     1     1     3     0     0   474     0
   460     2     7     0     5     7     1     3     0     0     0     0     1     2     0     0   728     0
   461     2     5     0     1     3     5     7     1     0     0     0     1     2     1     0  1195     0
   462     2     7     0     5     7     1     3     0     1     0     1     0     2     1     1   694     0
   463     1     2     2     4     6     8     2     0     0     1     0     1     3     0     1   511     0
   464     1     2     2     4     6     8     2     1     0     0     0     0     1     1     0   443     0
   465     1     2     2     4     6     8     2     0     1     0     1     0     1     1     1   545     1
   466     1     3     1     6     8     2     4     0     0     0     0     0     2     0     1   624     0
   467     2     8     1     7     1     3     5     0     1     1     1     0     3     0     1   665     0
   468     2     8     1     7     1     3     5     0     0     0     1     0     1     0     1   743     0
   469     2     8     1     7     1     3     5     0     0     1     0     0     1     0     0   533     0
   470     1     1     2     2     4     6     8     1     1     1     1     1     3     1     1   792     0
   471     2     6     2     3     5     7     1     0     1     1     1     1     3     1     0   664     0
   472     2     6     2     3     5     7     1     0     1     1     0     0     1     0     0   946     1
   473     1     3     1     6     8     2     4     0     1     0     1     1     3     0     0   784     1
   474     1     3     1     6     8     2     4     1     0     1     1     0     1     1     1   656     1
   475     1     2     2     4     6     8     2     0     0     0     1     1     2     1     0   552     0
   476     1     2     2     4     6     8     2     1     0     0     0     0     1     1     0   564     0
   477     2     6     2     3     5     7     1     1     1     1     0     1     3     0     1   508     0
   478     2     6     2     3     5     7     1     0     1     0     1     1     1     1     0   500     0
   479     2     5     0     1     3     5     7     1     1     1     1     1     2     1     0   607     0
   480     2     5     0     1     3     5     7     0     1     0     0     0     1     1     0   615     0
   481     2     8     1     7     1     3     5     1     0     0     1     0     2     1     1  1068     0
   482     2     8     1     7     1     3     5     1     1     0     0     1     1     0     1   749     1
   483     2     6     2     3     5     7     1     0     1     0     0     0     2     1     0   596     0
   484     2     6     2     3     5     7     1     1     1     0     0     0     1     1     0   557     0
   485     2     6     2     3     5     7     1     1     0     1     1     1     1     0     1   601     0
   486     2     7     0     5     7     1     3     0     1     1     0     0     2     1     1   858     1
   487     2     7     0     5     7     1     3     0     0     0     0     0     1     0     1   618     0
   488     2     5     0     1     3     5     7     1     1     1     0     0     2     1     1   792     1
   489     1     1     2     2     4     6     8     0     0     1     0     0     3     1     1   715     0
   490     1     1     2     2     4     6     8     0     1     1     0     1     1     0     1   562     0
   491     2     5     0     1     3     5     7     0     1     1     1     1     3     0     0   483     0
   492     2     5     0     1     3     5     7     1     0     0     1     1     1     1     1  1337     0
   493     1     3     1     6     8     2     4     1     1     0     0     0     3     0     1   659     0
   494     1     3     1     6     8     2     4     0     0     1     1     1     1     1     1   652     0
   495     2     8     1     7     1     3     5     1     1     0     1     0     3     1     1  1108     0
   496     2     8     1     7     1     3     5     0     1     1     0     1     1     1     0   551     1
   497     1     1     2     2     4     6     8     1     1     1     1     1     3     1     0   497     0
   498     1     1     2     2     4     6     8     0     0     1     1     1     1     1     1   616     0
   499     1     4     1     8     2     4     6     0     1     1     0     0     2     0     1   628     0
   500     1     4     1     8     2     4     6     1     0     0     1     0     1     1     1   638     0
   501     2     7     0     5     7     1     3     0     1     0     1     1     3     1     1   671     0
   502     2     7     0     5     7     1     3     1     0     1     0     0     1     1     1   513     0
   503     1     3     1     6     8     2     4     1     0     1     1     1     3     0     0   581     0
   504     1     1     2     2     4     6     8     1     1     1     0     1     2     0     1   601     0
   505     1     1     2     2     4     6     8     0     0     0     0     1     1     1     1   574     0
   506     1     1     2     2     4     6     8     1     0     0     1     1     1     1     0   562     0
   507     1     4     1     8     2     4     6     0     1     0     1     1     2     1     1   481     1
   508     1     4     1     8     2     4     6     0     1     1     0     0     1     0     0   527     0
   509     1     4     1     8     2     4     6     0     1     0     0     1     1     0     0   608     0
   510     1     4     1     8     2     4     6     1     1     0     0     0     1     1     0   789     0
   511     2     5     0     1     3     5     7     0     1     1     1     0     3     1     0   449     0
   512     2     6     2     3     5     7     1     0     0     1     0     1     2     0     1   435     1
   513     1     4     1     8     2     4     6     1     1     0     1     1     3     1     1   587     0
   514     1     4     1     8     2     4     6     1     0     1     1     1     1     0     1   983     1
   515     2     7     0     5     7     1     3     0     0     0     0     1     3     1     0   575     0
   516     2     7     0     5     7     1     3     1     0     0     0     1     1     1     0   478     0
   517     2     8     1     7     1     3     5     0     1     1     0     1     2     1     1   713     0
   518     1     3     1     6     8     2     4     1     0     0     1     0     3     1     1   504     0
   519     1     3     1     6     8     2     4     0     1     0     1     1     1     1     1   530     1
   520     1     3     1     6     8     2     4     0     1     0     1     1     1     0     0   457     0
   521     1     2     2     4     6     8     2     1     0     1     0     1     2     1     1   556     0
   522     1     2     2     4     6     8     2     1     1     1     1     1     1     0     1   871     1
   523     1     4     1     8     2     4     6     1     1     1     1     1     2     0     0   576     0
   524     1     4     1     8     2     4     6     0     0     1     1     1     1     1     1   724     0
   525     1     3     1     6     8     2     4     1     1     0     1     0     2     1     1   668     0
   526     1     3     1     6     8     2     4     1     1     1     0     0     1     0     0   533     0
   527     1     3     1     6     8     2     4     0     1     1     0     0     1     1     0  1081     0
   528     1     3     1     6     8     2     4     1     1     0     1     0     1     1     0   615     0
   529     2     5     0     1     3     5     7     1     0     0     1     0     3     0     1   665     0
   530     2     5     0     1     3     5     7     0     1     0     1     1     1     1     1   567     0
   531     1     4     1     8     2     4     6     0     0     1     0     1     3     0     1   739     1
   532     1     4     1     8     2     4     6     0     1     0     0     0     1     0     1   562     0
   533     1     2     2     4     6     8     2     0     0     1     0     0     2     0     1   566     0
   534     2     7     0     5     7     1     3     1     1     1     0     1     3     1     1   765     0
   535     2     6     2     3     5     7     1     0     1     0     1     0     2     1     0   697     0
   536     2     6     2     3     5     7     1     0     0     1     0     1     1     0     1   527     0
   537     2     8     1     7     1     3     5     0     1     1     0     1     2     0     1   627     1
   538     2     6     2     3     5     7     1     1     0     1     0     0     2     1     1   511     1
   539     2     8     1     7     1     3     5     0     1     1     1     0     2     1     1   530     0
   540     2     5     0     1     3     5     7     0     0     1     0     1     2     0     1   681     0
   541     1     1     2     2     4     6     8     0     0     0     0     0     3     0     0   971     0
   542     1     2     2     4     6     8     2     0     1     1     1     1     2     0     1   507     0
   543     2     8     1     7     1     3     5     0     1     1     1     1     3     0     0   450     0
   544     1     1     2     2     4     6     8     0     1     1     0     1     3     0     0   529     0
   545     2     5     0     1     3     5     7     0     0     1     1     1     3     0     1   601     0
   546     1     4     1     8     2     4     6     1     1     1     0     0     3     1     1   648     1
   547     2     8     1     7     1     3     5     0     0     1     1     0     3     1     1   717     0
   548     2     8     1     7     1     3     5     0     0     1     1     1     1     0     0   605     0
   549     2     8     1     7     1     3     5     1     0     0     0     1     1     1     0   481     0
   550     2     8     1     7     1     3     5     1     1     1     0     0     1     0     1   611     1
   551     1     3     1     6     8     2     4     1     1     1     0     1     3     0     0   647     1
   552     1     4     1     8     2     4     6     1     0     1     1     0     2     0     1   791     1
   553     1     1     2     2     4     6     8     0     0     0     1     0     2     1     0  1500     2
   554     1     1     2     2     4     6     8     0     0     0     0     1     1     0     0   979     0
   555     1     4     1     8     2     4     6     0     0     0     0     1     2     0     0   482     0
   556     1     4     1     8     2     4     6     0     0     0     1     0     1     0     0   508     0
   557     2     8     1     7     1     3     5     0     1     1     1     1     3     0     1   515     1
   558     2     8     1     7     1     3     5     1     0     0     0     0     1     1     1   501     0
   559     2     6     2     3     5     7     1     1     1     0     0     0     2     0     1   543     0
   560     2     6     2     3     5     7     1     1     0     0     1     1     1     0     1   519     0
   561     1     2     2     4     6     8     2     0     1     1     1     0     3     1     1   541     0
   562     1     4     1     8     2     4     6     1     1     1     1     0     2     1     0   537     0
   563     2     8     1     7     1     3     5     0     0     1     1     1     3     1     1   528     0
   564     2     8     1     7     1     3     5     0     0     1     0     1     1     0     0   651     0
   565     1     2     2     4     6     8     2     0     1     0     1     1     3     0     1   528     1
   566     1     3     1     6     8     2     4     0     1     1     0     1     2     0     0   762     0
   567     1     2     2     4     6     8     2     0     0     1     1     0     2     0     1   501     0
   568     1     4     1     8     2     4     6     1     1     1     1     0     2     1     1   608     0
   569     1     4     1     8     2     4     6     0     0     0     1     0     1     1     1   777     0
   570     1     1     2     2     4     6     8     0     0     0     1     1     2     0     0   485     0
   571     1     2     2     4     6     8     2     0     0     1     1     0     2     0     0   480     0
   572     1     2     2     4     6     8     2     1     1     1     0     0     1     1     1  1266     0
   573     1     4     1     8     2     4     6     0     1     1     0     1     2     1     0   522     0
   574     1     4     1     8     2     4     6     0     1     1     1     1     1     0     0   521     0
   575     1     4     1     8     2     4     6     1     0     1     0     0     1     1     1   676     0
   576     1     1     2     2     4     6     8     0     1     0     1     0     2     1     1  1026     0
   577     2     8     1     7     1     3     5     1     1     1     1     1     3     1     0   596     0
   578     2     8     1     7     1     3     5     0     0     0     1     0     1     1     1   617     0
   579     2     7     0     5     7     1     3     0     1     0     0     1     2     0     1   710     0
   580     2     7     0     5     7     1     3     0     1     0     1     0     1     0     0   701     0
   581     2     8     1     7     1     3     5     0     1     0     1     1     2     0     0   731     0
   582     2     8     1     7     1     3     5     1     1     0     1     1     1     1     0   453     0
   583     2     6     2     3     5     7     1     0     0     0     1     0     2     1     1   624     0
   584     2     7     0     5     7     1     3     0     0     1     0     1     2     0     0   596     0
   585     2     5     0     1     3     5     7     1     1     1     1     1     2     1     1   737     0
   586     2     5     0     1     3     5     7     0     0     0     1     1     1     1     1   672     0
   587     2     8     1     7     1     3     5     1     1     0     0     1     2     1     1   761     0
   588     2     8     1     7     1     3     5     0     0     1     1     0     1     1     1   581     0
   589     1     2     2     4     6     8     2     0     1     1     1     0     3     0     1   473     0
   590     1     3     1     6     8     2     4     1     1     0     1     0     2     1     0   888     1
   591     2     6     2     3     5     7     1     0     1     1     0     1     3     1     0   462     0
   592     2     6     2     3     5     7     1     0     0     1     1     1     1     0     1   497     0
   593     2     8     1     7     1     3     5     1     1     1     1     1     2     1     1   627     0
   594     2     8     1     7     1     3     5     0     0     1     0     0     1     1     1   791     0
   595     2     8     1     7     1     3     5     1     1     0     0     0     1     1     1   678     0
   596     2     8     1     7     1     3     5     0     1     1     0     1     1     1     0   620     0
   597     1     2     2     4     6     8     2     0     1     0     1     0     3     0     0   665     0
   598     1     2     2     4     6     8     2     0     1     1     0     1     1     0     0   455     0
   599     1     3     1     6     8     2     4     1     1     0     0     0     2     1     0   784     0
   600     1     1     2     2     4     6     8     0     0     0     0     0     2     1     1  1329     1
   601     2     8     1     7     1     3     5     0     1     1     0     0     3     0     1   619     0
   602     1     3     1     6     8     2     4     0     1     1     0     1     3     0     0   888     0
   603     2     6     2     3     5     7     1     0     1     1     0     1     3     0     0   441     0
   604     2     6     2     3     5     7     1     1     0     0     0     1     1     1     1   546     0
   605     2     5     0     1     3     5     7     1     1     0     1     0     2     0     1   586     0
   606     2     6     2     3     5     7     1     1     1     1     0     0     2     0     0   466     0
   607     1     3     1     6     8     2     4     1     1     0     0     0     3     0     0   643     0
   608     2     6     2     3     5     7     1     0     0     0     0     1     3     1     1   514     0
   609     1     4     1     8     2     4     6     1     1     0     0     0     3     1     1   612     0
   610     1     2     2     4     6     8     2     1     1     0     1     0     2     0     0   445     0
   611     1     1     2     2     4     6     8     1     1     1     1     1     2     0     0   426     0
   612     1     1     2     2     4     6     8     1     1     0     0     1     1     0     0   388     0
   613     1     3     1     6     8     2     4     1     0     0     0     0     2     0     1   705     1
   614     1     3     1     6     8     2     4     0     1     1     0     0     1     1     1   731     0
   615     1     3     1     6     8     2     4     1     0     0     0     0     1     1     1   526     0
   616     1     3     1     6     8     2     4     1     0     0     0     1     1     0     0   533     0
   617     1     2     2     4     6     8     2     1     1     0     0     0     2     0     1   615     0
   618     1     2     2     4     6     8     2     0     1     1     0     0     1     1     0   772     0
   619     2     8     1     7     1     3     5     1     1     1     1     0     3     1     0   519     0
   620     2     8     1     7     1     3     5     0     1     0     1     0     1     1     0   907     0
   621     1     2     2     4     6     8     2     1     0     0     1     0     3     1     1   498     0
   622     1     1     2     2     4     6     8     0     1     0     0     1     2     1     1   697     0
   623     1     2     2     4     6     8     2     1     1     1     1     0     2     1     0   527     0
   624     2     5     0     1     3     5     7     1     0     0     0     1     3     0     1  1035     0
   625     2     6     2     3     5     7     1     1     0     1     1     1     2     0     0   592     0
   626     2     7     0     5     7     1     3     1     1     1     0     0     2     0     1   772     0
   627     1     4     1     8     2     4     6     0     0     0     0     1     3     1     1   672     0
   628     1     1     2     2     4     6     8     0     0     1     0     0     2     0     0   966     0
   629     2     6     2     3     5     7     1     0     0     1     1     0     3     0     0   637     0
   630     1     1     2     2     4     6     8     0     0     1     1     0     3     0     0   763     0
   631     2     8     1     7     1     3     5     1     0     0     0     1     3     1     0   895     0
   632     2     6     2     3     5     7     1     1     1     1     0     0     2     0     1   514     0
   633     1     1     2     2     4     6     8     1     1     0     0     0     3     0     0   613     0
   634     2     6     2     3     5     7     1     0     1     0     0     1     3     1     0   483     0
   635     1     2     2     4     6     8     2     0     1     0     0     0     3     0     0  1045     0
   636     1     2     2     4     6     8     2     0     0     0     0     0     1     0     1   573     0
   637     2     7     0     5     7     1     3     1     1     1     0     0     3     1     1   610     0
   638     2     7     0     5     7     1     3     0     0     1     1     1     1     1     1   563     0
   639     2     5     0     1     3     5     7     0     0     0     0     1     2     0     0   780     0
   640     2     5     0     1     3     5     7     1     1     0     1     0     1     1     1   840     1
   641     1     3     1     6     8     2     4     0     0     1     0     0     3     1     1   581     1
   642     1     1     2     2     4     6     8     1     1     1     1     1     2     1     1   560     0
   643     2     5     0     1     3     5     7     0     1     0     1     0     3     1     0   657     0
   644     2     8     1     7     1     3     5     1     0     0     1     1     2     1     1   850     0
   645     1     4     1     8     2     4     6     0     0     1     1     1     3     1     0   543     0
   646     1     2     2     4     6     8     2     0     1     0     1     0     2     0     1   802     0
   647     1     4     1     8     2     4     6     0     1     1     0     1     2     0     0   564     0
   648     1     4     1     8     2     4     6     0     1     1     1     0     1     0     0   636     0
   649     2     6     2     3     5     7     1     1     1     1     0     0     3     1     0   773     0
   650     2     6     2     3     5     7     1     1     0     1     0     0     1     0     1   748     0
   651     2     8     1     7     1     3     5     0     0     0     0     0     2     1     0   615     0
   652     2     5     0     1     3     5     7     1     0     0     0     0     2     1     0   811     0
   653     1     3     1     6     8     2     4     0     0     0     0     1     3     1     0  1376     0
   654     2     8     1     7     1     3     5     1     1     0     1     0     3     1     1   534     0
   655     2     5     0     1     3     5     7     0     0     1     0     0     2     1     1  1102     0
   656     2     5     0     1     3     5     7     0     0     1     0     1     1     0     0   824     0
   657     1     3     1     6     8     2     4     0     1     1     0     1     3     0     1   656     0
   658     1     3     1     6     8     2     4     1     0     0     0     0     1     1     1   525     0
   659     2     5     0     1     3     5     7     1     0     0     1     1     3     0     0   580     0
   660     2     6     2     3     5     7     1     1     0     1     0     1     2     0     0   500     0
   661     2     5     0     1     3     5     7     0     0     0     1     0     2     1     0   539     0
   662     2     6     2     3     5     7     1     1     1     1     1     0     2     1     1   503     1
   663     2     6     2     3     5     7     1     1     0     0     1     1     1     0     1   540     0
   664     2     6     2     3     5     7     1     0     0     0     1     0     1     1     0   452     0
   665     1     2     2     4     6     8     2     0     1     1     1     0     3     0     1   473     0
   666     2     5     0     1     3     5     7     1     0     1     0     1     3     1     1   744     0
   667     2     7     0     5     7     1     3     1     0     1     1     0     2     0     0  1218     0
   668     2     7     0     5     7     1     3     0     0     0     1     0     1     1     0   587     0
   669     2     7     0     5     7     1     3     0     0     0     1     0     1     0     0   815     0
   670     2     6     2     3     5     7     1     1     1     1     1     0     2     1     1   708     0
   671     2     6     2     3     5     7     1     1     0     0     1     1     1     0     1  1038     0
   672     2     6     2     3     5     7     1     1     0     1     0     0     1     0     0   502     0
   673     2     6     2     3     5     7     1     0     1     0     0     1     1     1     1   494     0
   674     2     6     2     3     5     7     1     1     1     1     1     0     1     1     0   376     0
   675     2     7     0     5     7     1     3     1     0     1     0     1     2     0     1   388     1
   676     1     2     2     4     6     8     2     1     0     1     1     0     3     0     0   460     0
   677     2     5     0     1     3     5     7     1     1     1     1     0     3     0     1   527     0
   678     2     5     0     1     3     5     7     0     1     1     0     0     1     1     0   966     0
   679     1     4     1     8     2     4     6     0     0     1     1     0     3     0     1   513     0
   680     1     4     1     8     2     4     6     1     0     1     0     0     1     1     0   844     0
   681     1     4     1     8     2     4     6     1     0     0     1     0     1     0     0   498     0
   682     1     1     2     2     4     6     8     1     0     0     0     0     2     0     0   553     0
   683     2     5     0     1     3     5     7     0     0     0     0     0     3     1     0   385     0
   684     1     4     1     8     2     4     6     1     1     0     0     0     3     1     1   662     0
   685     1     1     2     2     4     6     8     0     0     1     0     1     2     1     1   635     0
   686     1     3     1     6     8     2     4     1     1     0     0     1     2     1     1   612     0
   687     2     5     0     1     3     5     7     0     1     1     0     0     3     1     0   485     0
   688     2     5     0     1     3     5     7     0     0     0     1     0     1     0     1   622     0
   689     2     8     1     7     1     3     5     1     0     1     0     0     2     1     0   723     1
   690     2     8     1     7     1     3     5     1     1     1     1     1     1     0     1   702     0
   691     1     1     2     2     4     6     8     0     1     1     1     1     3     1     0   776     0
   692     1     1     2     2     4     6     8     1     0     1     0     0     1     1     1   864     0
   693     1     4     1     8     2     4     6     0     0     1     1     1     2     1     0   562     0
   694     1     4     1     8     2     4     6     0     1     1     0     0     1     0     1   913     1
   695     1     4     1     8     2     4     6     1     0     0     1     0     1     1     1   459     0
   696     1     4     1     8     2     4     6     1     0     1     1     1     1     0     0   625     0
   697     1     4     1     8     2     4     6     0     1     0     1     1     1     1     1   951     0
   698     2     5     0     1     3     5     7     0     0     0     0     1     3     0     1   443     0
   699     2     8     1     7     1     3     5     0     0     0     0     1     2     0     0   653     0
   700     2     5     0     1     3     5     7     0     1     0     0     0     2     0     1   727     0
   701     1     3     1     6     8     2     4     1     1     0     0     0     3     1     0   826     1
   702     2     6     2     3     5     7     1     0     0     1     0     0     3     1     1   533     0
   703     1     1     2     2     4     6     8     0     1     1     0     1     3     0     1   461     0
   704     1     2     2     4     6     8     2     0     0     1     1     0     2     0     1   496     0
   705     2     5     0     1     3     5     7     0     1     1     1     0     3     0     1   514     0
   706     2     5     0     1     3     5     7     0     1     0     0     0     1     0     0   518     0
   707     2     6     2     3     5     7     1     0     0     1     0     0     2     0     1   533     0
   708     2     5     0     1     3     5     7     1     1     1     0     1     2     1     1   818     0
   709     1     2     2     4     6     8     2     0     1     0     1     1     3     1     0   679     0
   710     1     2     2     4     6     8     2     0     1     1     1     1     1     0     0   569     0
   711     2     8     1     7     1     3     5     1     1     0     0     0     3     1     0   928     0
   712     2     8     1     7     1     3     5     0     0     1     0     1     1     1     1   498     0
   713     1     3     1     6     8     2     4     1     1     0     1     0     3     1     1   598     0
   714     1     4     1     8     2     4     6     0     0     0     0     1     2     1     1   474     0
   715     2     7     0     5     7     1     3     0     1     1     1     0     3     0     1   464     0
   716     2     7     0     5     7     1     3     1     1     1     1     0     1     1     0   498     0
   717     2     5     0     1     3     5     7     1     0     0     1     0     2     0     1   517     1
   718     2     7     0     5     7     1     3     0     1     0     1     1     2     1     1  1095     0
   719     2     5     0     1     3     5     7     0     0     0     1     0     2     0     1   824     0
   720     2     6     2     3     5     7     1     1     0     1     0     0     2     1     0  1500     2
   721     2     6     2     3     5     7     1     1     0     1     1     0     1     0     0   443     0
   722     1     1     2     2     4     6     8     0     1     0     1     0     3     1     1   548     0
   723     1     2     2     4     6     8     2     1     0     0     1     0     2     1     1   466     0
   724     1     2     2     4     6     8     2     1     1     0     1     0     1     0     1   433     0
   725     1     1     2     2     4     6     8     0     1     0     1     1     2     1     0   453     1
   726     1     1     2     2     4     6     8     0     1     0     1     0     1     0     0   455     0
   727     2     8     1     7     1     3     5     1     0     0     1     1     3     1     1   761     1
   728     1     3     1     6     8     2     4     0     1     1     1     0     3     1     1   947     0
   729     1     4     1     8     2     4     6     1     1     0     1     0     2     1     0   949     1
   730     1     3     1     6     8     2     4     0     0     1     1     0     2     1     1   899     0
   731     2     5     0     1     3     5     7     1     1     1     1     1     3     1     1   526     0
   732     2     5     0     1     3     5     7     0     0     0     0     1     1     1     1   560     0
   733     1     1     2     2     4     6     8     1     1     0     0     0     3     1     1   528     0
   734     1     1     2     2     4     6     8     0     1     1     0     0     1     1     0   486     0
   735     1     2     2     4     6     8     2     1     0     1     0     1     2     1     1   472     1
   736     1     1     2     2     4     6     8     0     0     1     0     0     2     1     0   550     0
   737     2     6     2     3     5     7     1     1     1     1     1     0     3     1     1   501     0
   738     2     6     2     3     5     7     1     1     1     1     1     1     1     0     0   529     0
   739     1     1     2     2     4     6     8     1     0     0     0     1     3     0     1   576     0
   740     1     1     2     2     4     6     8     1     1     1     0     0     1     0     1  1019     0
   741     2     7     0     5     7     1     3     1     0     0     1     1     3     0     1   928     0
   742     2     6     2     3     5     7     1     1     0     0     0     0     2     0     0   455     0
   743     2     6     2     3     5     7     1     0     1     0     1     0     1     1     1   545     0
   744     2     6     2     3     5     7     1     1     1     0     1     1     1     1     0   629     0
   745     2     8     1     7     1     3     5     0     1     0     0     0     2     1     0   590     1
   746     2     5     0     1     3     5     7     0     1     1     1     0     2     0     0   433     0
   747     1     2     2     4     6     8     2     0     1     0     1     0     3     0     0   599     0
   748     1     3     1     6     8     2     4     1     1     0     0     0     2     1     0   559     0
   749     1     2     2     4     6     8     2     0     1     0     0     1     2     1     0   402     0
   750     2     7     0     5     7     1     3     1     1     0     1     0     3     1     0   575     0
   751     2     6     2     3     5     7     1     0     0     1     0     0     2     1     1   587     0
   752     2     6     2     3     5     7     1     1     1     1     1     1     1     1     1   616     0
   753     1     1     2     2     4     6     8     0     1     0     1     0     3     1     0   596     0
   754     1     1     2     2     4     6     8     1     0     0     1     0     1     1     1  1061     1
   755     1     2     2     4     6     8     2     0     1     1     1     1     2     1     1   465     0
   756     1     2     2     4     6     8     2     1     0     1     0     1     1     1     1   447     1
   757     1     1     2     2     4     6     8     1     1     0     1     0     2     0     1   812     1
   758     1     1     2     2     4     6     8     0     0     0     0     0     1     1     1   560     0
   759     2     7     0     5     7     1     3     0     1     1     1     0     3     0     1   613     0
   760     2     8     1     7     1     3     5     0     0     0     1     1     2     0     1   738     1
   761     2     8     1     7     1     3     5     1     0     0     1     1     1     1     0   628     0
   762     2     7     0     5     7     1     3     0     0     1     1     0     2     1     0   457     0
   763     1     4     1     8     2     4     6     0     1     1     1     0     3     0     1   776     1
   764     1     4     1     8     2     4     6     0     1     1     0     0     1     0     0   498     0
   765     2     8     1     7     1     3     5     0     1     0     0     1     3     0     0   444     0
   766     2     6     2     3     5     7     1     0     1     1     0     0     2     0     0   438     0
   767     1     4     1     8     2     4     6     1     1     1     0     1     3     1     0   572     0
   768     2     7     0     5     7     1     3     1     0     1     1     0     3     0     1   612     1
   769     2     7     0     5     7     1     3     0     0     0     0     1     1     1     0   512     0
   770     2     8     1     7     1     3     5     0     1     0     0     0     2     0     1   484     1
   771     2     7     0     5     7     1     3     1     0     0     1     1     2     1     1   833     0
   772     2     7     0     5     7     1     3     1     0     1     0     0     1     0     0   554     0
   773     2     6     2     3     5     7     1     0     1     0     0     0     2     1     1   766     1
   774     2     6     2     3     5     7     1     1     1     1     1     1     1     1     0   493     0
   775     1     4     1     8     2     4     6     0     1     1     0     0     3     1     0   539     0
   776     2     7     0     5     7     1     3     1     1     1     1     0     3     1     0   767     0
   777     2     8     1     7     1     3     5     0     1     0     1     0     2     1     0   694     0
   778     2     8     1     7     1     3     5     0     0     1     0     0     1     0     1   597     0
   779     1     2     2     4     6     8     2     0     1     0     1     1     3     0     1   693     0
   780     1     2     2     4     6     8     2     0     1     1     1     0     1     0     0  1500     2
   781     2     6     2     3     5     7     1     0     0     1     1     0     3     0     1   212     0
   782     1     1     2     2     4     6     8     0     0     0     1     1     3     0     0   557     0
   783     1     2     2     4     6     8     2     0     1     0     1     0     2     0     1   606     0
   784     1     2     2     4     6     8     2     0     0     0     0     1     1     0     1   613     0
   785     1     2     2     4     6     8     2     1     0     1     0     1     1     1     0   583     1
   786     1     2     2     4     6     8     2     1     1     0     1     0     1     0     1   518     0
   787     2     7     0     5     7     1     3     0     0     0     0     1     3     1     1   777     0
   788     2     5     0     1     3     5     7     1     1     0     1     0     2     1     1   672     0
   789     1     1     2     2     4     6     8     0     0     1     0     0     3     1     1   685     1
   790     2     6     2     3     5     7     1     1     1     0     1     1     3     1     1   506     0
   791     1     3     1     6     8     2     4     1     1     0     1     1     3     0     0   497     0
   792     1     1     2     2     4     6     8     1     0     1     1     0     2     0     1   599     0
   793     1     1     2     2     4     6     8     0     0     0     0     1     1     1     0   892     0
   794     1     1     2     2     4     6     8     1     0     0     0     0     1     1     0   546     0
   795     1     2     2     4     6     8     2     0     1     1     1     1     2     1     1   634     0
   796     2     7     0     5     7     1     3     0     0     0     1     1     3     0     1   503     0
   797     2     7     0     5     7     1     3     1     1     0     0     0     1     1     1   626     0
   798     2     6     2     3     5     7     1     1     1     1     1     1     2     0     0   542     0
   799     2     8     1     7     1     3     5     1     1     0     1     0     2     0     0   550     0
   800     2     8     1     7     1     3     5     1     1     1     0     1     1     0     0   803     0
   801     1     2     2     4     6     8     2     1     0     0     0     0     3     0     1   559     0
   802     1     2     2     4     6     8     2     0     1     0     1     1     1     1     1   795     0
   803     1     1     2     2     4     6     8     1     0     0     1     0     2     1     1   563     0
   804     1     1     2     2     4     6     8     1     0     1     0     1     1     0     0   855     0
   805     1     3     1     6     8     2     4     0     1     0     0     0     2     1     1   647     0
   806     1     2     2     4     6     8     2     1     0     1     1     1     2     1     1   497     0
   807     1     3     1     6     8     2     4     0     1     1     1     1     2     1     1   544     0
   808     1     3     1     6     8     2     4     0     1     1     1     0     1     0     0   847     0
   809     1     2     2     4     6     8     2     1     0     0     0     1     2     1     1   536     0
   810     2     5     0     1     3     5     7     1     0     1     1     1     3     0     0   576     0
   811     2     5     0     1     3     5     7     1     1     1     1     1     1     0     1   571     0
   812     2     5     0     1     3     5     7     0     1     0     1     1     1     1     0   655     0
   813     2     7     0     5     7     1     3     1     1     1     1     1     2     1     0   589     0
   814     2     7     0     5     7     1     3     0     0     0     1     0     1     1     1   521     0
   815     2     6     2     3     5     7     1     1     1     0     0     1     2     1     1   584     0
   816     1     3     1     6     8     2     4     0     1     0     0     1     3     1     0   556     0
   817     1     1     2     2     4     6     8     0     0     0     0     1     2     0     1   588     0
   818     1     1     2     2     4     6     8     1     0     0     0     1     1     1     0   729     0
   819     2     7     0     5     7     1     3     0     1     1     1     1     3     1     1   592     1
   820     2     7     0     5     7     1     3     1     0     1     0     1     1     1     1   805     0
   821     1     4     1     8     2     4     6     0     1     1     0     1     3     1     1   869     0
   822     2     5     0     1     3     5     7     1     0     1     0     0     3     1     1   629     0
   823     2     5     0     1     3     5     7     0     0     0     0     0     1     1     0   918     0
   824     2     5     0     1     3     5     7     0     0     1     0     0     1     0     0  1104     0
   825     2     7     0     5     7     1     3     1     0     0     0     0     2     1     0   487     0
   826     2     7     0     5     7     1     3     1     1     0     0     1     1     0     1   766     0
   827     1     3     1     6     8     2     4     1     1     0     1     1     3     0     0  1500     2
   828     1     3     1     6     8     2     4     0     0     0     0     0     1     1     1   521     0
   829     2     8     1     7     1     3     5     0     0     1     1     0     3     0     0   457     0
   830     2     8     1     7     1     3     5     0     0     1     0     1     1     0     0   398     0
   831     1     4     1     8     2     4     6     1     1     0     1     1     3     1     1   647     0
   832     1     3     1     6     8     2     4     0     0     1     1     0     2     1     1   581     0
   833     2     8     1     7     1     3     5     1     0     0     1     0     3     1     0   552     0
   834     2     8     1     7     1     3     5     0     1     0     1     1     1     1     1   528     0
   835     2     8     1     7     1     3     5     0     0     1     0     0     1     0     1   448     0
   836     2     5     0     1     3     5     7     1     1     0     0     1     2     1     1   829     0
   837     2     5     0     1     3     5     7     0     1     0     1     1     1     1     0   859     0
   838     1     2     2     4     6     8     2     0     1     0     1     1     3     0     0  1500     2
   839     1     1     2     2     4     6     8     0     1     0     0     1     2     0     0   534     0
   840     1     2     2     4     6     8     2     1     0     1     1     1     2     1     1   661     1
   841     1     4     1     8     2     4     6     1     1     0     1     1     2     0     1   850     0
   842     1     4     1     8     2     4     6     0     0     1     1     0     1     1     1   551     0
   843     1     2     2     4     6     8     2     0     0     1     0     0     2     0     0   506     0
   844     1     2     2     4     6     8     2     0     0     1     0     1     1     0     0   638     0
   845     2     6     2     3     5     7     1     0     1     1     0     1     3     0     1   643     0
   846     2     7     0     5     7     1     3     1     1     1     1     0     2     1     0   816     0
   847     2     6     2     3     5     7     1     1     0     0     0     0     2     0     1  1500     2
   848     2     5     0     1     3     5     7     0     1     1     1     1     2     1     1   501     0
   849     1     2     2     4     6     8     2     0     0     1     1     1     3     0     1   515     0
   850     1     2     2     4     6     8     2     0     1     1     1     0     1     0     1   659     0
   851     1     4     1     8     2     4     6     0     0     0     1     0     2     0     1   560     0
   852     1     4     1     8     2     4     6     0     0     1     1     0     1     0     0   685     0
   853     2     7     0     5     7     1     3     1     0     1     1     1     3     1     0   759     1
   854     2     7     0     5     7     1     3     1     1     1     0     1     1     0     1   526     0
   855     1     4     1     8     2     4     6     1     0     1     0     0     3     0     1   650     1
   856     1     1     2     2     4     6     8     0     0     1     0     1     2     1     0   638     0
   857     1     2     2     4     6     8     2     0     1     1     0     1     2     0     1   619     0
   858     1     3     1     6     8     2     4     1     0     1     0     0     2     1     1   640     0
   859     1     2     2     4     6     8     2     1     1     0     1     1     2     0     1   506     0
   860     2     5     0     1     3     5     7     1     0     0     0     0     3     0     1   586     0
   861     2     7     0     5     7     1     3     0     1     1     1     0     2     1     1   677     0
   862     1     2     2     4     6     8     2     1     0     1     1     1     3     1     1   572     0
   863     2     6     2     3     5     7     1     1     1     1     1     0     3     0     1   692     0
   864     2     5     0     1     3     5     7     1     1     1     0     1     2     0     0   843     0
   865     1     2     2     4     6     8     2     1     1     1     1     1     3     0     0   588     0
   866     1     2     2     4     6     8     2     1     1     0     1     0     1     0     0   516     0
   867     1     3     1     6     8     2     4     1     0     1     1     0     2     0     1   807     0
   868     1     3     1     6     8     2     4     1     1     1     1     0     1     0     1  1028     0
   869     2     6     2     3     5     7     1     0     0     1     0     0     3     1     1   764     0
   870     2     8     1     7     1     3     5     1     0     0     0     0     2     1     0   632     0
   871     2     5     0     1     3     5     7     1     1     0     0     0     2     0     1  1141     0
   872     2     5     0     1     3     5     7     1     0     1     1     1     1     0     1   587     0
   873     2     8     1     7     1     3     5     1     1     1     0     0     2     0     1   511     0
   874     2     8     1     7     1     3     5     0     1     1     1     1     1     1     0   874     0
   875     1     1     2     2     4     6     8     1     0     1     0     1     3     1     1   519     0
   876     2     6     2     3     5     7     1     0     1     1     0     1     3     1     1   603     0
   877     2     5     0     1     3     5     7     0     0     1     1     1     2     0     1  1500     2
   878     2     5     0     1     3     5     7     0     0     1     1     0     1     0     0   388     0
   879     1     3     1     6     8     2     4     0     0     0     0     1     3     0     0   404     1
   880     1     2     2     4     6     8     2     0     1     0     1     0     2     0     1   480     0
   881     1     1     2     2     4     6     8     0     1     0     0     0     2     0     0   542     1
   882     1     1     2     2     4     6     8     1     1     1     0     0     1     1     0   524     0
   883     1     4     1     8     2     4     6     0     1     1     1     0     2     1     0   587     0
   884     1     4     1     8     2     4     6     0     0     0     1     1     1     0     1   522     0
   885     1     1     2     2     4     6     8     1     0     1     0     0     2     1     0   510     0
   886     1     1     2     2     4     6     8     1     0     0     0     1     1     0     0   473     0
   887     2     5     0     1     3     5     7     0     1     1     0     0     3     1     1   520     0
   888     1     2     2     4     6     8     2     1     0     0     0     0     3     1     1   547     0
   889     1     1     2     2     4     6     8     1     0     1     0     1     2     0     0   418     0
   890     1     3     1     6     8     2     4     1     1     1     0     0     2     0     1   576     0
   891     1     3     1     6     8     2     4     1     1     0     0     0     1     0     0   520     0
   892     1     3     1     6     8     2     4     0     0     0     0     1     1     1     1   538     1
   893     1     3     1     6     8     2     4     0     1     0     0     0     1     0     1   553     0
   894     1     4     1     8     2     4     6     0     1     0     1     1     2     0     0   596     1
   895     1     1     2     2     4     6     8     1     1     1     1     1     2     1     0   483     0
   896     1     1     2     2     4     6     8     1     0     0     1     1     1     0     1   837     0
