     1     2     6     2     3     5     7     1     0     0     0     0     0     3     1     0   774     0
     2     2     8     1     7     1     3     5     1     0     0     0     1     2     1     0   685     0
     3     2     5     0     1     3     5     7     0     0     1     1     0     2     1     0   775     0
     4     2     5     0     1     3     5     7     1     1     1     1     0     1     1     1   576     0
     5     1     3     1     6     8     2     4     1     1     1     1     0     3     0     0   612     1
     6     1     2     2     4     6     8     2     0     1     1     1     0     2     1     0   520     0
     7     1     3     1     6     8     2     4     1     0     0     0     1     2     1     1   499     1
     8     1     3     1     6     8     2     4     0     0     1     1     1     1     1     0   589     0
     9     1     1     2     2     4     6     8     1     0     0     1     0     2     1     0   821     0
    10     1     1     2     2     4     6     8     1     1     0     0     0     1     0     1   710     0
    11     2     5     0     1     3     5     7     0     0     1     0     1     3     1     1   665     0
    12     2     6     2     3     5     7     1     0     1     1     0     0     2     0     1   608     0
    13     1     2     2     4     6     8     2     1     0     1     1     0     3     1     1   581     0
    14     1     3     1     6     8     2     4     1     0     1     0     1     2     0     0   581     0
    15     1     3     1     6     8     2     4     0     1     1     0     0     1     1     1   562     0
    16     1     3     1     6     8     2     4     1     0     1     0     0     1     1     1   774     0
    17     1     1     2     2     4     6     8     1     0     0     0     0     2     0     0   590     0
    18     1     3     1     6     8     2     4     1     0     0     1     1     2     0     0   515     0
    19     2     5     0     1     3     5     7     1     0     1     1     0     3     0     0   518     0
    20     2     8     1     7     1     3     5     0     1     0     0     0     2     1     1   421     1
    21     1     2     2     4     6     8     2     0     1     0     0     1     3     0     0   550     1
    22     2     7     0     5     7     1     3     0     0     0     0     0     3     0     1   520     1
    23     2     6     2     3     5     7     1     1     0     1     1     1     2     1     0   706     0
    24     2     6     2     3     5     7     1     1     1     1     1     0     1     0     1   561     0
    25     1     1     2     2     4     6     8     0     0     0     1     0     3     1     1   900     0
    26     1     1     2     2     4     6     8     0     0     1     1     0     1     0     0   483     0
    27     2     8     1     7     1     3     5     1     0     1     0     0     3     1     0   457     0
    28     1     3     1     6     8     2     4     0     0     1     0     0     3     1     0   443     0
    29     2     5     0     1     3     5     7     0     1     1     0     1     3     0     1   672     0
    30     1     2     2     4     6     8     2     0     1     1     0     1     3     0     0   738     0
    31     2     6     2     3     5     7     1     0     0     0     1     0     3     0     1   561     0
    32     2     7     0     5     7     1     3     1     1     1     0     1     2     1     1   625     0
    33     1     2     2     4     6     8     2     0     0     1     1     0     3     1     1   491     0
    34     1     4     1     8     2     4     6     1     1     1     1     0     2     1     1   874     1
    35     2     8     1     7     1     3     5     1     1     0     1     0     3     0     0   644     0
    36     2     8     1     7     1     3     5     0     1     1     1     1     1     1     0   705     0
    37     2     8     1     7     1     3     5     0     0     1     0     1     1     0     1   551     0
    38     2     8     1     7     1     3     5     0     1     0     0     1     1     0     1   514     1
    39     1     1     2     2     4     6     8     1     1     1     1     1     3     1     0   792     0
    40     1     1     2     2     4     6     8     0     1     1     0     1     1     1     0   812     0
    41     2     7     0     5     7     1     3     0     0     1     1     0     3     0     1   794     0
    42     2     6     2     3     5     7     1     1     0     0     1     0     2     1     0   933     0
    43     1     4     1     8     2     4     6     1     1     0     1     1     3     0     1   949     0
    44     1     4     1     8     2     4     6     1     1     0     1     1     1     0     0   624     0
    45     2     7     0     5     7     1     3     1     0     1     1     1     3     0     1   626     0
    46     2     7     0     5     7     1     3     1     1     1     0     1     1     0     1   647     0
    47     2     8     1     7     1     3     5     0     0     1     0     0     2     1     1   672     0
    48     1     3     1     6     8     2     4     0     0     0     0     0     3     0     0   601     1
    49     1     2     2     4     6     8     2     0     0     1     1     0     2     0     0   509     0
    50     1     1     2     2     4     6     8     0     0     0     0     1     2     0     0   525     0
    51     1     1     2     2     4     6     8     1     1     0     0     0     1     1     1   623     0
    52     2     6     2     3     5     7     1     0     1     1     1     0     3     1     0   483     0
    53     1     2     2     4     6     8     2     1     0     0     0     1     3     1     1   514     0
    54     1     2     2     4     6     8     2     1     1     1     0     1     1     0     1   533     0
    55     1     2     2     4     6     8     2     1     1     1     0     1     1     0     0   457     1
    56     1     2     2     4     6     8     2     1     1     0     0     1     1     0     0   771     0
    57     1     4     1     8     2     4     6     0     0     0     0     1     2     1     1   658     0
    58     1     2     2     4     6     8     2     0     0     0     1     1     2     0     0   624     0
    59     1     3     1     6     8     2     4     0     1     1     1     1     2     0     1   989     0
    60     1     3     1     6     8     2     4     0     1     1     1     0     1     0     0   712     0
    61     1     4     1     8     2     4     6     0     0     1     1     0     2     0     1   644     0
    62     1     4     1     8     2     4     6     0     0     1     1     0     1     0     0   570     0
    63     1     4     1     8     2     4     6     1     1     0     0     0     1     1     1   606     0
    64     1     1     2     2     4     6     8     1     0     1     0     0     2     0     1   910     0
    65     1     2     2     4     6     8     2     0     0     1     0     0     2     1     0   785     0
    66     1     2     2     4     6     8     2     1     1     0     1     1     1     1     1   873     0
    67     1     4     1     8     2     4     6     0     1     0     0     0     2     1     0   735     0
    68     1     4     1     8     2     4     6     0     0     0     1     0     1     0     1   615     0
    69     2     8     1     7     1     3     5     1     1     0     0     1     3     1     1   564     0
    70     2     8     1     7     1     3     5     1     1     0     1     1     1     0     0   504     0
    71     1     2     2     4     6     8     2     0     0     1     0     0     3     1     1   547     0
    72     1     4     1     8     2     4     6     0     0     1     0     1     2     0     0   734     0
    73     2     7     0     5     7     1     3     0     0     0     0     0     3     0     0   525     0
    74     2     7     0     5     7     1     3     0     0     0     0     1     1     0     0   523     0
    75     2     8     1     7     1     3     5     0     0     0     0     0     2     0     0   398     0
    76     2     5     0     1     3     5     7     0     0     1     1     1     2     0     0   648     0
    77     1     4     1     8     2     4     6     0     0     0     1     0     3     0     0   345     0
    78     1     1     2     2     4     6     8     1     1     1     0     1     2     1     1   833     0
    79     1     1     2     2     4     6     8     1     0     1     1     0     1     0     1   706     0
    80     1     2     2     4     6     8     2     1     1     1     1     1     2     0     1   593     0
    81     2     5     0     1     3     5     7     1     1     1     0     0     3     0     0   469     1
    82     2     5     0     1     3     5     7     0     1     1     1     1     1     1     0   486     0
    83     1     1     2     2     4     6     8     0     0     1     1     1     3     0     1   516     0
    84     1     1     2     2     4     6     8     0     1     1     0     0     1     0     1   494     0
    85     1     2     2     4     6     8     2     1     0     0     1     0     2     1     1   687     0
    86     1     3     1     6     8     2     4     1     0     0     0     0     2     0     0   706     0
    87     1     2     2     4     6     8     2     0     1     1     1     0     2     1     1   600     0
    88     1     2     2     4     6     8     2     0     0     0     1     1     1     0     1   610     0
    89     1     2     2     4     6     8     2     0     1     1     1     1     1     0     1   590     0
    90     1     2     2     4     6     8     2     0     1     0     1     1     1     0     0   441     0
    91     2     7     0     5     7     1     3     1     0     1     1     1     3     1     1   591     0
    92     2     7     0     5     7     1     3     0     0     1     0     1     1     1     0   560     0
    93     2     5     0     1     3     5     7     0     0     0     0     0     2     0     0   884     0
    94     2     5     0     1     3     5     7     0     0     1     1     1     1     0     0   546     0
    95     1     2     2     4     6     8     2     0     0     0     0     1     3     0     0   633     0
    96     1     2     2     4     6     8     2     0     1     0     1     0     1     0     1   502     1
    97     1     2     2     4     6     8     2     1     1     1     1     0     1     1     0   583     0
    98     1     4     1     8     2     4     6     1     1     0     0     0     2     0     0   571     0
    99     1     1     2     2     4     6     8     1     0     1     0     1     2     0     1   503     0
   100     1     1     2     2     4     6     8     0     1     1     0     1     1     1     1   601     0
   101     2     5     0     1     3     5     7     1     1     1     0     0     3     1     0   594     0
   102     2     6     2     3     5     7     1     1     0     0     1     1     2     0     1   567     0
   103     2     7     0     5     7     1     3     1     0     0     0     1     2     0     0   517     0
   104     2     8     1     7     1     3     5     1     1     1     0     0     2     0     1   521     0
   105     2     6     2     3     5     7     1     0     1     1     0     1     2     1     0   572     0
   106     2     6     2     3     5     7     1     1     1     1     1     1     1     1     0   411     0
   107     1     4     1     8     2     4     6     0     0     1     1     1     3     1     1   761     0
   108     1     4     1     8     2     4     6     1     1     1     0     1     1     1     1   707     1
   109     1     1     2     2     4     6     8     0     1     1     1     0     2     1     0   566     0
   110     1     1     2     2     4     6     8     1     1     0     0     0     1     1     0   457     0
   111     2     5     0     1     3     5     7     0     0     1     1     0     3     1     1   702     0
   112     2     5     0     1     3     5     7     1     1     0     1     1     1     1     1   523     0
   113     1     1     2     2     4     6     8     1     1     0     1     1     3     0     0   448     0
   114     1     1     2     2     4     6     8     1     0     0     1     1     1     0     1   607     0
   115     1     3     1     6     8     2     4     0     0     1     0     0     2     1     0   504     1
   116     1     2     2     4     6     8     2     1     1     0     1     0     2     1     1   590     0
   117     2     7     0     5     7     1     3     1     1     0     1     0     3     0     0   874     0
   118     2     5     0     1     3     5     7     0     1     0     0     1     2     1     0   636     0
   119     2     5     0     1     3     5     7     1     1     1     0     0     1     1     0   513     0
   120     2     5     0     1     3     5     7     1     0     1     0     1     1     0     1   637     0
   121     2     8     1     7     1     3     5     0     0     0     0     0     2     1     0   683     0
   122     2     6     2     3     5     7     1     0     0     1     1     1     2     0     0   508     0
   123     2     8     1     7     1     3     5     1     0     0     0     1     2     1     0   510     0
   124     2     7     0     5     7     1     3     1     1     1     0     0     2     0     1   573     0
   125     2     5     0     1     3     5     7     1     1     1     1     0     2     0     0   505     0
   126     2     8     1     7     1     3     5     0     0     0     1     0     2     1     1   656     0
   127     2     6     2     3     5     7     1     1     0     0     1     0     2     1     0   581     0
   128     1     1     2     2     4     6     8     1     0     0     0     1     3     0     0   705     0
   129     1     1     2     2     4     6     8     0     1     0     1     0     1     1     1   508     0
   130     1     1     2     2     4     6     8     0     1     0     0     1     1     0     0   516     0
   131     1     2     2     4     6     8     2     0     0     0     1     0     2     0     1   582     0
   132     1     2     2     4     6     8     2     1     0     0     1     1     1     1     0   470     0
   133     1     1     2     2     4     6     8     0     1     0     1     1     2     1     1   625     0
   134     1     4     1     8     2     4     6     1     1     1     1     1     2     1     0   599     0
   135     2     6     2     3     5     7     1     0     0     0     1     1     3     1     1   583     0
   136     2     5     0     1     3     5     7     1     0     0     0     0     2     1     0   795     0
   137     1     2     2     4     6     8     2     0     1     1     1     1     3     1     1   927     0
   138     1     3     1     6     8     2     4     0     0     1     0     1     2     0     1   685     0
   139     1     4     1     8     2     4     6     0     0     0     0     1     2     0     0   512     0
   140     1     3     1     6     8     2     4     0     1     0     1     1     2     0     1   723     0
   141     2     7     0     5     7     1     3     0     0     0     1     1     3     0     1   501     0
   142     1     2     2     4     6     8     2     1     0     1     0     1     3     1     0   712     0
   143     2     6     2     3     5     7     1     0     1     0     0     1     3     1     1   587     0
   144     1     1     2     2     4     6     8     1     0     1     1     1     3     1     1   807     0
   145     2     5     0     1     3     5     7     1     0     1     1     1     3     0     0   532     0
   146     2     5     0     1     3     5     7     0     0     1     0     1     1     1     0   466     0
   147     1     2     2     4     6     8     2     0     0     0     1     1     3     0     0   721     0
   148     2     5     0     1     3     5     7     0     1     1     1     1     3     0     1   448     1
   149     1     1     2     2     4     6     8     0     0     1     1     1     3     0     1   537     0
   150     1     1     2     2     4     6     8     0     1     1     1     1     1     0     1   485     0
   151     2     8     1     7     1     3     5     0     0     1     0     0     3     0     1   599     0
   152     2     5     0     1     3     5     7     0     0     1     0     0     2     0     0   535     0
   153     1     2     2     4     6     8     2     0     1     1     0     1     3     0     1   518     1
   154     1     2     2     4     6     8     2     1     1     0     0     0     1     1     0   788     0
   155     2     7     0     5     7     1     3     0     1     0     0     0     3     1     0   475     1
   156     2     7     0     5     7     1     3     1     1     1     1     0     1     1     0   542     0
   157     2     6     2     3     5     7     1     0     1     0     1     1     2     1     0   698     0
   158     2     7     0     5     7     1     3     0     0     1     0     0     2     0     1   616     0
   159     1     4     1     8     2     4     6     0     0     1     1     1     3     0     0   744     0
   160     1     3     1     6     8     2     4     0     0     1     0     1     2     0     0   472     0
   161     2     8     1     7     1     3     5     0     0     0     1     0     3     0     0   501     0
   162     2     8     1     7     1     3     5     0     0     1     1     0     1     0     0   427     0
   163     2     5     0     1     3     5     7     1     0     1     1     0     2     1     0   984     0
   164     2     5     0     1     3     5     7     0     1     1     1     0     1     1     1   523     0
   165     2     7     0     5     7     1     3     0     1     0     1     0     2     0     0   659     0
   166     1     2     2     4     6     8     2     0     0     0     0     0     3     0     1   684     1
   167     1     4     1     8     2     4     6     1     0     1     0     1     2     1     0   846     0
   168     1     1     2     2     4     6     8     0     0     1     1     0     2     1     0   531     0
   169     2     8     1     7     1     3     5     0     1     0     0     0     3     0     1   534     0
   170     2     8     1     7     1     3     5     0     1     0     0     1     1     0     0   505     0
   171     2     7     0     5     7     1     3     1     1     0     1     0     2     1     0   603     1
   172     2     7     0     5     7     1     3     1     0     1     0     0     1     0     1   623     0
   173     1     3     1     6     8     2     4     1     1     1     1     1     3     0     1   563     0
   174     2     6     2     3     5     7     1     1     1     0     0     0     3     0     0   523     0
   175     1     4     1     8     2     4     6     1     1     0     1     0     3     0     0   533     0
   176     1     4     1     8     2     4     6     0     1     1     0     1     1     1     0   877     0
   177     2     5     0     1     3     5     7     1     1     1     0     0     3     1     0   515     0
   178     2     8     1     7     1     3     5     1     0     0     0     1     2     0     1   647     0
   179     1     1     2     2     4     6     8     1     0     0     0     1     3     0     0   653     0
   180     1     1     2     2     4     6     8     1     1     0     1     0     1     0     1   675     0
   181     2     7     0     5     7     1     3     0     1     1     0     0     3     1     0   885     1
   182     2     5     0     1     3     5     7     1     1     0     1     1     2     1     0   487     0
   183     1     3     1     6     8     2     4     0     1     0     1     1     3     1     0   634     0
   184     2     6     2     3     5     7     1     0     0     1     0     0     3     0     1   662     0
   185     1     3     1     6     8     2     4     0     0     1     0     0     3     0     0   599     0
   186     1     3     1     6     8     2     4     0     1     1     0     0     1     0     1   539     0
   187     2     7     0     5     7     1     3     0     0     0     1     1     3     0     1   499     0
   188     2     7     0     5     7     1     3     1     0     0     0     0     1     1     0   721     0
   189     1     2     2     4     6     8     2     1     1     0     0     0     3     0     1   623     0
   190     1     2     2     4     6     8     2     0     0     1     0     1     1     1     1   744     0
   191     1     1     2     2     4     6     8     0     1     0     1     1     2     0     1   660     0
   192     2     8     1     7     1     3     5     0     1     1     1     0     3     0     0   493     0
   193     2     6     2     3     5     7     1     0     1     0     1     0     2     0     0   483     0
   194     2     6     2     3     5     7     1     1     1     0     1     1     1     1     0   649     0
   195     2     7     0     5     7     1     3     0     1     0     0     1     2     1     0   559     0
   196     2     8     1     7     1     3     5     0     0     0     0     1     2     0     1   591     0
   197     1     2     2     4     6     8     2     0     0     0     1     1     3     0     0   508     0
   198     1     2     2     4     6     8     2     0     0     0     1     0     1     0     0   543     0
   199     2     6     2     3     5     7     1     1     1     1     0     1     3     1     1   591     0
   200     2     6     2     3     5     7     1     1     0     0     0     1     1     0     1   478     1
   201     2     8     1     7     1     3     5     1     1     1     1     0     2     0     1   516     0
   202     2     8     1     7     1     3     5     1     1     1     0     1     1     0     0   439     0
   203     2     6     2     3     5     7     1     1     0     1     0     0     2     0     1   541     0
   204     2     5     0     1     3     5     7     0     0     0     0     1     2     1     0   683     0
   205     2     5     0     1     3     5     7     1     1     1     0     1     1     1     1   526     1
   206     2     5     0     1     3     5     7     1     0     0     0     1     1     0     1   459     1
   207     1     2     2     4     6     8     2     0     1     1     0     1     3     1     1   629     0
   208     1     2     2     4     6     8     2     1     1     0     0     0     1     1     0   541     0
   209     1     3     1     6     8     2     4     1     1     0     0     0     2     0     0   545     0
   210     1     3     1     6     8     2     4     0     0     0     0     1     1     1     1   625     0
   211     1     2     2     4     6     8     2     1     1     0     1     1     2     1     1   494     0
   212     1     2     2     4     6     8     2     0     1     0     1     0     1     1     0   605     0
   213     2     8     1     7     1     3     5     1     1     1     0     0     3     1     0   533     0
   214     2     8     1     7     1     3     5     1     0     1     0     0     1     0     1   636     0
   215     1     1     2     2     4     6     8     0     1     0     1     1     3     1     1   550     0
   216     1     2     2     4     6     8     2     1     0     1     0     0     2     1     1   926     1
   217     1     1     2     2     4     6     8     1     1     0     1     1     2     0     1   464     0
   218     2     6     2     3     5     7     1     1     1     1     1     0     3     0     0   407     0
   219     1     2     2     4     6     8     2     0     1     0     1     0     3     1     0   592     1
   220     2     5     0     1     3     5     7     1     0     0     0     0     3     1     1  1172     0
   221     1     1     2     2     4     6     8     0     1     0     1     1     3     1     1   551     0
   222     1     3     1     6     8     2     4     1     0     1     1     0     2     1     1   803     0
   223     2     5     0     1     3     5     7     1     0     1     0     1     3     0     0   526     1
   224     2     5     0     1     3     5     7     0     0     1     1     0     1     1     0   909     0
   225     1     4     1     8     2     4     6     1     1     1     0     0     3     1     1   525     0
   226     1     4     1     8     2     4     6     1     0     0     0     0     1     0     1   533     0
   227     1     1     2     2     4     6     8     1     0     0     0     1     2     0     0   632     0
   228     1     3     1     6     8     2     4     1     0     1     0     1     2     0     0   606     0
   229     1     1     2     2     4     6     8     1     0     0     1     0     2     0     0   510     0
   230     2     6     2     3     5     7     1     1     0     0     1     0     3     0     0   454     0
   231     2     6     2     3     5     7     1     1     1     0     1     1     1     0     1   455     0
   232     2     5     0     1     3     5     7     1     1     0     1     0     2     0     0   461     0
   233     2     6     2     3     5     7     1     1     1     1     1     1     2     0     0   368     0
   234     1     1     2     2     4     6     8     1     1     1     0     0     3     0     0   420     0
   235     2     5     0     1     3     5     7     1     1     1     0     1     3     0     0   413     0
   236     2     5     0     1     3     5     7     0     0     0     0     1     1     1     1   942     0
   237     2     6     2     3     5     7     1     0     0     1     1     1     2     0     0   509     0
   238     2     6     2     3     5     7     1     0     0     1     1     1     1     0     0   343     0
   239     2     7     0     5     7     1     3     1     1     0     0     0     2     1     1   443     1
   240     2     7     0     5     7     1     3     0     1     1     0     1     1     1     0   584     0
   241     1     4     1     8     2     4     6     0     0     1     0     0     3     0     1   616     0
   242     1     4     1     8     2     4     6     1     0     0     1     1     1     1     0   834     0
   243     2     5     0     1     3     5     7     1     0     0     0     1     3     0     0   506     0
   244     2     7     0     5     7     1     3     1     0     1     0     0     2     0     0  1030     0
   245     1     2     2     4     6     8     2     1     1     0     1     1     3     0     1   490     0
   246     1     2     2     4     6     8     2     0     0     0     0     1     1     1     1   757     1
   247     2     6     2     3     5     7     1     0     0     1     0     1     3     0     0   668     0
   248     2     7     0     5     7     1     3     0     1     0     0     0     2     0     1   646     0
   249     2     6     2     3     5     7     1     1     0     1     0     1     2     1     1   640     1
   250     2     6     2     3     5     7     1     0     1     1     0     0     1     1     1   783     0
   251     1     1     2     2     4     6     8     1     1     0     1     0     3     1     0   643     0
   252     1     1     2     2     4     6     8     1     0     1     1     1     1     0     1   528     0
   253     1     3     1     6     8     2     4     1     1     0     1     0     2     0     1   511     0
   254     1     1     2     2     4     6     8     1     1     0     1     1     2     0     0   403     0
   255     2     7     0     5     7     1     3     1     0     0     0     1     3     0     1   515     0
   256     2     7     0     5     7     1     3     1     1     1     0     0     1     0     1   434     0
   257     2     5     0     1     3     5     7     0     0     1     0     1     2     1     1   780     0
   258     2     5     0     1     3     5     7     0     0     1     0     0     1     0     0   428     0
   259     2     5     0     1     3     5     7     0     0     1     0     0     1     0     0   441     0
   260     2     5     0     1     3     5     7     0     1     1     0     0     1     0     1   481     0
   261     1     4     1     8     2     4     6     0     1     1     1     0     3     0     0   667     0
   262     1     1     2     2     4     6     8     0     1     0     1     0     2     0     0   509     0
   263     2     7     0     5     7     1     3     1     0     0     1     1     3     1     1   568     0
   264     2     7     0     5     7     1     3     0     0     1     1     0     1     1     0   512     0
   265     2     5     0     1     3     5     7     0     1     0     1     0     2     0     1   507     1
   266     2     5     0     1     3     5     7     0     0     0     0     0     1     0     1   605     1
   267     1     4     1     8     2     4     6     0     1     0     1     1     3     0     1   497     0
   268     1     4     1     8     2     4     6     0     0     1     0     1     1     0     1   720     0
   269     2     7     0     5     7     1     3     1     0     0     0     0     3     1     0   951     0
   270     2     7     0     5     7     1     3     0     0     1     1     1     1     1     0   466     0
   271     1     4     1     8     2     4     6     1     1     0     1     1     3     1     1   644     0
   272     1     4     1     8     2     4     6     0     0     0     1     1     1     1     1   602     0
   273     1     2     2     4     6     8     2     0     1     1     1     0     2     0     1   667     0
   274     1     3     1     6     8     2     4     0     1     1     1     0     2     0     0   549     1
   275     1     1     2     2     4     6     8     0     0     0     0     1     2     0     1   564     0
   276     2     6     2     3     5     7     1     0     1     0     1     0     3     0     1   516     0
   277     1     3     1     6     8     2     4     0     1     0     0     1     3     0     0   868     1
   278     1     3     1     6     8     2     4     0     1     1     0     0     1     0     0   512     0
   279     2     7     0     5     7     1     3     0     1     0     0     0     3     0     0   523     0
   280     1     4     1     8     2     4     6     1     1     1     1     1     3     1     0   733     0
   281     2     8     1     7     1     3     5     0     1     1     1     1     3     1     0   436     0
   282     2     5     0     1     3     5     7     1     1     1     0     0     2     1     0   693     0
   283     1     4     1     8     2     4     6     0     1     1     1     1     3     1     0   454     0
   284     1     4     1     8     2     4     6     0     0     1     1     0     1     0     1   677     0
   285     2     8     1     7     1     3     5     0     1     1     0     0     3     0     1   503     0
   286     2     8     1     7     1     3     5     0     1     1     1     1     1     0     0   454     0
   287     1     4     1     8     2     4     6     0     0     1     0     0     3     0     1   615     0
   288     1     4     1     8     2     4     6     0     0     0     0     0     1     0     0   512     0
   289     1     4     1     8     2     4     6     0     1     1     1     0     1     0     1   502     0
   290     2     7     0     5     7     1     3     0     0     0     1     1     3     0     1   601     0
   291     2     5     0     1     3     5     7     1     1     0     0     0     2     1     1   769     0
   292     2     6     2     3     5     7     1     0     1     0     1     0     2     1     0   640     0
   293     1     2     2     4     6     8     2     1     1     0     0     0     3     1     0   615     0
   294     1     2     2     4     6     8     2     0     1     1     0     1     1     1     0   352     0
   295     1     2     2     4     6     8     2     0     0     0     1     1     1     0     1   751     0
   296     2     5     0     1     3     5     7     0     1     1     1     1     3     0     1   738     0
   297     1     3     1     6     8     2     4     1     1     1     0     0     3     1     0   513     0
   298     1     3     1     6     8     2     4     0     0     1     0     1     1     1     1   640     0
   299     1     3     1     6     8     2     4     0     0     1     0     0     1     0     0   509     0
   300     1     3     1     6     8     2     4     0     0     1     1     0     1     0     0   529     0
   301     2     7     0     5     7     1     3     0     1     1     0     0     3     0     1   504     0
   302     2     7     0     5     7     1     3     1     0     1     0     1     1     1     1   695     0
   303     1     1     2     2     4     6     8     1     0     1     0     1     3     0     0   636     0
   304     2     8     1     7     1     3     5     1     1     0     1     1     3     0     1   514     0
   305     1     4     1     8     2     4     6     1     0     0     1     0     3     0     1   637     0
   306     1     4     1     8     2     4     6     1     0     0     0     0     1     0     0   447     0
   307     1     2     2     4     6     8     2     0     0     1     1     0     2     1     0   696     1
   308     1     2     2     4     6     8     2     0     0     1     0     1     1     0     0   690     0
   309     2     8     1     7     1     3     5     1     1     0     1     1     3     1     1   567     0
   310     2     8     1     7     1     3     5     0     0     0     0     0     1     1     1   500     0
   311     1     3     1     6     8     2     4     1     0     0     0     0     3     1     0   600     0
   312     1     3     1     6     8     2     4     1     1     0     0     1     1     0     1   656     0
   313     2     8     1     7     1     3     5     1     0     0     1     1     3     0     1   533     0
   314     2     5     0     1     3     5     7     0     0     1     1     0     2     1     0   837     0
   315     1     1     2     2     4     6     8     0     1     1     0     1     3     0     1   678     0
   316     2     8     1     7     1     3     5     1     0     0     1     0     3     1     1   488     0
   317     2     6     2     3     5     7     1     1     1     0     1     0     2     0     1  1014     0
   318     2     6     2     3     5     7     1     0     0     0     0     0     1     1     1   500     0
   319     2     6     2     3     5     7     1     1     1     1     0     0     1     1     1   566     0
   320     2     7     0     5     7     1     3     0     0     1     1     1     2     1     1   558     0
   321     2     5     0     1     3     5     7     0     0     0     0     1     2     0     0   666     0
   322     2     6     2     3     5     7     1     1     0     0     1     0     2     1     0   619     0
   323     2     6     2     3     5     7     1     0     1     1     1     1     1     1     1   523     1
   324     2     6     2     3     5     7     1     0     1     1     0     1     1     0     0   454     0
   325     1     2     2     4     6     8     2     0     0     1     1     0     3     0     1   592     0
   326     1     4     1     8     2     4     6     1     0     0     1     1     2     1     0   557     1
   327     2     5     0     1     3     5     7     1     1     1     0     1     3     0     1   543     0
   328     2     7     0     5     7     1     3     0     0     0     1     0     2     1     1   566     0
   329     2     8     1     7     1     3     5     0     1     1     1     1     2     0     1   707     0
   330     2     8     1     7     1     3     5     0     1     0     1     1     1     0     0   398     0
   331     1     1     2     2     4     6     8     1     1     0     1     0     3     1     0   686     0
   332     1     2     2     4     6     8     2     1     0     0     0     1     2     0     1   479     0
   333     2     6     2     3     5     7     1     1     1     0     1     1     3     0     1   461     0
   334     2     6     2     3     5     7     1     1     1     0     0     0     1     0     0   456     0
   335     1     4     1     8     2     4     6     1     1     1     1     0     3     0     0   598     0
   336     1     1     2     2     4     6     8     0     1     1     1     0     2     1     0   638     0
   337     1     3     1     6     8     2     4     0     1     1     0     1     2     0     0   593     0
   338     1     3     1     6     8     2     4     0     1     1     1     0     1     0     0   474     0
   339     2     7     0     5     7     1     3     1     1     0     1     1     3     1     0   636     0
   340     2     7     0     5     7     1     3     0     1     1     0     0     1     1     0   413     0
   341     2     7     0     5     7     1     3     1     1     0     1     1     1     1     0   422     0
   342     2     7     0     5     7     1     3     1     0     0     0     1     1     0     1   576     0
   343     2     5     0     1     3     5     7     0     0     1     1     0     2     1     0   547     0
   344     2     7     0     5     7     1     3     1     1     1     1     1     2     1     1   539     0
   345     2     6     2     3     5     7     1     1     1     1     1     1     2     0     0   507     0
   346     2     7     0     5     7     1     3     0     1     1     1     1     2     1     0   442     0
   347     2     8     1     7     1     3     5     1     0     0     1     0     2     1     1   611     0
   348     1     1     2     2     4     6     8     0     1     0     0     0     3     1     1   596     0
   349     2     5     0     1     3     5     7     0     1     1     0     0     3     0     0   649     1
   350     2     5     0     1     3     5     7     1     1     0     0     1     1     1     0   813     0
   351     1     2     2     4     6     8     2     1     1     0     0     0     3     0     0   524     0
   352     1     2     2     4     6     8     2     0     1     0     0     0     1     1     0   492     0
   353     2     6     2     3     5     7     1     0     1     0     0     0     3     0     0   511     0
   354     2     8     1     7     1     3     5     1     0     0     0     0     2     1     1   762     0
   355     1     4     1     8     2     4     6     0     1     0     0     1     3     1     1   615     0
   356     1     4     1     8     2     4     6     1     0     1     1     1     1     1     1   631     0
   357     2     6     2     3     5     7     1     1     0     1     0     0     3     0     0   496     0
   358     2     6     2     3     5     7     1     0     1     0     1     1     1     1     1   654     0
   359     1     4     1     8     2     4     6     0     0     1     0     0     3     0     1   799     1
   360     1     4     1     8     2     4     6     0     1     0     0     1     1     0     1   510     0
   361     2     6     2     3     5     7     1     0     0     0     1     1     3     0     1   630     0
   362     2     6     2     3     5     7     1     0     1     0     0     1     1     0     1   463     0
   363     1     1     2     2     4     6     8     0     0     1     1     1     3     0     1   441     1
   364     1     1     2     2     4     6     8     1     1     0     0     0     1     1     1   718     0
   365     1     2     2     4     6     8     2     1     0     1     1     0     2     0     1   601     0
   366     1     3     1     6     8     2     4     0     1     0     0     0     2     1     1   850     0
   367     1     1     2     2     4     6     8     0     1     0     0     0     2     0     0   667     0
   368     1     1     2     2     4     6     8     1     1     1     0     1     1     1     0   484     0
   369     2     5     0     1     3     5     7     1     0     0     1     0     3     0     1   482     0
   370     1     4     1     8     2     4     6     0     1     0     0     1     3     1     1   605     0
   371     2     6     2     3     5     7     1     0     0     1     0     1     3     0     1   638     0
   372     2     6     2     3     5     7     1     0     0     0     1     0     1     0     0   455     0
   373     2     7     0     5     7     1     3     0     1     1     1     1     2     0     1   590     0
   374     2     8     1     7     1     3     5     1     1     1     1     1     2     1     0   507     0
   375     2     8     1     7     1     3     5     0     1     1     1     1     1     1     0   354     0
   376     2     8     1     7     1     3     5     0     1     0     1     0     1     0     0   390     0
   377     1     1     2     2     4     6     8     0     0     1     0     0     3     0     1   603     0
   378     1     1     2     2     4     6     8     1     1     1     1     1     1     1     1   540     1
   379     2     8     1     7     1     3     5     1     0     0     0     1     3     0     1   651     0
   380     2     8     1     7     1     3     5     1     1     1     1     1     1     0     1   453     0
   381     2     7     0     5     7     1     3     1     1     1     0     0     2     0     0  1195     0
   382     1     2     2     4     6     8     2     1     1     0     1     0     3     0     0   687     0
   383     2     7     0     5     7     1     3     0     1     0     0     1     3     1     0   805     0
   384     2     7     0     5     7     1     3     0     1     1     0     1     1     0     0   362     0
   385     2     6     2     3     5     7     1     0     0     1     0     0     2     0     1   406     0
   386     2     6     2     3     5     7     1     1     1     1     1     1     1     1     1   570     0
   387     2     5     0     1     3     5     7     0     1     0     1     0     2     1     0   554     1
   388     2     5     0     1     3     5     7     0     0     0     0     1     1     0     1   593     0
   389     2     5     0     1     3     5     7     0     1     0     1     0     1     0     1   524     0
   390     2     6     2     3     5     7     1     1     1     0     1     1     2     1     0   436     0
   391     1     4     1     8     2     4     6     0     1     0     0     1     3     1     0   821     1
   392     1     4     1     8     2     4     6     1     0     1     1     1     1     1     1   749     0
   393     1     4     1     8     2     4     6     1     0     1     1     1     1     0     0   555     0
   394     1     2     2     4     6     8     2     1     0     1     1     1     2     0     0   524     1
   395     2     5     0     1     3     5     7     0     0     1     0     1     3     1     0   666     0
   396     2     5     0     1     3     5     7     0     0     0     1     0     1     0     0   420     0
   397     1     2     2     4     6     8     2     0     1     1     0     1     3     0     1   485     0
   398     1     2     2     4     6     8     2     0     1     1     1     1     1     0     0   377     0
   399     1     1     2     2     4     6     8     1     1     0     1     0     2     1     0   760     0
   400     1     1     2     2     4     6     8     1     0     1     0     1     1     0     1   440     1
   401     2     6     2     3     5     7     1     1     1     0     0     1     3     0     1   652     0
   402     2     6     2     3     5     7     1     1     1     0     1     1     1     0     0   429     0
   403     1     1     2     2     4     6     8     0     0     1     0     0     3     1     1   695     0
   404     1     1     2     2     4     6     8     1     0     1     0     0     1     1     0   622     0
   405     2     7     0     5     7     1     3     0     0     0     0     0     3     1     0   519     0
   406     2     7     0     5     7     1     3     1     0     0     0     0     1     1     0   495     0
   407     2     8     1     7     1     3     5     0     0     0     1     1     2     1     0   641     0
   408     1     1     2     2     4     6     8     1     0     1     1     0     3     1     0   442     1
   409     2     8     1     7     1     3     5     0     0     0     0     0     3     1     0   678     0
   410     1     3     1     6     8     2     4     1     1     0     1     1     3     1     1   588     0
   411     1     2     2     4     6     8     2     1     0     0     1     0     2     0     1   964     0
   412     1     1     2     2     4     6     8     1     0     0     0     0     2     0     0   464     0
   413     2     7     0     5     7     1     3     0     0     0     1     0     3     1     0   603     0
   414     2     7     0     5     7     1     3     0     0     1     1     1     1     0     0   451     0
   415     2     6     2     3     5     7     1     0     0     0     0     1     2     0     0   421     0
   416     2     6     2     3     5     7     1     1     1     1     0     0     1     1     1   565     0
   417     1     2     2     4     6     8     2     1     1     0     1     1     3     0     0   930     0
   418     1     2     2     4     6     8     2     1     0     0     1     1     1     0     1   434     0
   419     1     1     2     2     4     6     8     1     0     1     0     0     2     0     0   551     0
   420     1     1     2     2     4     6     8     0     1     1     1     1     1     1     1   663     0
   421     1     1     2     2     4     6     8     0     0     1     1     1     1     0     1   596     0
   422     1     4     1     8     2     4     6     0     0     1     0     1     2     0     0   709     0
   423     1     3     1     6     8     2     4     0     1     1     0     1     2     0     1   479     0
   424     2     8     1     7     1     3     5     1     0     1     0     0     3     1     1   674     0
   425     1     3     1     6     8     2     4     1     0     1     1     1     3     0     0   615     0
   426     1     3     1     6     8     2     4     0     0     0     0     1     1     1     0   412     0
   427     1     4     1     8     2     4     6     1     0     0     0     1     2     1     0   605     0
   428     1     4     1     8     2     4     6     0     1     0     1     0     1     1     1   559     0
   429     1     4     1     8     2     4     6     0     0     1     1     0     1     0     1   630     0
   430     2     7     0     5     7     1     3     1     0     0     1     1     3     1     0   866     0
   431     1     3     1     6     8     2     4     0     1     1     1     1     3     1     1   639     0
   432     1     3     1     6     8     2     4     1     0     1     0     0     1     1     1   716     0
   433     1     2     2     4     6     8     2     0     0     0     0     0     2     1     0   611     0
   434     1     2     2     4     6     8     2     1     1     1     0     0     1     1     1   601     0
   435     2     6     2     3     5     7     1     0     0     1     1     0     3     1     1   821     1
   436     2     6     2     3     5     7     1     1     0     1     0     1     1     1     0   533     0
   437     1     1     2     2     4     6     8     1     0     1     1     0     3     0     0   460     0
   438     1     1     2     2     4     6     8     1     0     0     1     0     1     0     0   422     0
   439     1     3     1     6     8     2     4     0     0     0     1     0     2     1     0   556     0
   440     1     3     1     6     8     2     4     0     0     1     0     1     1     0     0   484     0
   441     1     3     1     6     8     2     4     0     1     0     1     1     1     0     1   447     0
   442     1     4     1     8     2     4     6     1     1     0     1     1     2     1     0   689     0
   443     2     7     0     5     7     1     3     0     0     1     0     1     3     1     1   531     0
   444     2     7     0     5     7     1     3     0     1     1     0     0     1     0     1   510     0
   445     2     6     2     3     5     7     1     1     0     1     0     0     2     1     1   737     0
   446     2     6     2     3     5     7     1     1     0     0     1     0     1     0     0   485     1
   447     2     8     1     7     1     3     5     1     1     1     1     1     2     0     1   546     0
   448     2     7     0     5     7     1     3     1     1     0     0     1     2     0     0   454     1
   449     1     3     1     6     8     2     4     0     0     0     1     1     3     1     1   505     0
   450     1     3     1     6     8     2     4     1     0     0     0     0     1     1     0   510     0
   451     1     3     1     6     8     2     4     1     1     0     0     0     1     0     1   501     0
   452     1     3     1     6     8     2     4     1     0     1     0     0     1     0     1   681     0
   453     1     4     1     8     2     4     6     0     1     1     0     1     2     1     1   754     1
   454     1     4     1     8     2     4     6     1     1     0     0     1     1     1     0   573     1
   455     2     8     1     7     1     3     5     0     1     0     0     0     3     1     0   736     0
   456     2     5     0     1     3     5     7     0     0     0     1     1     2     0     1   606     0
   457     1     3     1     6     8     2     4     1     1     0     0     1     3     1     1   550     0
   458     1     3     1     6     8     2     4     1     1     0     1     0     1     0     0   458     0
   459     2     6     2     3     5     7     1     0     0     1     0     0     3     1     1   631     0
   460     2     6     2     3     5     7     1     1     0     1     1     1     1     1     0   995     0
   461     1     3     1     6     8     2     4     0     0     1     0     0     3     1     0   467     0
   462     1     3     1     6     8     2     4     0     0     1     0     0     1     0     0   353     0
   463     1     2     2     4     6     8     2     0     1     1     0     1     2     0     1   440     0
   464     1     3     1     6     8     2     4     1     1     0     0     1     2     1     0   698     0
   465     2     8     1     7     1     3     5     0     1     0     0     0     3     1     0   509     1
   466     2     7     0     5     7     1     3     0     0     0     0     1     2     0     1   551     0
   467     2     7     0     5     7     1     3     1     0     0     1     1     1     1     0   714     1
   468     2     7     0     5     7     1     3     0     0     1     1     0     1     1     0   536     0
   469     1     3     1     6     8     2     4     0     1     1     1     1     3     0     1   551     0
   470     1     4     1     8     2     4     6     1     1     1     0     1     2     1     0   626     0
   471     2     7     0     5     7     1     3     0     1     1     1     1     3     1     0   464     0
   472     2     7     0     5     7     1     3     0     1     1     0     0     1     0     0   450     0
   473     1     1     2     2     4     6     8     0     1     0     1     1     3     0     0   527     0
   474     1     1     2     2     4     6     8     1     1     0     1     0     1     1     0   486     0
   475     2     6     2     3     5     7     1     1     1     1     1     1     3     0     0   428     0
   476     1     3     1     6     8     2     4     1     1     1     0     0     3     0     0   470     0
   477     1     4     1     8     2     4     6     1     1     1     0     1     2     0     0   437     0
   478     1     4     1     8     2     4     6     0     0     0     0     1     1     1     1  1123     1
   479     1     1     2     2     4     6     8     0     1     1     1     0     2     0     1   625     0
   480     1     4     1     8     2     4     6     0     1     1     1     0     2     0     0   402     0
   481     2     8     1     7     1     3     5     0     0     0     0     1     3     0     1   466     0
   482     2     8     1     7     1     3     5     1     0     0     0     0     1     1     0   432     0
   483     2     5     0     1     3     5     7     0     1     1     0     1     2     1     1   746     0
   484     2     5     0     1     3     5     7     0     1     1     1     0     1     0     0   409     0
   485     2     6     2     3     5     7     1     1     0     0     1     0     2     1     1   499     0
   486     1     3     1     6     8     2     4     0     1     1     1     1     3     1     1   741     0
   487     1     3     1     6     8     2     4     1     1     1     0     1     1     1     0   521     0
   488     1     3     1     6     8     2     4     0     1     1     1     1     1     1     0   349     0
   489     1     3     1     6     8     2     4     1     1     0     0     0     1     1     0   507     0
   490     1     1     2     2     4     6     8     0     1     1     0     0     2     1     0   552     0
   491     2     6     2     3     5     7     1     0     1     0     0     1     3     0     0   444     0
   492     2     6     2     3     5     7     1     0     1     1     0     0     1     0     0   429     0
   493     2     8     1     7     1     3     5     1     0     0     0     0     2     1     1   634     0
   494     2     6     2     3     5     7     1     1     1     1     0     0     2     0     1   618     0
   495     1     1     2     2     4     6     8     0     1     0     1     0     3     1     0   499     0
   496     1     1     2     2     4     6     8     0     0     0     1     1     1     0     1   530     0
   497     1     2     2     4     6     8     2     0     0     1     1     1     2     0     0   960     0
   498     1     2     2     4     6     8     2     0     1     0     0     1     1     0     1   499     0
   499     1     2     2     4     6     8     2     1     1     0     0     1     1     1     0   366     0
   500     1     2     2     4     6     8     2     0     0     0     0     0     1     1     1   515     0
   501     1     1     2     2     4     6     8     0     1     1     1     0     2     0     1   418     0
   502     1     1     2     2     4     6     8     1     0     1     0     1     1     1     1   547     0
   503     1     4     1     8     2     4     6     1     0     1     1     1     2     0     0   475     0
   504     2     5     0     1     3     5     7     0     0     1     1     1     3     1     0   569     0
   505     1     4     1     8     2     4     6     0     0     1     0     1     3     0     0   338     0
   506     2     5     0     1     3     5     7     1     0     0     0     0     3     1     0   369     0
   507     1     4     1     8     2     4     6     0     0     0     1     1     3     1     0   329     0
   508     1     4     1     8     2     4     6     1     0     0     0     0     1     1     0   369     0
   509     2     8     1     7     1     3     5     1     1     0     0     0     3     0     1   462     0
   510     2     8     1     7     1     3     5     1     0     0     0     0     1     0     1   460     0
   511     2     7     0     5     7     1     3     1     1     0     1     0     2     0     1   626     0
   512     2     7     0     5     7     1     3     1     0     0     1     0     1     0     1   500     0
   513     2     6     2     3     5     7     1     1     1     0     1     1     2     0     1   474     0
   514     1     1     2     2     4     6     8     1     0     0     0     0     3     0     1   352     1
   515     2     8     1     7     1     3     5     1     1     0     0     0     3     0     1   492     0
   516     2     8     1     7     1     3     5     1     0     0     0     1     1     0     1   382     0
   517     1     2     2     4     6     8     2     0     1     1     1     1     3     1     1   482     0
   518     1     1     2     2     4     6     8     1     0     1     0     0     2     1     1   545     0
   519     2     5     0     1     3     5     7     0     1     1     0     0     3     1     1   509     0
   520     2     5     0     1     3     5     7     1     1     0     1     1     1     1     0   496     0
   521     2     7     0     5     7     1     3     1     0     0     1     0     2     0     1   363     0
   522     2     8     1     7     1     3     5     1     0     0     0     1     2     0     0   531     0
   523     1     4     1     8     2     4     6     0     1     1     1     0     3     1     1   479     0
   524     1     4     1     8     2     4     6     1     1     1     0     0     1     1     0   504     0
   525     1     1     2     2     4     6     8     0     0     1     1     0     2     1     1   568     0
   526     1     1     2     2     4     6     8     0     0     1     1     1     1     0     0   588     1
   527     1     4     1     8     2     4     6     0     0     0     0     1     2     0     0   543     0
   528     1     4     1     8     2     4     6     0     1     0     0     1     1     0     1   476     0
   529     1     3     1     6     8     2     4     0     0     1     0     1     2     0     1   570     0
   530     1     1     2     2     4     6     8     1     0     0     0     0     2     1     0   439     0
   531     2     5     0     1     3     5     7     0     0     0     1     0     3     1     0   505     0
   532     2     6     2     3     5     7     1     0     0     0     0     0     2     0     0   441     0
   533     1     2     2     4     6     8     2     1     0     1     0     1     3     1     0   570     0
   534     1     2     2     4     6     8     2     0     0     0     1     0     1     1     0   421     0
   535     1     4     1     8     2     4     6     0     1     1     1     1     2     0     1   519     0
   536     2     5     0     1     3     5     7     1     1     0     1     1     3     1     0   598     0
   537     2     5     0     1     3     5     7     0     0     0     1     0     1     1     1   483     0
   538     2     5     0     1     3     5     7     1     1     0     1     1     1     1     1   389     0
   539     2     8     1     7     1     3     5     1     0     0     0     1     2     0     1   398     0
   540     2     8     1     7     1     3     5     1     0     1     1     1     1     0     0   439     0
   541     1     1     2     2     4     6     8     1     0     1     1     1     3     0     0   612     1
   542     1     2     2     4     6     8     2     1     0     0     1     1     2     0     0   509     0
   543     1     4     1     8     2     4     6     0     0     1     0     1     2     1     0   716     1
   544     1     2     2     4     6     8     2     1     0     0     0     1     2     1     0   553     0
   545     2     6     2     3     5     7     1     1     0     0     0     1     3     0     0   499     0
   546     2     8     1     7     1     3     5     1     0     1     0     0     2     0     0   485     0
   547     1     1     2     2     4     6     8     1     1     0     1     1     3     0     1   439     0
   548     1     1     2     2     4     6     8     1     1     0     1     0     1     0     0   454     0
   549     2     7     0     5     7     1     3     1     0     0     1     1     3     0     1   392     0
   550     2     7     0     5     7     1     3     0     1     0     0     1     1     1     1   740     0
   551     2     6     2     3     5     7     1     1     1     0     0     0     2     1     0   490     1
   552     2     6     2     3     5     7     1     0     0     1     0     0     1     1     1   771     0
   553     2     8     1     7     1     3     5     0     0     1     0     0     2     0     0   503     1
   554     2     6     2     3     5     7     1     0     1     1     0     1     2     0     1   489     0
   555     2     8     1     7     1     3     5     0     1     1     0     1     2     0     0   530     0
   556     2     6     2     3     5     7     1     0     0     1     0     0     2     0     1   450     0
   557     1     2     2     4     6     8     2     0     0     0     0     0     3     0     0   804     0
   558     1     2     2     4     6     8     2     1     0     0     0     1     1     1     0   628     0
   559     2     7     0     5     7     1     3     0     0     1     0     1     3     1     0   405     0
   560     2     8     1     7     1     3     5     0     0     0     1     0     2     0     0   410     0
   561     2     6     2     3     5     7     1     0     1     1     0     0     2     0     1   470     0
   562     2     6     2     3     5     7     1     1     1     1     0     1     1     1     0   593     0
   563     1     1     2     2     4     6     8     1     0     0     0     0     3     0     1   429     0
   564     1     4     1     8     2     4     6     0     1     0     1     0     2     1     1   606     0
   565     1     2     2     4     6     8     2     1     0     0     0     1     2     1     1   638     0
   566     1     2     2     4     6     8     2     0     1     0     1     0     1     1     1   619     0
   567     2     8     1     7     1     3     5     1     0     0     0     0     3     1     1   555     1
   568     2     8     1     7     1     3     5     1     0     0     0     1     1     0     0   683     1
   569     2     5     0     1     3     5     7     1     1     0     0     0     2     0     1   593     0
   570     1     4     1     8     2     4     6     0     0     1     0     1     3     1     1   537     0
   571     1     1     2     2     4     6     8     0     0     0     0     0     2     0     0   433     0
   572     1     2     2     4     6     8     2     0     1     0     1     0     2     0     1   482     0
   573     1     4     1     8     2     4     6     1     0     0     0     0     2     1     1   568     0
   574     1     4     1     8     2     4     6     0     0     1     1     1     1     1     0   499     0
   575     1     1     2     2     4     6     8     0     0     0     0     0     2     0     0   458     0
   576     1     2     2     4     6     8     2     0     0     1     0     0     2     0     0   472     0
   577     2     7     0     5     7     1     3     0     0     0     0     0     3     0     0   403     0
   578     2     7     0     5     7     1     3     1     1     1     0     1     1     1     1   476     0
   579     1     2     2     4     6     8     2     1     0     1     1     0     3     0     1   475     1
   580     1     2     2     4     6     8     2     0     1     0     0     0     1     1     1   493     0
   581     1     3     1     6     8     2     4     0     1     0     0     0     2     0     0   639     0
   582     1     4     1     8     2     4     6     1     1     1     0     0     2     1     0   588     0
   583     2     8     1     7     1     3     5     0     1     0     0     0     3     1     0   514     0
   584     2     8     1     7     1     3     5     0     1     0     1     0     1     0     0   479     0
   585     1     4     1     8     2     4     6     0     1     0     0     0     3     0     0   514     0
   586     1     4     1     8     2     4     6     0     1     1     0     0     1     0     0   378     0
   587     2     8     1     7     1     3     5     0     1     0     1     1     3     0     0   433     0
   588     2     5     0     1     3     5     7     1     0     1     1     0     2     1     1   542     1
   589     1     4     1     8     2     4     6     0     1     1     0     0     3     1     1   529     0
   590     1     4     1     8     2     4     6     0     0     1     0     1     1     0     1   413     0
   591     1     3     1     6     8     2     4     1     1     0     1     1     2     1     1   499     1
   592     1     4     1     8     2     4     6     0     0     0     0     1     2     1     1   889     0
   593     2     7     0     5     7     1     3     1     1     0     0     1     3     1     1   811     0
   594     1     4     1     8     2     4     6     0     1     1     0     0     3     1     0   467     0
   595     2     7     0     5     7     1     3     1     0     0     1     1     3     1     1   528     0
   596     2     6     2     3     5     7     1     1     1     0     0     1     2     0     1   627     0
   597     2     5     0     1     3     5     7     0     1     1     0     0     2     1     0   508     0
   598     2     5     0     1     3     5     7     0     0     0     1     0     1     0     1   499     0
   599     2     7     0     5     7     1     3     1     0     1     0     0     2     1     0   665     0
   600     2     7     0     5     7     1     3     0     0     1     0     0     1     1     0   519     0
   601     1     4     1     8     2     4     6     0     1     1     0     1     3     0     1   563     0
   602     1     4     1     8     2     4     6     0     0     0     1     0     1     0     1   619     0
   603     1     3     1     6     8     2     4     1     1     1     1     1     2     1     1   571     1
   604     1     4     1     8     2     4     6     1     1     1     1     0     2     0     0  1250     0
   605     2     5     0     1     3     5     7     0     1     0     0     1     3     1     0   563     0
   606     1     4     1     8     2     4     6     0     1     1     0     0     3     0     0   515     0
   607     1     2     2     4     6     8     2     0     0     1     1     0     2     0     1   606     0
   608     1     2     2     4     6     8     2     0     0     1     0     1     1     0     0   391     0
   609     2     8     1     7     1     3     5     0     1     1     0     0     3     0     1   515     0
   610     2     8     1     7     1     3     5     0     0     0     1     1     1     0     1   642     0
   611     1     3     1     6     8     2     4     1     0     0     0     0     3     1     0   583     0
   612     2     6     2     3     5     7     1     0     1     0     0     1     3     1     1   556     0
   613     2     6     2     3     5     7     1     1     0     0     1     0     1     1     1   680     0
   614     2     6     2     3     5     7     1     1     0     0     0     0     1     0     0   478     0
   615     2     5     0     1     3     5     7     0     0     0     1     0     2     1     0   504     0
   616     2     5     0     1     3     5     7     0     0     1     0     0     1     0     0   607     1
   617     1     4     1     8     2     4     6     1     0     0     1     0     3     1     0  1030     0
   618     1     4     1     8     2     4     6     0     1     0     0     1     1     1     1   562     0
   619     1     4     1     8     2     4     6     1     0     1     1     1     1     1     1   645     0
   620     1     4     1     8     2     4     6     1     0     0     1     1     1     0     0   384     0
   621     2     5     0     1     3     5     7     1     0     1     0     0     3     0     0   358     0
   622     1     2     2     4     6     8     2     1     1     1     1     1     3     0     1   574     0
   623     1     3     1     6     8     2     4     0     1     0     1     0     2     1     0   734     0
   624     1     3     1     6     8     2     4     1     1     0     0     1     1     1     0   578     1
   625     1     3     1     6     8     2     4     1     0     0     0     1     1     0     1   521     0
   626     1     3     1     6     8     2     4     1     1     1     1     1     1     0     1   716     1
   627     2     6     2     3     5     7     1     0     1     1     0     1     3     1     0   985     0
   628     2     6     2     3     5     7     1     1     0     0     0     0     1     1     1   578     0
   629     2     8     1     7     1     3     5     1     1     0     0     0     2     0     1   662     0
   630     2     8     1     7     1     3     5     1     0     1     1     0     1     0     1   397     0
   631     1     1     2     2     4     6     8     1     1     0     0     1     3     0     1   485     0
   632     1     2     2     4     6     8     2     0     0     1     0     1     2     1     1   604     0
   633     2     7     0     5     7     1     3     1     1     1     1     1     3     1     1   637     0
   634     2     6     2     3     5     7     1     1     0     1     0     1     2     0     1   659     0
   635     2     5     0     1     3     5     7     0     0     1     1     0     2     1     0   597     0
   636     2     5     0     1     3     5     7     1     0     1     0     0     1     1     0   460     0
   637     2     5     0     1     3     5     7     0     1     0     1     1     1     1     1   599     0
   638     2     5     0     1     3     5     7     1     0     1     1     0     1     1     1   435     0
   639     1     3     1     6     8     2     4     0     1     0     1     0     3     1     1   926     0
   640     1     2     2     4     6     8     2     0     0     0     0     0     2     0     1   558     0
   641     2     7     0     5     7     1     3     1     1     1     1     0     3     1     1   637     0
   642     2     7     0     5     7     1     3     0     1     1     1     1     1     1     0   454     1
   643     1     2     2     4     6     8     2     1     1     1     0     0     3     1     0   468     0
   644     1     2     2     4     6     8     2     1     1     0     0     1     1     0     0   370     0
   645     2     8     1     7     1     3     5     1     0     0     1     0     3     0     1   499     0
   646     2     8     1     7     1     3     5     0     0     1     0     1     1     1     0   717     0
   647     2     5     0     1     3     5     7     0     0     0     1     1     2     0     0   551     0
   648     1     2     2     4     6     8     2     0     1     0     1     0     3     0     1   467     0
   649     2     6     2     3     5     7     1     0     1     1     1     1     3     0     0   449     0
   650     2     6     2     3     5     7     1     0     1     1     1     1     1     0     0   702     0
   651     2     8     1     7     1     3     5     0     1     0     1     0     2     0     0   645     0
   652     2     8     1     7     1     3     5     1     1     0     1     1     1     1     0   622     0
   653     1     1     2     2     4     6     8     0     1     1     1     1     3     1     0   392     0
   654     1     1     2     2     4     6     8     0     1     1     1     1     1     0     0   451     0
   655     1     3     1     6     8     2     4     0     1     1     1     0     2     0     0   477     0
   656     2     8     1     7     1     3     5     0     0     0     1     0     3     0     1   376     0
   657     1     2     2     4     6     8     2     0     0     0     1     0     3     0     0   540     0
   658     1     2     2     4     6     8     2     0     0     1     1     0     1     0     0   502     0
   659     2     6     2     3     5     7     1     1     0     1     1     1     3     1     0   580     1
   660     2     6     2     3     5     7     1     1     1     0     1     0     1     0     1   428     0
   661     2     5     0     1     3     5     7     0     0     1     0     0     2     1     1   553     0
   662     2     5     0     1     3     5     7     1     1     1     1     0     1     1     1   674     0
   663     2     7     0     5     7     1     3     1     1     0     1     0     2     0     0   543     1
   664     1     4     1     8     2     4     6     1     0     1     1     1     3     0     1   592     1
   665     2     5     0     1     3     5     7     0     1     1     1     1     3     1     1   753     0
   666     2     8     1     7     1     3     5     0     0     0     0     0     2     0     1   573     0
   667     1     2     2     4     6     8     2     0     1     0     0     0     3     0     1   589     0
   668     1     2     2     4     6     8     2     0     0     0     0     1     1     0     1   973     0
   669     2     7     0     5     7     1     3     1     1     0     0     0     3     1     1   621     0
   670     1     2     2     4     6     8     2     0     1     1     1     1     3     1     0   630     0
   671     1     3     1     6     8     2     4     1     0     0     0     1     2     1     1   807     0
   672     1     3     1     6     8     2     4     0     1     1     0     0     1     1     1   515     0
   673     1     4     1     8     2     4     6     1     0     0     0     0     2     1     1   552     0
   674     2     7     0     5     7     1     3     1     1     1     0     1     3     0     1   535     0
   675     2     6     2     3     5     7     1     1     0     0     1     0     2     0     1   562     1
   676     2     6     2     3     5     7     1     0     1     0     1     1     1     1     1   714     1
   677     1     3     1     6     8     2     4     1     0     1     0     0     3     1     1   612     0
   678     1     3     1     6     8     2     4     0     0     0     0     1     1     1     0   568     0
   679     2     7     0     5     7     1     3     1     0     1     1     1     3     1     0   557     0
   680     2     7     0     5     7     1     3     1     1     1     1     0     1     0     1   512     0
   681     2     7     0     5     7     1     3     0     0     1     1     1     1     1     1   560     0
   682     2     7     0     5     7     1     3     1     1     1     1     0     1     1     1   511     0
   683     1     2     2     4     6     8     2     0     1     1     0     0     3     1     0   671     0
   684     1     2     2     4     6     8     2     0     1     0     0     1     1     0     0   386     0
   685     1     4     1     8     2     4     6     0     1     0     0     0     2     0     0   658     0
   686     2     5     0     1     3     5     7     1     0     1     1     1     3     1     1   563     0
   687     2     6     2     3     5     7     1     1     1     1     0     1     2     0     1   547     0
   688     2     7     0     5     7     1     3     0     1     1     1     1     2     1     0   553     0
   689     2     7     0     5     7     1     3     1     1     1     0     0     1     1     0   509     0
   690     2     5     0     1     3     5     7     0     1     0     0     1     2     1     0   700     0
   691     2     5     0     1     3     5     7     1     0     0     0     0     1     1     1   575     0
   692     1     4     1     8     2     4     6     0     1     0     1     0     3     1     1   547     0
   693     2     8     1     7     1     3     5     1     1     1     0     0     3     1     0   490     0
   694     2     8     1     7     1     3     5     1     0     1     0     0     1     0     1   384     0
   695     2     7     0     5     7     1     3     0     0     1     1     0     2     1     0   568     1
   696     2     7     0     5     7     1     3     0     0     1     0     1     1     0     0   552     0
   697     2     7     0     5     7     1     3     1     1     0     0     1     1     1     1   484     0
   698     2     7     0     5     7     1     3     1     1     0     1     0     1     0     0   663     0
   699     1     2     2     4     6     8     2     0     1     0     0     1     3     1     0   690     0
   700     1     3     1     6     8     2     4     1     1     1     1     0     2     1     0   696     0
   701     2     7     0     5     7     1     3     1     1     1     0     0     3     0     0   455     0
   702     2     7     0     5     7     1     3     1     0     0     0     1     1     0     1   624     0
   703     1     3     1     6     8     2     4     1     1     0     1     1     3     0     1   450     0
   704     1     3     1     6     8     2     4     1     1     0     1     0     1     0     0   696     0
   705     1     1     2     2     4     6     8     1     0     0     1     0     2     0     1   658     0
   706     1     1     2     2     4     6     8     1     1     0     1     0     1     0     1   545     0
   707     1     2     2     4     6     8     2     1     0     0     1     1     2     0     1   840     0
   708     2     5     0     1     3     5     7     1     1     0     1     1     3     0     1   507     0
   709     2     7     0     5     7     1     3     1     0     0     1     0     2     0     1   558     0
   710     2     8     1     7     1     3     5     1     0     0     0     0     2     0     0   513     0
   711     2     8     1     7     1     3     5     1     0     1     0     1     1     0     0   515     0
   712     1     1     2     2     4     6     8     0     0     1     1     1     3     1     0   834     1
   713     1     2     2     4     6     8     2     1     0     1     1     0     2     1     0   570     0
   714     1     2     2     4     6     8     2     1     0     1     0     1     1     0     0   447     0
   715     2     6     2     3     5     7     1     1     1     1     1     0     3     0     1   552     0
   716     2     6     2     3     5     7     1     1     0     0     0     1     1     0     1   567     0
   717     1     1     2     2     4     6     8     1     0     1     0     1     3     0     0   508     0
   718     1     1     2     2     4     6     8     1     1     0     1     1     1     0     1   495     1
   719     2     7     0     5     7     1     3     0     0     1     0     0     3     1     1   772     0
   720     2     7     0     5     7     1     3     0     0     1     0     0     1     0     0   560     0
   721     2     6     2     3     5     7     1     1     1     1     0     1     2     1     1   473     0
   722     1     3     1     6     8     2     4     0     0     0     1     0     3     1     1   774     0
   723     2     5     0     1     3     5     7     0     0     1     1     1     3     0     0   493     0
   724     2     5     0     1     3     5     7     1     0     0     1     1     1     1     0   476     0
   725     2     8     1     7     1     3     5     1     0     1     0     0     2     0     0   553     1
   726     2     8     1     7     1     3     5     0     1     1     0     0     1     1     1  1444     1
   727     2     6     2     3     5     7     1     1     1     1     1     1     2     1     0   748     0
   728     2     6     2     3     5     7     1     1     0     0     1     0     1     0     1   474     0
   729     2     5     0     1     3     5     7     1     0     0     0     1     2     0     0   532     0
   730     2     5     0     1     3     5     7     0     0     1     1     1     1     1     0   575     0
   731     1     4     1     8     2     4     6     1     1     0     1     0     3     1     1   591     0
   732     1     3     1     6     8     2     4     1     1     1     0     1     2     0     0   460     1
   733     2     6     2     3     5     7     1     1     0     0     0     0     3     0     1   900     0
   734     2     8     1     7     1     3     5     0     1     1     0     0     2     1     1   474     0
   735     2     7     0     5     7     1     3     1     0     0     1     0     2     1     1   672     0
   736     2     6     2     3     5     7     1     1     0     0     0     0     2     0     0   477     0
   737     1     4     1     8     2     4     6     0     0     0     1     1     3     1     0   500     0
   738     1     4     1     8     2     4     6     0     1     1     0     0     1     0     1   575     0
   739     2     6     2     3     5     7     1     1     0     1     0     0     3     1     1   567     0
   740     2     7     0     5     7     1     3     0     0     0     0     0     2     1     0   495     0
   741     1     3     1     6     8     2     4     1     1     1     0     0     3     1     1   541     0
   742     2     6     2     3     5     7     1     1     0     1     0     0     3     0     1   545     0
   743     1     3     1     6     8     2     4     0     0     0     1     0     3     1     0   545     0
   744     1     4     1     8     2     4     6     0     1     0     1     0     2     0     1   468     0
   745     2     8     1     7     1     3     5     1     1     0     0     1     3     1     0   542     0
   746     1     1     2     2     4     6     8     0     1     0     1     0     3     1     0   541     0
   747     1     4     1     8     2     4     6     0     1     0     0     1     2     0     0   465     0
   748     2     7     0     5     7     1     3     0     1     1     0     0     3     0     0   507     0
   749     2     6     2     3     5     7     1     1     0     0     1     0     2     1     1   701     0
   750     2     6     2     3     5     7     1     0     1     0     1     1     1     1     1   520     0
   751     1     3     1     6     8     2     4     0     0     1     0     0     3     0     1   550     0
   752     1     3     1     6     8     2     4     0     0     1     1     1     1     0     0   471     0
   753     1     2     2     4     6     8     2     0     1     1     0     0     2     0     1   537     0
   754     2     7     0     5     7     1     3     0     1     0     1     1     3     0     0   516     1
   755     2     8     1     7     1     3     5     1     0     0     1     0     2     1     1   478     0
   756     2     8     1     7     1     3     5     1     0     0     0     0     1     0     0   729     0
   757     1     4     1     8     2     4     6     1     1     0     1     1     3     0     1   607     0
   758     1     1     2     2     4     6     8     1     0     1     1     0     2     0     1   617     0
   759     1     3     1     6     8     2     4     0     0     1     0     0     2     1     0   643     1
   760     1     3     1     6     8     2     4     1     0     0     0     0     1     1     0   556     0
   761     1     1     2     2     4     6     8     0     1     0     0     0     2     1     1   575     0
   762     1     3     1     6     8     2     4     1     1     0     1     0     2     1     0   555     0
   763     1     3     1     6     8     2     4     1     0     0     1     0     1     0     1   700     0
   764     1     4     1     8     2     4     6     1     0     0     1     1     2     0     0   489     0
   765     2     5     0     1     3     5     7     0     1     1     1     1     3     1     1   632     0
   766     2     5     0     1     3     5     7     0     1     0     0     0     1     0     0   676     0
   767     1     2     2     4     6     8     2     0     1     0     0     1     3     0     0   507     0
   768     1     1     2     2     4     6     8     0     1     0     1     0     2     0     0   511     0
   769     2     6     2     3     5     7     1     0     1     0     0     1     3     0     0   442     0
   770     2     5     0     1     3     5     7     0     0     0     0     0     2     0     1   588     0
   771     2     5     0     1     3     5     7     0     1     1     1     0     1     0     1   544     0
   772     2     6     2     3     5     7     1     1     1     0     1     1     2     1     0   443     0
   773     2     7     0     5     7     1     3     0     1     1     0     1     2     1     0   453     0
   774     1     4     1     8     2     4     6     0     0     1     0     1     3     0     1   527     0
   775     2     8     1     7     1     3     5     0     1     1     1     0     3     0     1   457     1
   776     2     8     1     7     1     3     5     0     0     0     0     1     1     0     1   603     0
   777     2     8     1     7     1     3     5     0     1     0     1     1     1     0     1   559     0
   778     2     8     1     7     1     3     5     0     1     1     0     1     1     0     0   468     0
   779     2     5     0     1     3     5     7     0     0     0     0     1     2     0     1   485     0
   780     2     7     0     5     7     1     3     1     0     1     0     1     2     1     0   831     0
   781     2     7     0     5     7     1     3     0     1     1     0     1     1     1     1   940     0
   782     2     8     1     7     1     3     5     1     0     0     0     1     2     1     1   423     0
   783     1     2     2     4     6     8     2     1     0     1     0     0     3     0     0   513     0
   784     2     7     0     5     7     1     3     1     1     1     1     1     3     0     1   500     0
   785     1     1     2     2     4     6     8     0     1     0     1     0     3     1     0   610     0
   786     1     1     2     2     4     6     8     0     1     1     0     1     1     0     0   406     0
   787     1     3     1     6     8     2     4     1     1     1     0     0     2     1     0   703     0
   788     2     8     1     7     1     3     5     1     0     0     1     1     3     0     1   556     0
   789     1     1     2     2     4     6     8     1     0     0     0     1     3     0     0   543     0
   790     1     1     2     2     4     6     8     1     1     1     0     0     1     0     1   482     0
   791     2     8     1     7     1     3     5     1     0     1     1     0     3     0     1   553     0
   792     2     8     1     7     1     3     5     0     0     0     0     0     1     1     0   460     0
   793     2     8     1     7     1     3     5     0     1     1     1     1     1     0     1   363     1
   794     2     5     0     1     3     5     7     0     1     0     1     1     2     0     0   510     1
   795     1     3     1     6     8     2     4     0     1     0     1     1     3     0     0   408     0
   796     1     4     1     8     2     4     6     0     1     0     0     1     2     0     0   457     0
   797     1     2     2     4     6     8     2     0     0     1     0     1     2     0     1   498     0
   798     1     3     1     6     8     2     4     1     0     0     0     1     2     1     0   952     1
   799     2     6     2     3     5     7     1     0     0     0     1     1     3     1     0   575     0
   800     2     6     2     3     5     7     1     1     1     0     1     1     1     1     1   468     0
   801     2     7     0     5     7     1     3     1     1     0     1     0     2     0     0   490     0
   802     2     7     0     5     7     1     3     1     0     0     1     0     1     0     1   517     0
   803     2     7     0     5     7     1     3     1     1     0     0     1     1     0     1   440     0
   804     2     5     0     1     3     5     7     1     0     0     1     1     2     0     1   465     1
   805     2     8     1     7     1     3     5     0     0     1     1     0     2     1     0   650     0
   806     2     8     1     7     1     3     5     0     1     0     0     0     1     0     1   475     0
   807     2     8     1     7     1     3     5     1     0     0     0     0     1     1     1   482     0
   808     2     5     0     1     3     5     7     0     1     1     1     0     2     1     1   559     0
   809     2     5     0     1     3     5     7     1     0     0     1     1     1     1     1   555     0
   810     2     5     0     1     3     5     7     1     0     1     0     0     1     0     0   459     0
   811     1     2     2     4     6     8     2     1     0     0     1     1     3     0     0   488     0
   812     1     2     2     4     6     8     2     1     1     0     1     0     1     0     1   478     0
   813     2     5     0     1     3     5     7     1     1     1     1     1     3     0     0   757     0
   814     2     5     0     1     3     5     7     1     1     0     1     0     1     0     0   421     0
   815     2     8     1     7     1     3     5     0     1     0     0     0     2     1     0   794     0
   816     2     8     1     7     1     3     5     1     1     0     0     1     1     1     0   549     0
   817     1     4     1     8     2     4     6     1     1     0     0     0     3     0     0   490     0
   818     1     1     2     2     4     6     8     1     1     1     0     0     2     0     0   424     0
   819     1     1     2     2     4     6     8     0     0     1     1     1     1     1     1   678     0
   820     1     2     2     4     6     8     2     0     0     0     0     1     2     0     0   528     0
   821     1     3     1     6     8     2     4     1     1     1     0     0     2     1     1   543     0
   822     1     1     2     2     4     6     8     0     1     1     0     1     2     1     0   569     0
   823     1     3     1     6     8     2     4     1     1     1     1     1     2     1     0   469     0
   824     1     3     1     6     8     2     4     0     0     0     0     1     1     1     1   578     0
   825     2     5     0     1     3     5     7     0     1     1     0     0     3     0     1   480     0
   826     1     2     2     4     6     8     2     0     1     0     0     1     3     0     0   446     0
   827     1     4     1     8     2     4     6     1     1     1     1     0     2     1     0   639     0
   828     1     4     1     8     2     4     6     1     1     1     1     0     1     0     0   392     0
   829     2     8     1     7     1     3     5     1     1     1     0     0     3     0     0   505     0
   830     1     3     1     6     8     2     4     1     0     1     0     0     3     0     1   388     0
   831     2     6     2     3     5     7     1     0     0     1     0     0     3     1     0   533     0
   832     2     6     2     3     5     7     1     1     0     1     1     1     1     1     0   504     1
   833     2     6     2     3     5     7     1     0     1     0     0     1     1     1     1   570     0
   834     2     6     2     3     5     7     1     1     0     1     1     1     1     1     1   609     0
   835     2     8     1     7     1     3     5     1     0     1     0     1     2     0     0   487     0
   836     2     7     0     5     7     1     3     1     1     1     1     1     2     0     1   529     0
   837     2     5     0     1     3     5     7     1     0     1     1     1     2     0     1   513     0
   838     2     6     2     3     5     7     1     0     1     1     0     1     2     1     1   461     0
   839     2     8     1     7     1     3     5     1     1     0     1     1     2     1     0   619     0
   840     2     8     1     7     1     3     5     1     1     1     0     0     1     0     0   431     0
   841     2     5     0     1     3     5     7     1     1     1     1     1     2     0     0   368     0
   842     2     5     0     1     3     5     7     0     0     0     1     1     1     1     1   660     0
   843     2     6     2     3     5     7     1     1     1     0     1     1     2     1     1   582     0
   844     1     3     1     6     8     2     4     0     0     0     0     0     3     1     1   666     1
   845     1     1     2     2     4     6     8     1     0     1     0     1     2     1     0   583     0
   846     1     1     2     2     4     6     8     0     1     0     0     0     1     1     1   503     0
   847     1     3     1     6     8     2     4     1     0     0     0     0     2     1     1   702     0
   848     1     3     1     6     8     2     4     1     1     0     0     0     1     0     1   476     0
   849     2     7     0     5     7     1     3     1     0     0     0     1     3     0     1   706     0
   850     2     8     1     7     1     3     5     0     1     1     0     1     2     1     1   517     0
   851     1     4     1     8     2     4     6     1     0     0     0     1     3     1     1   584     0
   852     1     4     1     8     2     4     6     0     0     1     1     0     1     1     0   629     0
   853     1     3     1     6     8     2     4     1     0     1     1     1     2     1     0   569     0
   854     1     3     1     6     8     2     4     1     0     0     1     1     1     0     0   442     0
   855     1     3     1     6     8     2     4     1     0     1     0     0     1     0     0   384     0
   856     1     3     1     6     8     2     4     0     1     0     1     0     1     1     1   552     0
   857     2     6     2     3     5     7     1     1     1     1     1     1     3     1     0   580     0
   858     2     7     0     5     7     1     3     0     1     1     1     0     2     1     0   464     0
   859     1     2     2     4     6     8     2     1     1     0     0     0     3     1     0   567     0
   860     2     7     0     5     7     1     3     1     0     1     1     1     3     0     1   467     0
   861     2     5     0     1     3     5     7     1     1     1     1     1     2     0     1   524     0
   862     2     5     0     1     3     5     7     0     0     0     1     1     1     1     1   540     0
   863     2     7     0     5     7     1     3     1     1     1     1     1     2     1     1   444     0
   864     2     7     0     5     7     1     3     0     0     0     1     1     1     1     1   818     0
   865     1     3     1     6     8     2     4     1     1     1     0     1     3     1     1   679     0
   866     1     3     1     6     8     2     4     0     1     0     1     1     1     1     0   732     0
   867     1     3     1     6     8     2     4     0     1     1     0     1     1     0     0   432     0
   868     2     8     1     7     1     3     5     0     0     1     1     0     3     0     1   550     0
   869     1     3     1     6     8     2     4     1     1     0     0     0     3     1     1   901     0
   870     1     2     2     4     6     8     2     0     1     0     1     1     2     1     0   455     0
   871     1     4     1     8     2     4     6     0     0     1     1     1     2     0     1   492     0
   872     1     4     1     8     2     4     6     1     0     0     1     0     1     1     0   570     0
   873     1     4     1     8     2     4     6     1     0     1     0     1     1     0     0   459     0
   874     1     1     2     2     4     6     8     1     1     1     1     1     2     0     1   472     0
   875     1     1     2     2     4     6     8     1     0     0     0     1     1     0     1   430     0
   876     2     8     1     7     1     3     5     1     0     1     1     1     3     0     0   487     1
   877     1     4     1     8     2     4     6     0     0     1     0     1     3     1     0   716     0
   878     1     3     1     6     8     2     4     0     0     0     0     1     2     0     0   484     0
   879     1     1     2     2     4     6     8     1     0     1     0     0     2     1     0   493     0
   880     1     1     2     2     4     6     8     1     1     1     1     1     1     0     1   388     0
   881     1     4     1     8     2     4     6     0     0     0     1     0     2     1     1   496     1
   882     1     4     1     8     2     4     6     1     0     1     0     1     1     1     0   621     0
   883     2     8     1     7     1     3     5     0     0     1     0     0     3     1     0   438     0
   884     2     8     1     7     1     3     5     0     0     1     0     0     1     0     0   422     0
   885     1     3     1     6     8     2     4     1     1     1     0     1     3     1     1   572     0
   886     1     3     1     6     8     2     4     0     0     0     1     0     1     1     1   492     0
   887     2     5     0     1     3     5     7     0     0     0     1     0     3     0     0   495     0
   888     2     5     0     1     3     5     7     1     0     1     1     0     1     1     0   474     0
   889     1     1     2     2     4     6     8     1     1     0     1     1     3     0     1   663     0
   890     1     1     2     2     4     6     8     0     1     0     1     1     1     1     0   606     1
   891     1     3     1     6     8     2     4     1     1     1     1     1     2     1     0   510     0
   892     1     3     1     6     8     2     4     0     0     0     0     1     1     1     1   480     0
   893     1     1     2     2     4     6     8     1     1     1     0     0     2     1     1   463     0
   894     1     1     2     2     4     6     8     0     1     1     1     1     1     1     0   416     0
   895     1     4     1     8     2     4     6     0     0     0     0     1     2     0     1   416     0
   896     1     2     2     4     6     8     2     0     1     0     1     0     2     0     1   481     1
