     1     1     2     2     4     6     8     2     0     1     1     1     0     0     1     0   711     0
     2     1     2     2     4     6     8     2     0     0     1     1     0     1     0     1   830     0
     3     2     6     2     3     5     7     1     0     0     0     1     1     3     0     0   505     0
     4     2     7     0     5     7     1     3     0     1     1     1     0     2     0     1  1056     0
     5     1     3     1     6     8     2     4     1     1     0     1     0     3     1     0   943     0
     6     2     8     1     7     1     3     5     0     1     1     1     1     3     1     0   571     0
     7     1     1     2     2     4     6     8     1     0     1     0     1     3     1     1   610     0
     8     1     1     2     2     4     6     8     0     1     0     1     1     1     1     1   828     0
     9     2     7     0     5     7     1     3     1     0     1     0     1     3     1     1   592     0
    10     2     5     0     1     3     5     7     0     1     0     0     0     2     1     1   582     0
    11     2     6     2     3     5     7     1     0     0     1     0     1     2     0     1   792     0
    12     2     6     2     3     5     7     1     1     1     1     1     0     1     1     1   658     0
    13     1     1     2     2     4     6     8     1     0     1     1     0     3     0     1   535     0
    14     1     1     2     2     4     6     8     1     0     1     1     1     1     0     0   617     0
    15     1     2     2     4     6     8     2     1     1     1     0     0     2     0     1   918     0
    16     1     2     2     4     6     8     2     1     1     0     0     0     1     0     0   839     1
    17     1     2     2     4     6     8     2     1     0     0     1     0     1     0     1   476     0
    18     1     2     2     4     6     8     2     0     0     0     0     1     1     1     0   678     0
    19     1     2     2     4     6     8     2     0     1     1     0     0     1     0     1   528     0
    20     1     2     2     4     6     8     2     0     0     1     1     0     1     0     1   550     0
    21     1     1     2     2     4     6     8     1     0     1     0     1     2     1     0   800     0
    22     1     1     2     2     4     6     8     1     0     1     0     1     1     0     0   728     0
    23     2     8     1     7     1     3     5     1     0     0     1     0     3     0     0   507     0
    24     2     8     1     7     1     3     5     1     1     0     0     0     1     0     1   516     0
    25     1     2     2     4     6     8     2     1     1     1     0     0     3     0     0   814     1
    26     1     2     2     4     6     8     2     0     0     1     1     0     1     1     1   632     0
    27     1     1     2     2     4     6     8     0     0     1     0     1     2     0     0   668     0
    28     1     1     2     2     4     6     8     0     1     1     0     1     1     0     1   569     0
    29     1     2     2     4     6     8     2     1     0     1     0     0     2     1     1  1009     1
    30     1     3     1     6     8     2     4     0     1     1     0     1     2     1     1   588     0
    31     2     6     2     3     5     7     1     1     1     0     0     1     3     1     0   781     0
    32     2     6     2     3     5     7     1     0     0     1     0     1     1     1     1   645     0
    33     1     3     1     6     8     2     4     0     0     0     1     0     3     0     0   595     0
    34     1     3     1     6     8     2     4     1     1     1     1     1     1     1     1   541     0
    35     1     2     2     4     6     8     2     1     1     0     0     1     2     0     0  1075     0
    36     2     5     0     1     3     5     7     1     1     1     0     1     3     0     0   613     0
    37     2     8     1     7     1     3     5     0     0     1     0     1     2     1     1   611     0
    38     2     7     0     5     7     1     3     0     1     1     0     1     2     0     1  1149     0
    39     1     2     2     4     6     8     2     1     0     1     0     0     3     1     1   855     0
    40     1     2     2     4     6     8     2     1     0     1     0     0     1     0     0   531     0
    41     2     8     1     7     1     3     5     1     0     0     1     0     3     0     0   560     0
    42     2     8     1     7     1     3     5     1     0     0     0     0     1     0     0   482     0
    43     2     7     0     5     7     1     3     0     1     0     1     0     2     1     1   945     0
    44     2     7     0     5     7     1     3     1     0     0     1     0     1     1     1   573     0
    45     1     3     1     6     8     2     4     0     0     0     0     0     3     1     0   611     0
    46     1     3     1     6     8     2     4     0     1     1     1     0     1     0     1   548     0
    47     2     6     2     3     5     7     1     0     1     0     0     0     3     0     0   584     0
    48     2     5     0     1     3     5     7     0     1     0     0     1     2     0     0   671     0
    49     2     5     0     1     3     5     7     0     1     1     0     0     1     0     0   590     0
    50     2     6     2     3     5     7     1     1     0     0     0     1     2     1     1   689     0
    51     2     7     0     5     7     1     3     0     1     0     0     0     2     1     1  1010     0
    52     2     7     0     5     7     1     3     0     1     0     0     1     1     0     0  1094     1
    53     1     3     1     6     8     2     4     1     0     0     1     0     3     1     1   619     0
    54     1     3     1     6     8     2     4     0     0     0     1     0     1     1     0   503     0
    55     2     5     0     1     3     5     7     0     0     1     1     0     3     0     0   784     1
    56     2     6     2     3     5     7     1     1     0     0     0     0     2     1     0   628     0
    57     2     5     0     1     3     5     7     1     1     1     0     0     2     0     1   546     0
    58     1     4     1     8     2     4     6     1     0     0     1     0     3     0     1   690     0
    59     2     6     2     3     5     7     1     0     1     0     1     1     3     1     1   761     0
    60     2     5     0     1     3     5     7     0     0     1     1     0     2     0     1   608     0
    61     1     3     1     6     8     2     4     0     1     1     1     0     3     0     1   532     0
    62     1     3     1     6     8     2     4     1     0     0     1     0     1     1     1   671     0
    63     1     1     2     2     4     6     8     0     1     1     1     1     2     1     1   672     0
    64     1     1     2     2     4     6     8     0     0     1     1     1     1     0     1   546     0
    65     1     4     1     8     2     4     6     0     1     0     0     0     2     0     1   486     0
    66     1     4     1     8     2     4     6     1     0     0     1     1     1     1     1   580     0
    67     1     2     2     4     6     8     2     0     0     1     0     0     2     1     0  1019     0
    68     1     1     2     2     4     6     8     1     1     0     1     1     2     1     1   762     0
    69     2     5     0     1     3     5     7     0     1     0     1     0     3     1     0   683     1
    70     2     5     0     1     3     5     7     0     1     1     1     1     1     0     0   675     0
    71     2     5     0     1     3     5     7     0     1     1     0     1     1     0     0   964     0
    72     2     5     0     1     3     5     7     0     0     0     0     0     1     0     1   660     0
    73     2     7     0     5     7     1     3     1     1     1     0     0     2     1     1   784     0
    74     2     7     0     5     7     1     3     0     0     0     1     0     1     1     1   634     0
    75     2     5     0     1     3     5     7     1     0     1     0     0     2     1     0   746     0
    76     2     5     0     1     3     5     7     1     0     0     0     0     1     0     0   854     0
    77     1     2     2     4     6     8     2     1     0     0     0     0     3     0     0   765     0
    78     2     7     0     5     7     1     3     1     0     0     0     0     3     0     0   581     0
    79     2     5     0     1     3     5     7     0     0     0     0     1     2     1     0   734     0
    80     2     5     0     1     3     5     7     1     0     1     0     0     1     1     0   813     0
    81     2     8     1     7     1     3     5     0     1     1     1     1     2     1     1   521     0
    82     2     6     2     3     5     7     1     1     1     1     1     1     2     1     0   559     0
    83     1     3     1     6     8     2     4     1     1     0     1     1     3     0     0   653     0
    84     1     3     1     6     8     2     4     1     0     0     1     0     1     0     1   477     1
    85     1     1     2     2     4     6     8     1     0     1     0     1     2     0     0   433     0
    86     1     1     2     2     4     6     8     0     1     1     0     0     1     1     1   705     0
    87     2     7     0     5     7     1     3     1     0     1     0     0     3     1     1   882     0
    88     2     7     0     5     7     1     3     0     0     0     0     0     1     1     0   595     0
    89     1     2     2     4     6     8     2     1     0     0     0     1     3     1     0   539     0
    90     1     2     2     4     6     8     2     0     0     0     1     1     1     1     0   717     0
    91     2     5     0     1     3     5     7     1     0     0     1     1     3     1     0   777     0
    92     2     5     0     1     3     5     7     1     0     1     0     1     1     0     0   708     0
    93     1     3     1     6     8     2     4     0     1     0     1     1     3     1     1   624     0
    94     1     3     1     6     8     2     4     0     0     1     0     0     1     0     1   561     0
    95     2     8     1     7     1     3     5     0     0     1     0     0     3     0     0   595     0
    96     2     8     1     7     1     3     5     0     0     0     0     0     1     0     0   488     0
    97     1     1     2     2     4     6     8     1     1     1     1     1     3     1     1   609     0
    98     1     2     2     4     6     8     2     0     1     1     0     0     2     1     0   917     0
    99     1     2     2     4     6     8     2     1     1     0     1     0     1     1     0   652     0
   100     2     5     0     1     3     5     7     1     1     1     1     0     3     0     0   551     1
   101     1     1     2     2     4     6     8     1     0     0     1     1     3     0     1   542     0
   102     1     4     1     8     2     4     6     0     1     1     0     1     2     1     1   506     0
   103     2     6     2     3     5     7     1     0     1     1     0     0     3     0     0   696     0
   104     2     6     2     3     5     7     1     1     0     1     0     0     1     1     1   549     0
   105     2     6     2     3     5     7     1     1     0     0     1     0     1     0     0   512     0
   106     2     6     2     3     5     7     1     1     1     0     0     0     1     0     1   533     0
   107     2     6     2     3     5     7     1     0     1     1     0     0     1     1     0   707     0
   108     1     3     1     6     8     2     4     0     1     0     1     1     3     0     0   633     0
   109     1     4     1     8     2     4     6     0     1     1     1     0     2     0     0   444     0
   110     2     5     0     1     3     5     7     0     1     1     1     0     3     0     0   506     0
   111     2     6     2     3     5     7     1     1     1     0     0     0     2     1     0   512     0
   112     2     6     2     3     5     7     1     0     0     1     0     1     1     1     1   508     0
   113     2     5     0     1     3     5     7     0     0     1     0     0     2     0     0   599     0
   114     2     6     2     3     5     7     1     1     0     1     1     1     2     1     0   579     0
   115     1     4     1     8     2     4     6     1     1     0     0     0     3     0     1   699     0
   116     1     4     1     8     2     4     6     1     0     0     1     1     1     0     1   565     0
   117     2     7     0     5     7     1     3     0     0     1     1     1     3     1     0   757     0
   118     2     7     0     5     7     1     3     0     1     0     1     0     1     0     1  1204     1
   119     1     2     2     4     6     8     2     0     0     0     1     1     3     0     1   501     0
   120     1     4     1     8     2     4     6     0     0     1     1     0     2     0     0   557     0
   121     2     6     2     3     5     7     1     1     0     0     1     1     3     1     0   533     0
   122     2     8     1     7     1     3     5     1     0     1     0     1     2     0     0   571     0
   123     2     8     1     7     1     3     5     1     1     0     0     1     1     0     1   509     0
   124     2     8     1     7     1     3     5     0     0     0     0     1     1     1     1   517     0
   125     2     5     0     1     3     5     7     0     0     0     1     1     2     0     0  1283     1
   126     2     5     0     1     3     5     7     0     1     0     0     1     1     0     1   491     0
   127     1     1     2     2     4     6     8     1     0     1     1     0     3     1     1   729     0
   128     2     6     2     3     5     7     1     1     1     0     1     0     3     0     1   699     0
   129     2     5     0     1     3     5     7     0     1     1     0     1     2     1     0   607     0
   130     2     5     0     1     3     5     7     0     0     0     1     0     1     0     1   615     0
   131     1     4     1     8     2     4     6     1     1     1     0     1     3     1     1   566     0
   132     1     3     1     6     8     2     4     0     1     0     0     0     2     1     0   688     0
   133     1     3     1     6     8     2     4     0     0     1     0     1     1     0     1   751     0
   134     1     4     1     8     2     4     6     1     1     0     1     1     2     1     1   588     0
   135     2     7     0     5     7     1     3     0     0     0     1     0     3     1     1   515     0
   136     2     7     0     5     7     1     3     0     1     1     0     1     1     0     1   634     0
   137     1     1     2     2     4     6     8     1     0     1     1     1     3     1     1   740     0
   138     1     1     2     2     4     6     8     1     0     0     1     1     1     0     0   511     0
   139     2     6     2     3     5     7     1     1     0     1     0     0     3     0     0   434     0
   140     2     6     2     3     5     7     1     0     1     0     0     0     1     1     1   531     0
   141     2     7     0     5     7     1     3     1     1     0     1     0     2     1     0   760     0
   142     2     7     0     5     7     1     3     1     1     1     1     0     1     0     0  1080     0
   143     1     4     1     8     2     4     6     0     1     0     0     1     3     1     0   598     0
   144     1     2     2     4     6     8     2     0     0     1     0     0     2     0     1   538     0
   145     1     4     1     8     2     4     6     1     0     0     1     0     2     1     0   751     0
   146     1     4     1     8     2     4     6     0     1     0     0     1     1     1     1   477     0
   147     2     5     0     1     3     5     7     1     0     1     1     0     3     1     1   573     0
   148     2     5     0     1     3     5     7     0     0     0     1     0     1     1     0   590     0
   149     1     4     1     8     2     4     6     0     1     0     0     1     3     0     1   491     0
   150     1     3     1     6     8     2     4     0     0     0     0     1     2     0     1   632     0
   151     2     6     2     3     5     7     1     1     0     1     0     0     3     1     0   530     0
   152     1     3     1     6     8     2     4     1     1     1     1     0     3     0     1   487     0
   153     2     6     2     3     5     7     1     0     1     1     0     1     3     1     0  1049     0
   154     2     6     2     3     5     7     1     1     1     1     0     1     1     1     0   662     0
   155     2     7     0     5     7     1     3     1     1     1     1     1     2     0     0   647     0
   156     2     8     1     7     1     3     5     0     1     0     1     1     2     1     0   602     0
   157     2     8     1     7     1     3     5     1     0     0     0     0     1     1     1   742     0
   158     1     3     1     6     8     2     4     1     1     0     0     0     3     0     1   535     0
   159     2     5     0     1     3     5     7     0     0     0     0     1     3     1     1   932     1
   160     2     5     0     1     3     5     7     0     1     0     0     0     1     0     1   470     0
   161     2     6     2     3     5     7     1     0     0     0     0     1     2     0     1   530     0
   162     2     6     2     3     5     7     1     1     1     0     0     0     1     1     1   654     0
   163     2     6     2     3     5     7     1     0     1     1     0     1     1     1     0   557     0
   164     2     6     2     3     5     7     1     0     0     1     0     0     1     0     1   656     0
   165     2     7     0     5     7     1     3     0     1     1     1     1     2     0     1   540     0
   166     2     6     2     3     5     7     1     0     0     1     1     1     2     0     1   561     0
   167     2     8     1     7     1     3     5     0     1     0     0     1     2     0     1   445     0
   168     2     8     1     7     1     3     5     0     0     1     1     1     1     0     1   622     0
   169     2     5     0     1     3     5     7     0     0     0     1     0     2     0     0   979     1
   170     1     2     2     4     6     8     2     0     1     1     0     1     3     0     1   469     0
   171     1     2     2     4     6     8     2     1     0     0     0     0     1     1     1   577     0
   172     1     3     1     6     8     2     4     0     1     0     1     1     2     1     1   474     0
   173     2     8     1     7     1     3     5     1     0     0     1     1     3     1     1   528     0
   174     1     3     1     6     8     2     4     0     0     1     0     0     3     1     0   590     0
   175     2     6     2     3     5     7     1     0     0     1     0     0     3     0     0   581     0
   176     2     7     0     5     7     1     3     0     1     1     0     1     2     0     1   542     0
   177     2     7     0     5     7     1     3     0     0     1     1     0     1     0     1   622     0
   178     2     6     2     3     5     7     1     0     0     1     0     0     2     0     0   477     0
   179     2     8     1     7     1     3     5     1     1     0     1     0     2     1     1   788     0
   180     2     8     1     7     1     3     5     1     1     0     0     0     1     0     0   709     0
   181     2     7     0     5     7     1     3     1     1     0     1     1     2     0     0  1082     0
   182     2     7     0     5     7     1     3     0     1     0     0     1     1     1     0   568     0
   183     1     4     1     8     2     4     6     1     0     1     1     1     3     1     1   532     0
   184     1     1     2     2     4     6     8     1     1     0     1     0     2     0     1   536     0
   185     1     3     1     6     8     2     4     1     0     1     1     0     2     0     1   575     0
   186     1     4     1     8     2     4     6     1     1     1     1     1     2     0     1   504     0
   187     1     1     2     2     4     6     8     1     1     0     0     0     2     0     0   543     0
   188     2     8     1     7     1     3     5     0     0     1     1     1     3     1     1   474     0
   189     2     5     0     1     3     5     7     0     1     1     1     1     2     0     1   480     0
   190     2     5     0     1     3     5     7     1     1     0     1     0     1     1     0   642     0
   191     2     6     2     3     5     7     1     0     1     1     0     1     2     1     0   649     0
   192     2     8     1     7     1     3     5     1     1     0     1     1     2     1     0   666     0
   193     2     6     2     3     5     7     1     0     0     0     0     1     2     1     1   517     0
   194     2     6     2     3     5     7     1     0     0     0     0     0     1     0     0   487     0
   195     2     5     0     1     3     5     7     0     1     0     1     0     2     0     1   488     0
   196     2     5     0     1     3     5     7     1     0     0     1     0     1     1     1  1005     0
   197     2     5     0     1     3     5     7     0     1     0     1     0     1     1     1   529     0
   198     2     5     0     1     3     5     7     1     0     0     1     0     1     1     1   587     0
   199     1     3     1     6     8     2     4     0     1     0     1     1     3     1     1   538     0
   200     1     3     1     6     8     2     4     0     0     1     1     0     1     0     1   754     1
   201     2     6     2     3     5     7     1     0     1     0     1     0     3     0     1   463     0
   202     1     1     2     2     4     6     8     0     1     0     0     0     3     0     0   956     0
   203     1     2     2     4     6     8     2     0     0     0     0     1     2     0     1   894     0
   204     1     2     2     4     6     8     2     1     1     0     0     0     1     1     1   839     0
   205     2     7     0     5     7     1     3     0     1     1     0     1     3     1     0   593     0
   206     2     7     0     5     7     1     3     1     1     1     1     1     1     1     0   466     0
   207     1     3     1     6     8     2     4     1     1     0     1     1     3     0     0   495     0
   208     1     1     2     2     4     6     8     1     0     1     0     0     2     0     1   672     0
   209     2     7     0     5     7     1     3     1     0     0     1     1     3     0     0   600     0
   210     2     7     0     5     7     1     3     1     0     1     0     1     1     0     0   484     0
   211     1     2     2     4     6     8     2     1     1     0     0     1     3     0     1   592     0
   212     2     7     0     5     7     1     3     1     0     0     1     1     3     0     1   800     1
   213     1     3     1     6     8     2     4     0     0     1     1     0     3     1     0   914     0
   214     1     3     1     6     8     2     4     1     0     1     1     0     1     1     0   894     0
   215     1     1     2     2     4     6     8     1     0     0     1     0     2     0     0   457     0
   216     1     3     1     6     8     2     4     1     1     1     1     1     2     0     1   517     0
   217     2     5     0     1     3     5     7     1     0     0     0     1     3     0     1   652     0
   218     1     4     1     8     2     4     6     1     0     0     0     1     3     0     0   598     0
   219     2     5     0     1     3     5     7     1     1     0     1     0     3     0     1   550     0
   220     2     8     1     7     1     3     5     0     0     1     1     0     2     1     1  1111     0
   221     1     2     2     4     6     8     2     0     0     1     0     1     3     0     0   784     0
   222     1     2     2     4     6     8     2     1     1     0     0     1     1     1     1   536     0
   223     2     6     2     3     5     7     1     1     1     0     1     0     3     0     0   603     0
   224     2     6     2     3     5     7     1     1     1     1     1     1     1     0     0   480     0
   225     1     3     1     6     8     2     4     1     1     0     0     0     3     0     0   536     0
   226     1     3     1     6     8     2     4     0     1     0     0     0     1     1     0   454     0
   227     2     8     1     7     1     3     5     1     0     1     1     0     3     1     1   504     0
   228     2     5     0     1     3     5     7     0     1     1     0     0     2     1     1   721     0
   229     1     2     2     4     6     8     2     1     1     0     0     1     3     1     0   531     0
   230     1     2     2     4     6     8     2     1     1     0     1     1     1     0     0   501     0
   231     2     5     0     1     3     5     7     0     0     0     0     0     3     1     1  1217     1
   232     2     5     0     1     3     5     7     0     0     1     1     1     1     0     0   562     0
   233     2     5     0     1     3     5     7     0     0     0     0     1     1     0     0   457     0
   234     2     5     0     1     3     5     7     0     0     0     0     0     1     0     0   448     0
   235     2     8     1     7     1     3     5     0     1     0     1     1     2     0     1   501     0
   236     2     6     2     3     5     7     1     0     0     0     1     0     2     0     1   521     0
   237     1     3     1     6     8     2     4     1     0     0     1     1     3     1     0   671     0
   238     1     3     1     6     8     2     4     1     0     1     1     1     1     0     0   497     1
   239     2     8     1     7     1     3     5     0     0     0     0     0     3     1     0   519     0
   240     1     1     2     2     4     6     8     1     0     0     1     1     3     1     0   464     0
   241     2     5     0     1     3     5     7     1     0     0     0     0     3     0     0   515     0
   242     2     7     0     5     7     1     3     0     1     1     1     0     2     1     1   907     0
   243     2     6     2     3     5     7     1     1     0     0     0     1     2     1     1   516     0
   244     2     6     2     3     5     7     1     1     0     1     0     1     1     0     0   408     0
   245     1     4     1     8     2     4     6     1     1     1     1     1     3     0     1   510     0
   246     1     4     1     8     2     4     6     1     1     0     0     1     1     0     0   558     0
   247     2     5     0     1     3     5     7     0     0     0     1     1     3     1     1  1204     1
   248     2     5     0     1     3     5     7     0     0     0     1     0     1     0     0  1000     0
   249     2     7     0     5     7     1     3     1     0     1     0     1     2     1     0   740     0
   250     2     7     0     5     7     1     3     1     0     1     1     0     1     0     0   650     0
   251     2     6     2     3     5     7     1     1     0     0     1     1     2     0     0   682     0
   252     2     7     0     5     7     1     3     0     1     1     1     1     2     1     1   813     0
   253     2     5     0     1     3     5     7     1     0     1     1     1     2     1     1   745     0
   254     2     5     0     1     3     5     7     0     0     1     0     1     1     1     0  1229     0
   255     2     8     1     7     1     3     5     0     0     0     0     0     2     0     0   552     0
   256     2     8     1     7     1     3     5     0     0     1     0     1     1     0     0   480     0
   257     1     3     1     6     8     2     4     0     0     0     1     0     3     0     0   560     0
   258     2     6     2     3     5     7     1     0     1     1     1     1     3     0     1   539     0
   259     2     5     0     1     3     5     7     1     0     1     0     1     2     1     1   907     0
   260     1     4     1     8     2     4     6     0     1     1     1     1     3     1     1   501     0
   261     2     6     2     3     5     7     1     0     1     0     1     1     3     0     0   505     0
   262     1     3     1     6     8     2     4     1     1     0     1     0     3     1     0   709     0
   263     2     5     0     1     3     5     7     0     1     1     0     0     3     1     0   667     0
   264     1     2     2     4     6     8     2     1     1     1     1     1     3     1     0   540     0
   265     1     1     2     2     4     6     8     0     0     0     1     0     2     1     1   712     0
   266     1     1     2     2     4     6     8     1     0     1     0     0     1     1     0   757     0
   267     2     8     1     7     1     3     5     1     1     1     1     0     3     0     1   616     0
   268     2     8     1     7     1     3     5     1     1     0     1     0     1     0     0   460     0
   269     1     4     1     8     2     4     6     1     0     1     0     1     3     0     1   600     0
   270     1     4     1     8     2     4     6     1     0     0     1     0     1     0     0   786     0
   271     2     7     0     5     7     1     3     1     0     0     0     1     3     0     0   498     0
   272     2     7     0     5     7     1     3     0     0     1     1     1     1     1     0   521     1
   273     2     8     1     7     1     3     5     1     1     1     1     0     2     1     1   607     0
   274     2     8     1     7     1     3     5     1     0     1     0     1     1     0     1   742     0
   275     2     6     2     3     5     7     1     1     1     1     0     1     2     0     1   528     0
   276     2     6     2     3     5     7     1     0     0     0     0     0     1     1     1   504     0
   277     2     6     2     3     5     7     1     1     0     1     0     1     1     1     0   445     0
   278     1     3     1     6     8     2     4     1     0     1     1     0     3     0     0   500     0
   279     2     8     1     7     1     3     5     1     0     0     1     0     3     0     0   500     0
   280     2     8     1     7     1     3     5     1     1     0     1     1     1     0     1   535     0
   281     2     8     1     7     1     3     5     0     1     0     0     1     1     1     0   623     0
   282     2     8     1     7     1     3     5     1     1     1     1     0     1     1     0   498     0
   283     2     7     0     5     7     1     3     1     1     1     0     1     2     0     0   608     0
   284     2     7     0     5     7     1     3     0     1     0     0     0     1     1     0  1092     0
   285     1     2     2     4     6     8     2     0     1     1     0     0     3     0     0   538     0
   286     2     5     0     1     3     5     7     0     1     0     1     1     3     0     0   586     0
   287     2     5     0     1     3     5     7     1     1     0     1     1     1     1     0   608     0
   288     2     6     2     3     5     7     1     1     0     0     1     0     2     0     1   612     0
   289     1     4     1     8     2     4     6     1     1     1     0     0     3     0     1   921     1
   290     1     4     1     8     2     4     6     0     0     1     0     0     1     1     1   745     0
   291     2     7     0     5     7     1     3     0     0     1     0     0     3     0     0   507     0
   292     2     5     0     1     3     5     7     0     1     1     1     0     2     0     1   623     1
   293     1     3     1     6     8     2     4     0     0     1     1     1     3     0     1   496     0
   294     2     6     2     3     5     7     1     0     0     0     0     1     3     0     0   535     0
   295     1     1     2     2     4     6     8     0     1     0     1     0     3     0     1   476     0
   296     1     1     2     2     4     6     8     0     1     0     0     1     1     0     0   500     0
   297     1     2     2     4     6     8     2     1     0     1     0     0     2     1     1   620     0
   298     1     2     2     4     6     8     2     1     1     1     1     1     1     0     1   488     0
   299     1     3     1     6     8     2     4     1     0     0     0     0     2     0     1   578     0
   300     1     3     1     6     8     2     4     0     1     0     0     0     1     1     1   474     0
   301     1     4     1     8     2     4     6     1     1     0     1     0     2     1     0   700     0
   302     1     4     1     8     2     4     6     1     1     1     0     1     1     0     0   497     0
   303     2     7     0     5     7     1     3     0     0     0     1     0     3     1     1   686     0
   304     2     7     0     5     7     1     3     0     1     1     1     1     1     0     1   694     0
   305     1     1     2     2     4     6     8     0     1     1     0     1     3     0     0   502     0
   306     1     1     2     2     4     6     8     0     1     0     1     1     1     0     0   497     0
   307     1     2     2     4     6     8     2     1     1     1     0     0     2     1     0   850     0
   308     1     2     2     4     6     8     2     0     1     0     1     1     1     1     0   539     0
   309     1     2     2     4     6     8     2     1     0     0     1     1     1     1     1   466     0
   310     1     2     2     4     6     8     2     1     1     0     0     1     1     0     1   488     0
   311     1     1     2     2     4     6     8     0     0     0     1     0     2     1     1  1126     0
   312     1     3     1     6     8     2     4     0     1     0     1     1     2     0     1   523     0
   313     1     4     1     8     2     4     6     1     0     1     1     0     2     1     1   663     0
   314     1     4     1     8     2     4     6     0     1     0     1     0     1     1     1   479     0
   315     2     8     1     7     1     3     5     1     0     0     0     0     3     1     1   556     0
   316     2     8     1     7     1     3     5     0     1     0     1     1     1     1     1   418     0
   317     2     7     0     5     7     1     3     1     1     1     0     0     2     1     0   578     0
   318     1     2     2     4     6     8     2     1     0     1     0     1     3     0     1   513     0
   319     1     2     2     4     6     8     2     0     1     1     0     1     1     1     1   760     0
   320     1     3     1     6     8     2     4     1     0     1     1     0     2     1     1   555     0
   321     1     4     1     8     2     4     6     1     0     0     1     1     2     0     0   639     0
   322     1     4     1     8     2     4     6     1     1     1     0     1     1     0     1   411     0
   323     1     1     2     2     4     6     8     0     1     0     1     1     2     1     0   581     0
   324     1     4     1     8     2     4     6     0     1     1     1     1     2     0     0   562     0
   325     1     1     2     2     4     6     8     0     0     1     0     1     2     0     1   513     0
   326     1     1     2     2     4     6     8     0     0     0     0     0     1     0     0   450     0
   327     2     8     1     7     1     3     5     1     0     1     1     0     3     1     0   401     1
   328     1     1     2     2     4     6     8     0     1     0     0     0     3     1     1   592     0
   329     2     8     1     7     1     3     5     0     1     1     0     0     3     0     0   699     0
   330     2     5     0     1     3     5     7     0     1     1     1     1     2     0     0   512     0
   331     2     5     0     1     3     5     7     0     0     0     1     1     1     0     1   524     0
   332     2     6     2     3     5     7     1     1     1     0     0     1     2     1     1   565     0
   333     1     4     1     8     2     4     6     0     1     1     0     0     3     1     0   432     0
   334     1     4     1     8     2     4     6     1     1     1     0     0     1     1     0   530     0
   335     1     2     2     4     6     8     2     1     0     1     0     0     2     0     1   503     0
   336     1     2     2     4     6     8     2     0     1     0     0     0     1     1     1   960     0
   337     1     4     1     8     2     4     6     1     1     0     1     0     2     1     0   480     0
   338     1     4     1     8     2     4     6     1     1     1     1     0     1     0     0   411     0
   339     1     3     1     6     8     2     4     1     0     1     0     0     2     0     1   640     1
   340     1     3     1     6     8     2     4     1     0     1     0     1     1     0     0   656     0
   341     1     4     1     8     2     4     6     0     1     0     0     0     2     1     1   679     0
   342     1     4     1     8     2     4     6     1     0     0     1     1     1     1     1   538     0
   343     1     3     1     6     8     2     4     1     0     1     1     1     2     0     0   495     0
   344     1     2     2     4     6     8     2     0     1     1     0     1     2     1     1   678     0
   345     1     2     2     4     6     8     2     0     0     0     1     0     1     0     1   646     0
   346     1     2     2     4     6     8     2     0     0     0     0     0     1     0     0   534     0
   347     2     8     1     7     1     3     5     1     1     1     0     0     3     1     1   478     0
   348     2     6     2     3     5     7     1     0     1     1     0     1     2     1     0   580     0
   349     2     7     0     5     7     1     3     0     1     1     1     1     2     0     0   742     0
   350     2     7     0     5     7     1     3     1     1     1     0     1     1     1     0   661     0
   351     2     7     0     5     7     1     3     1     1     0     0     1     1     0     0   583     0
   352     2     7     0     5     7     1     3     0     1     0     0     0     1     1     0   959     1
   353     1     3     1     6     8     2     4     0     0     1     1     1     3     0     1   527     0
   354     1     3     1     6     8     2     4     1     1     0     0     0     1     1     1   626     0
   355     2     6     2     3     5     7     1     1     1     0     1     0     3     0     0   499     0
   356     2     6     2     3     5     7     1     1     1     1     1     1     1     0     0   410     0
   357     2     5     0     1     3     5     7     1     1     1     1     0     2     0     0   497     0
   358     2     6     2     3     5     7     1     0     1     1     0     0     2     1     0   578     0
   359     1     1     2     2     4     6     8     1     0     1     1     1     3     1     1   579     0
   360     1     1     2     2     4     6     8     1     0     1     0     0     1     0     0   463     0
   361     1     2     2     4     6     8     2     0     1     0     0     1     2     1     1   708     0
   362     1     2     2     4     6     8     2     0     1     0     1     0     1     0     0   717     1
   363     2     7     0     5     7     1     3     1     1     0     0     1     3     1     0   511     0
   364     2     7     0     5     7     1     3     0     1     0     1     0     1     1     0   810     0
   365     2     6     2     3     5     7     1     1     1     0     1     1     2     1     0   505     0
   366     2     6     2     3     5     7     1     0     1     0     0     1     1     1     0   469     0
   367     2     7     0     5     7     1     3     0     1     1     1     1     2     0     0   470     0
   368     2     8     1     7     1     3     5     1     1     0     0     0     2     1     0   568     0
   369     2     7     0     5     7     1     3     0     1     0     1     0     2     1     0   653     0
   370     2     7     0     5     7     1     3     1     0     0     1     0     1     1     1   609     0
   371     1     3     1     6     8     2     4     0     1     0     0     0     3     1     1   494     0
   372     1     3     1     6     8     2     4     0     1     0     1     0     1     0     0   402     0
   373     1     4     1     8     2     4     6     1     1     0     0     1     2     1     0   829     0
   374     1     1     2     2     4     6     8     0     1     0     0     1     2     1     0   629     0
   375     1     3     1     6     8     2     4     1     0     0     1     0     2     1     1   536     1
   376     1     1     2     2     4     6     8     1     0     1     0     1     2     0     0   463     0
   377     2     8     1     7     1     3     5     0     0     1     0     0     3     1     0   692     1
   378     1     1     2     2     4     6     8     1     1     0     1     0     3     1     1   475     0
   379     2     6     2     3     5     7     1     0     1     1     1     1     3     1     0   526     0
   380     2     6     2     3     5     7     1     0     0     1     0     1     1     0     1   465     0
   381     2     6     2     3     5     7     1     0     1     1     1     0     1     0     1   470     0
   382     1     1     2     2     4     6     8     0     1     1     0     0     3     0     0   499     0
   383     1     3     1     6     8     2     4     0     0     0     1     1     2     0     1   495     0
   384     2     8     1     7     1     3     5     1     1     0     0     0     3     1     1   497     0
   385     2     7     0     5     7     1     3     0     1     0     1     0     2     1     0   606     0
   386     2     7     0     5     7     1     3     0     0     0     0     1     1     0     1   492     0
   387     2     6     2     3     5     7     1     0     1     0     1     1     2     0     1   469     0
   388     2     7     0     5     7     1     3     0     1     0     1     1     2     0     0   620     0
   389     1     2     2     4     6     8     2     1     0     1     1     1     3     1     1   649     0
   390     1     2     2     4     6     8     2     0     1     1     0     0     1     1     1   564     0
   391     1     4     1     8     2     4     6     1     0     0     1     0     2     1     1   784     0
   392     1     3     1     6     8     2     4     1     1     1     0     1     2     0     1   622     0
   393     2     7     0     5     7     1     3     0     0     0     0     0     3     1     1   614     0
   394     2     7     0     5     7     1     3     1     1     1     1     0     1     1     1   533     0
   395     1     2     2     4     6     8     2     0     1     1     1     0     3     1     0   611     0
   396     1     2     2     4     6     8     2     1     0     0     1     1     1     1     1   550     0
   397     2     7     0     5     7     1     3     1     1     1     0     1     3     0     1   623     0
   398     1     4     1     8     2     4     6     0     1     0     0     1     3     1     0   549     0
   399     1     1     2     2     4     6     8     1     0     1     0     1     2     1     1   678     0
   400     1     2     2     4     6     8     2     0     1     1     1     0     2     1     1   741     0
   401     2     6     2     3     5     7     1     0     1     1     1     0     3     0     0   421     0
   402     2     6     2     3     5     7     1     1     0     0     0     1     1     1     1   561     0
   403     1     3     1     6     8     2     4     0     0     1     1     0     3     1     0   352     1
   404     2     6     2     3     5     7     1     0     1     1     1     0     3     0     1   471     0
   405     1     1     2     2     4     6     8     1     1     0     0     1     3     1     0   600     0
   406     1     1     2     2     4     6     8     0     1     0     0     0     1     1     0   507     0
   407     2     7     0     5     7     1     3     0     0     0     1     1     3     0     1   572     0
   408     2     7     0     5     7     1     3     1     0     0     0     0     1     1     0   540     0
   409     2     6     2     3     5     7     1     1     1     0     0     0     2     0     1   521     0
   410     2     6     2     3     5     7     1     0     1     1     0     1     1     1     0   536     0
   411     2     6     2     3     5     7     1     0     1     0     1     0     1     0     0   472     0
   412     2     6     2     3     5     7     1     0     1     1     0     0     1     0     0   418     0
   413     2     8     1     7     1     3     5     1     1     0     0     1     2     1     0   505     0
   414     2     8     1     7     1     3     5     1     0     1     1     0     1     0     1   551     0
   415     2     5     0     1     3     5     7     1     0     0     1     1     2     0     0   772     0
   416     1     4     1     8     2     4     6     1     0     1     1     1     3     0     0   686     0
   417     1     4     1     8     2     4     6     0     0     0     1     1     1     1     0   553     0
   418     1     1     2     2     4     6     8     1     0     0     1     0     2     1     0   579     0
   419     1     2     2     4     6     8     2     1     0     0     0     0     2     0     0   449     0
   420     1     2     2     4     6     8     2     1     0     0     1     1     1     0     0   508     0
   421     2     8     1     7     1     3     5     1     1     1     0     1     3     0     1   545     0
   422     2     8     1     7     1     3     5     0     0     0     0     0     1     1     1   985     0
   423     2     6     2     3     5     7     1     0     0     1     1     1     2     0     0   485     0
   424     2     6     2     3     5     7     1     1     1     0     1     0     1     1     1   540     0
   425     1     2     2     4     6     8     2     1     1     0     1     0     3     0     0   576     0
   426     1     2     2     4     6     8     2     1     0     1     0     0     1     0     1   541     0
   427     1     1     2     2     4     6     8     0     0     0     1     1     2     1     0   581     0
   428     1     4     1     8     2     4     6     1     0     1     0     0     2     1     0   623     0
   429     2     8     1     7     1     3     5     0     0     1     0     0     3     1     0   501     0
   430     2     8     1     7     1     3     5     1     0     1     1     1     1     1     0   724     0
   431     1     4     1     8     2     4     6     0     1     1     0     0     3     1     1  1003     1
   432     1     4     1     8     2     4     6     0     1     1     0     0     1     0     0   533     0
   433     1     3     1     6     8     2     4     1     0     1     1     1     2     1     1  1086     0
   434     1     3     1     6     8     2     4     1     0     1     1     0     1     0     0   611     0
   435     1     3     1     6     8     2     4     1     0     1     0     0     1     0     0   471     0
   436     1     3     1     6     8     2     4     1     1     0     1     1     1     0     1   584     0
   437     2     8     1     7     1     3     5     1     1     0     1     1     3     0     0   467     0
   438     2     5     0     1     3     5     7     1     1     1     0     0     2     0     0   435     0
   439     1     1     2     2     4     6     8     1     0     0     1     1     3     0     1   578     0
   440     1     1     2     2     4     6     8     0     0     0     1     0     1     1     0   824     0
   441     1     3     1     6     8     2     4     0     1     1     0     1     2     0     1   656     0
   442     1     2     2     4     6     8     2     1     0     0     0     1     2     1     1   627     0
   443     2     7     0     5     7     1     3     1     0     0     0     1     3     0     0   478     0
   444     1     2     2     4     6     8     2     0     0     1     1     0     3     1     0   562     0
   445     1     3     1     6     8     2     4     1     0     0     1     1     2     1     0   579     0
   446     1     3     1     6     8     2     4     1     1     1     0     1     1     0     1   465     0
   447     2     6     2     3     5     7     1     1     1     0     0     1     3     0     0   589     0
   448     2     6     2     3     5     7     1     0     1     1     1     0     1     1     0   608     0
   449     2     7     0     5     7     1     3     1     1     0     1     0     2     1     0   703     0
   450     1     4     1     8     2     4     6     0     0     1     0     0     3     1     1   488     0
   451     2     7     0     5     7     1     3     1     0     1     1     1     3     1     0   519     0
   452     2     8     1     7     1     3     5     1     0     1     1     1     2     0     0   468     0
   453     1     4     1     8     2     4     6     0     0     1     0     1     3     1     0   653     0
   454     1     4     1     8     2     4     6     1     1     0     1     0     1     1     1   523     0
   455     1     1     2     2     4     6     8     0     0     0     0     0     2     1     1   703     0
   456     1     1     2     2     4     6     8     0     1     1     1     0     1     0     1   579     0
   457     1     4     1     8     2     4     6     0     0     0     1     0     2     0     1   529     0
   458     1     4     1     8     2     4     6     0     0     0     1     0     1     0     0   453     0
   459     1     4     1     8     2     4     6     0     0     0     1     0     1     0     0   401     0
   460     1     1     2     2     4     6     8     1     0     0     0     0     2     1     0   514     0
   461     1     2     2     4     6     8     2     1     0     0     0     1     2     0     0   463     0
   462     1     3     1     6     8     2     4     1     0     1     1     1     2     0     0   488     0
   463     1     2     2     4     6     8     2     1     1     1     1     0     2     0     1   485     0
   464     1     3     1     6     8     2     4     1     0     0     0     0     2     0     1   453     0
   465     1     3     1     6     8     2     4     0     0     0     0     0     1     1     0   590     0
   466     1     2     2     4     6     8     2     1     1     0     0     0     2     1     1   504     0
   467     2     5     0     1     3     5     7     1     0     0     1     0     3     0     1   717     0
   468     2     5     0     1     3     5     7     0     0     0     1     0     1     1     0   750     0
   469     1     2     2     4     6     8     2     0     0     0     1     1     3     0     0   548     0
   470     1     2     2     4     6     8     2     0     1     0     0     1     1     0     1   634     0
   471     1     3     1     6     8     2     4     1     1     0     1     0     2     1     0   699     0
   472     1     3     1     6     8     2     4     1     1     1     1     0     1     0     0   630     0
   473     1     4     1     8     2     4     6     1     0     1     0     1     2     0     1   750     0
   474     1     4     1     8     2     4     6     1     1     1     1     0     1     0     1   490     0
   475     1     2     2     4     6     8     2     1     0     0     0     1     2     0     1   491     0
   476     1     3     1     6     8     2     4     1     1     1     0     1     2     0     1   639     0
   477     1     2     2     4     6     8     2     0     1     0     0     1     2     1     0   659     0
   478     1     2     2     4     6     8     2     0     0     0     0     0     1     0     1   815     0
   479     1     4     1     8     2     4     6     0     0     1     1     1     2     0     0   553     0
   480     1     4     1     8     2     4     6     0     0     1     1     1     1     0     0   555     0
   481     2     5     0     1     3     5     7     1     0     0     0     0     3     1     0   934     0
   482     2     8     1     7     1     3     5     1     1     1     0     0     2     0     1   612     0
   483     2     8     1     7     1     3     5     1     0     1     0     0     1     0     1   625     0
   484     2     8     1     7     1     3     5     0     0     0     1     0     1     1     0   828     0
   485     1     4     1     8     2     4     6     1     1     1     0     0     3     1     1   576     0
   486     1     4     1     8     2     4     6     1     0     0     0     0     1     0     1  1019     0
   487     2     7     0     5     7     1     3     1     0     0     0     1     3     0     0   526     0
   488     2     6     2     3     5     7     1     1     0     1     0     1     2     0     0   458     0
   489     1     1     2     2     4     6     8     1     1     1     1     1     3     0     1   604     0
   490     2     6     2     3     5     7     1     1     0     0     0     0     3     0     1   519     0
   491     1     2     2     4     6     8     2     0     1     1     0     1     3     1     1  1175     0
   492     1     3     1     6     8     2     4     0     0     1     1     0     2     0     1   674     0
   493     1     3     1     6     8     2     4     1     1     1     1     1     1     1     1   589     0
   494     1     3     1     6     8     2     4     1     0     0     1     1     1     0     1   494     0
   495     1     1     2     2     4     6     8     1     1     1     1     1     2     0     1   496     0
   496     1     4     1     8     2     4     6     1     1     0     1     0     2     0     0   551     0
   497     2     5     0     1     3     5     7     1     0     1     1     0     3     0     1   591     0
   498     2     5     0     1     3     5     7     1     1     1     0     0     1     0     1   467     0
   499     2     5     0     1     3     5     7     0     0     1     0     1     1     1     1   806     0
   500     2     6     2     3     5     7     1     0     1     1     0     1     2     0     1   575     0
   501     1     3     1     6     8     2     4     0     0     0     0     0     3     0     1   861     0
   502     2     8     1     7     1     3     5     1     0     1     1     1     3     1     0   458     0
   503     1     2     2     4     6     8     2     1     0     1     1     1     3     0     0   565     0
   504     1     4     1     8     2     4     6     0     0     1     0     1     2     1     0   690     0
   505     2     7     0     5     7     1     3     0     0     0     0     0     3     0     0   465     0
   506     2     8     1     7     1     3     5     0     0     0     1     1     2     0     0   443     0
   507     1     1     2     2     4     6     8     0     0     1     1     0     3     0     0   469     0
   508     1     2     2     4     6     8     2     0     1     0     1     1     2     0     1   811     0
   509     1     1     2     2     4     6     8     1     1     1     1     0     2     1     0   595     0
   510     1     1     2     2     4     6     8     0     0     1     1     1     1     1     1   470     0
   511     2     7     0     5     7     1     3     1     0     1     1     1     3     1     0   550     0
   512     2     7     0     5     7     1     3     1     0     1     1     1     1     0     0   510     0
   513     1     3     1     6     8     2     4     0     0     1     1     0     3     1     0   519     0
   514     1     4     1     8     2     4     6     0     1     1     0     0     2     0     1   629     0
   515     1     4     1     8     2     4     6     1     1     1     1     1     1     1     0   598     0
   516     2     7     0     5     7     1     3     0     0     1     1     1     3     1     1   516     0
   517     2     5     0     1     3     5     7     1     1     1     1     1     2     1     1   517     0
   518     2     5     0     1     3     5     7     0     1     0     1     1     1     1     0   537     0
   519     2     7     0     5     7     1     3     1     1     0     0     0     2     1     0   804     1
   520     2     7     0     5     7     1     3     0     0     1     0     0     1     1     1   539     0
   521     1     3     1     6     8     2     4     1     1     1     0     1     3     1     1   534     0
   522     1     4     1     8     2     4     6     1     0     0     1     1     2     0     1   539     0
   523     2     8     1     7     1     3     5     0     0     0     0     0     3     1     0   849     0
   524     2     8     1     7     1     3     5     0     1     0     1     1     1     0     1   549     0
   525     2     7     0     5     7     1     3     1     0     1     1     0     2     1     1   509     1
   526     2     7     0     5     7     1     3     0     0     0     0     1     1     1     0   656     0
   527     1     2     2     4     6     8     2     0     1     0     0     1     3     0     1   467     0
   528     1     2     2     4     6     8     2     0     0     1     0     1     1     0     1   466     0
   529     2     8     1     7     1     3     5     1     0     0     0     0     3     1     0   804     0
   530     2     8     1     7     1     3     5     0     1     1     1     1     1     1     1   428     0
   531     1     2     2     4     6     8     2     0     0     0     1     1     3     0     1   381     0
   532     1     1     2     2     4     6     8     1     1     1     0     0     2     1     1   550     0
   533     2     8     1     7     1     3     5     0     1     0     1     1     3     1     0   464     0
   534     2     7     0     5     7     1     3     0     0     1     1     0     2     0     1   523     0
   535     2     5     0     1     3     5     7     0     1     1     1     0     2     0     1   521     0
   536     1     2     2     4     6     8     2     1     0     0     0     1     3     1     1   450     0
   537     2     6     2     3     5     7     1     1     0     0     0     0     3     0     0   447     0
   538     2     7     0     5     7     1     3     0     1     1     1     1     2     1     1   585     0
   539     1     2     2     4     6     8     2     0     1     1     1     1     3     0     0   475     0
   540     1     2     2     4     6     8     2     0     0     1     1     0     1     0     1   485     0
   541     1     3     1     6     8     2     4     0     0     1     0     1     2     0     0   458     0
   542     1     3     1     6     8     2     4     1     1     1     0     1     1     1     1   435     0
   543     2     5     0     1     3     5     7     1     0     0     0     1     3     0     1   655     0
   544     2     5     0     1     3     5     7     1     0     1     0     0     1     0     0   427     0
   545     2     7     0     5     7     1     3     1     1     1     1     1     2     0     1   377     0
   546     1     2     2     4     6     8     2     0     1     0     1     0     3     1     0   673     0
   547     1     3     1     6     8     2     4     1     1     0     1     0     2     1     0   601     0
   548     1     3     1     6     8     2     4     0     1     0     0     1     1     1     0   587     0
   549     1     2     2     4     6     8     2     1     1     1     0     0     2     1     0   484     0
   550     1     2     2     4     6     8     2     1     0     1     0     1     1     0     1   457     0
   551     2     7     0     5     7     1     3     0     0     1     0     0     3     1     0   529     0
   552     2     7     0     5     7     1     3     0     0     1     1     0     1     0     0   527     0
   553     2     6     2     3     5     7     1     0     0     1     0     1     2     0     0   569     0
   554     2     6     2     3     5     7     1     1     0     1     1     0     1     1     0   451     0
   555     1     1     2     2     4     6     8     0     0     0     1     1     3     1     0   494     0
   556     1     1     2     2     4     6     8     0     0     0     1     0     1     0     0   485     0
   557     2     8     1     7     1     3     5     0     1     0     1     1     3     0     1   494     0
   558     1     3     1     6     8     2     4     0     0     1     0     0     3     0     1   511     1
   559     1     1     2     2     4     6     8     0     0     0     1     0     2     0     0   376     0
   560     1     3     1     6     8     2     4     0     1     1     1     1     2     0     1   434     0
   561     1     1     2     2     4     6     8     1     0     0     0     1     2     1     1   432     0
   562     1     1     2     2     4     6     8     0     1     1     0     0     1     1     1   491     0
   563     1     2     2     4     6     8     2     1     1     0     1     1     2     1     0   557     1
   564     1     2     2     4     6     8     2     0     1     0     0     0     1     1     0   626     0
   565     1     1     2     2     4     6     8     1     0     1     1     1     2     1     1   459     0
   566     1     1     2     2     4     6     8     0     1     1     0     0     1     1     1   566     0
   567     1     4     1     8     2     4     6     0     0     1     1     0     2     0     1   434     0
   568     1     4     1     8     2     4     6     1     0     1     1     1     1     1     0   572     0
   569     2     6     2     3     5     7     1     1     1     1     1     0     3     0     1   448     0
   570     2     6     2     3     5     7     1     0     0     0     0     1     1     1     1   470     0
   571     1     1     2     2     4     6     8     1     1     1     0     0     3     1     1   524     0
   572     2     8     1     7     1     3     5     1     1     0     0     0     3     0     0   528     0
   573     2     5     0     1     3     5     7     0     0     0     0     1     2     1     1   822     0
   574     2     6     2     3     5     7     1     0     1     0     0     0     2     0     1   570     0
   575     1     4     1     8     2     4     6     0     0     1     0     0     3     0     1   613     0
   576     2     7     0     5     7     1     3     0     1     1     0     1     3     0     1   586     0
   577     1     2     2     4     6     8     2     0     1     0     1     0     3     0     0   494     0
   578     2     7     0     5     7     1     3     0     1     0     0     1     3     0     0   558     0
   579     1     3     1     6     8     2     4     0     1     1     1     0     3     0     0   352     0
   580     1     3     1     6     8     2     4     0     0     0     0     1     1     0     1   437     0
   581     2     6     2     3     5     7     1     0     1     0     1     0     3     0     1   422     0
   582     2     8     1     7     1     3     5     0     1     0     0     0     2     0     0   495     0
   583     2     8     1     7     1     3     5     1     1     0     0     0     1     1     0   558     0
   584     2     7     0     5     7     1     3     1     0     1     0     1     2     0     1   666     0
   585     2     6     2     3     5     7     1     0     0     1     0     0     2     1     0   525     0
   586     1     1     2     2     4     6     8     1     1     1     0     1     3     1     1   683     0
   587     2     6     2     3     5     7     1     0     0     0     1     0     3     1     1   420     0
   588     2     6     2     3     5     7     1     0     0     1     1     1     1     0     0   455     0
   589     2     5     0     1     3     5     7     1     1     0     1     0     2     1     1   745     0
   590     2     5     0     1     3     5     7     1     0     1     0     0     1     0     1   537     0
   591     2     7     0     5     7     1     3     1     0     1     1     1     2     0     0   757     0
   592     1     4     1     8     2     4     6     0     1     1     0     0     3     1     1   490     0
   593     1     3     1     6     8     2     4     0     1     0     0     1     2     0     0   573     0
   594     2     6     2     3     5     7     1     1     1     1     1     0     3     1     0   535     0
   595     1     3     1     6     8     2     4     1     0     1     1     1     3     0     1   398     1
   596     1     4     1     8     2     4     6     1     1     1     0     1     2     0     1   527     0
   597     1     4     1     8     2     4     6     0     1     1     1     1     1     1     0   569     0
   598     1     2     2     4     6     8     2     1     1     1     1     1     2     1     0   499     0
   599     2     8     1     7     1     3     5     0     1     1     1     1     3     1     0   379     0
   600     2     8     1     7     1     3     5     1     1     1     0     0     1     1     0   501     0
   601     2     5     0     1     3     5     7     0     1     1     1     0     2     1     0   880     0
   602     2     5     0     1     3     5     7     0     0     1     1     0     1     0     1   569     0
   603     1     2     2     4     6     8     2     1     1     1     0     0     3     1     1   698     0
   604     1     2     2     4     6     8     2     1     1     1     0     1     1     0     0   460     0
   605     2     7     0     5     7     1     3     1     1     0     0     1     3     0     0   557     0
   606     2     5     0     1     3     5     7     0     0     0     0     0     2     1     1   557     0
   607     2     5     0     1     3     5     7     0     0     1     1     0     1     0     0   521     0
   608     2     5     0     1     3     5     7     0     0     0     0     1     1     0     0   617     0
   609     2     8     1     7     1     3     5     0     1     0     1     0     2     0     1   500     0
   610     2     5     0     1     3     5     7     0     1     0     1     1     2     0     0   465     0
   611     2     7     0     5     7     1     3     0     1     1     0     1     2     0     0   597     0
   612     2     7     0     5     7     1     3     0     0     1     1     1     1     0     1   533     0
   613     2     6     2     3     5     7     1     0     1     0     0     0     2     0     1   499     0
   614     2     7     0     5     7     1     3     1     0     0     1     1     2     1     1   606     0
   615     1     3     1     6     8     2     4     0     0     1     1     0     3     1     0   409     1
   616     1     3     1     6     8     2     4     0     1     0     0     0     1     0     1   554     0
   617     2     5     0     1     3     5     7     0     0     1     0     1     3     0     1   531     0
   618     2     8     1     7     1     3     5     1     1     1     1     0     2     1     1   632     0
   619     2     5     0     1     3     5     7     1     0     1     0     1     2     0     1   665     0
   620     2     5     0     1     3     5     7     1     0     1     1     0     1     0     0   551     0
   621     2     7     0     5     7     1     3     1     0     1     0     1     2     0     0   480     0
   622     2     8     1     7     1     3     5     1     0     1     0     1     2     0     0   452     0
   623     2     5     0     1     3     5     7     1     0     0     0     0     2     0     0   355     0
   624     2     8     1     7     1     3     5     1     0     0     1     1     2     0     0   439     0
   625     1     4     1     8     2     4     6     1     1     1     0     1     3     0     1   505     0
   626     2     7     0     5     7     1     3     0     0     0     1     0     3     1     1   653     0
   627     1     1     2     2     4     6     8     0     0     0     1     0     3     0     0   469     0
   628     1     1     2     2     4     6     8     1     0     1     1     0     1     1     0   394     0
   629     1     1     2     2     4     6     8     0     0     1     1     0     1     1     0   423     0
   630     1     1     2     2     4     6     8     0     1     0     1     1     1     0     1  1000     0
   631     2     7     0     5     7     1     3     0     1     0     0     0     3     0     0   502     0
   632     1     4     1     8     2     4     6     1     0     0     1     0     3     1     1   499     0
   633     2     6     2     3     5     7     1     0     0     0     0     0     3     1     0   410     0
   634     2     7     0     5     7     1     3     1     1     0     1     1     2     1     1   622     0
   635     1     3     1     6     8     2     4     0     1     0     1     1     3     1     0   629     0
   636     1     1     2     2     4     6     8     1     1     1     1     1     2     1     0   492     0
   637     1     4     1     8     2     4     6     0     1     1     0     1     2     1     0   474     0
   638     1     1     2     2     4     6     8     1     1     1     1     0     2     1     0   492     0
   639     1     1     2     2     4     6     8     1     0     0     0     1     1     0     1   602     0
   640     2     8     1     7     1     3     5     1     0     1     0     0     3     0     0   476     0
   641     2     8     1     7     1     3     5     0     1     1     1     0     1     1     1   473     0
   642     2     5     0     1     3     5     7     0     1     0     1     0     2     0     0   497     0
   643     1     1     2     2     4     6     8     0     0     0     0     1     3     0     1   603     0
   644     1     2     2     4     6     8     2     0     0     0     1     1     2     0     0   653     0
   645     1     4     1     8     2     4     6     0     0     0     1     1     2     0     0   467     0
   646     2     5     0     1     3     5     7     1     1     1     0     0     3     1     1   480     0
   647     2     5     0     1     3     5     7     0     1     1     1     1     1     1     0   552     0
   648     1     2     2     4     6     8     2     0     1     0     1     0     3     0     0   792     1
   649     2     8     1     7     1     3     5     1     1     0     1     1     3     1     0   614     0
   650     1     3     1     6     8     2     4     0     1     1     1     0     3     1     0   459     0
   651     1     2     2     4     6     8     2     1     1     1     1     0     2     1     0   537     0
   652     1     1     2     2     4     6     8     0     0     1     1     0     2     1     1   575     0
   653     2     7     0     5     7     1     3     1     0     1     1     0     3     1     0   580     0
   654     2     7     0     5     7     1     3     1     1     0     1     0     1     0     1   528     0
   655     1     4     1     8     2     4     6     0     1     1     0     0     3     1     0   485     0
   656     1     4     1     8     2     4     6     1     1     1     0     1     1     1     0   637     0
   657     1     1     2     2     4     6     8     0     0     0     1     0     2     1     1   547     0
   658     2     8     1     7     1     3     5     0     1     1     1     1     3     0     1   416     0
   659     1     1     2     2     4     6     8     1     0     0     1     0     3     1     1   426     0
   660     2     6     2     3     5     7     1     1     1     0     0     0     3     0     1   521     0
   661     1     2     2     4     6     8     2     0     0     0     0     1     3     1     1   693     0
   662     1     2     2     4     6     8     2     1     1     0     0     0     1     1     1   609     0
   663     1     4     1     8     2     4     6     1     0     1     1     1     2     0     1   464     0
   664     1     4     1     8     2     4     6     0     1     0     1     0     1     1     1   564     0
   665     1     2     2     4     6     8     2     1     0     0     0     0     2     1     1   498     0
   666     1     4     1     8     2     4     6     1     0     1     0     1     2     0     0   512     0
   667     1     1     2     2     4     6     8     1     0     0     1     0     2     0     0   349     0
   668     1     2     2     4     6     8     2     0     0     0     1     0     2     1     0   666     0
   669     2     6     2     3     5     7     1     0     0     0     1     0     3     0     0   368     0
   670     2     5     0     1     3     5     7     1     0     1     0     0     2     1     0   487     0
   671     2     6     2     3     5     7     1     1     0     0     0     0     2     0     0   427     0
   672     2     8     1     7     1     3     5     1     0     0     1     1     2     0     0   413     0
   673     2     8     1     7     1     3     5     1     1     1     0     1     1     0     1   624     0
   674     2     8     1     7     1     3     5     0     1     1     0     1     1     1     0   514     0
   675     1     1     2     2     4     6     8     0     1     1     1     0     3     0     0   527     0
   676     1     1     2     2     4     6     8     1     1     1     0     0     1     1     0   584     0
   677     2     6     2     3     5     7     1     1     0     1     1     1     3     0     1   427     0
   678     2     6     2     3     5     7     1     0     1     1     0     0     1     1     1   519     0
   679     1     1     2     2     4     6     8     1     0     0     0     1     3     1     1   463     0
   680     1     1     2     2     4     6     8     1     1     1     0     1     1     0     1   434     0
   681     2     5     0     1     3     5     7     1     1     1     0     1     3     0     0   445     0
   682     2     5     0     1     3     5     7     1     1     0     1     1     1     0     0   346     0
   683     1     4     1     8     2     4     6     0     1     0     0     1     3     1     0   665     0
   684     1     4     1     8     2     4     6     1     1     1     1     0     1     1     0   365     0
   685     1     3     1     6     8     2     4     1     0     1     0     1     2     0     1   495     0
   686     2     8     1     7     1     3     5     0     1     1     1     1     3     1     1   431     0
   687     2     8     1     7     1     3     5     0     1     1     1     0     1     0     0   373     0
   688     2     8     1     7     1     3     5     0     1     0     1     0     1     0     0   419     0
   689     1     2     2     4     6     8     2     0     0     1     0     1     3     0     1   604     0
   690     1     2     2     4     6     8     2     1     1     1     1     1     1     1     1   509     0
   691     2     8     1     7     1     3     5     0     0     0     1     1     3     1     1   469     0
   692     2     8     1     7     1     3     5     1     1     0     0     1     1     1     1   510     0
   693     2     8     1     7     1     3     5     1     1     0     1     0     1     0     0   500     0
   694     2     8     1     7     1     3     5     0     0     0     1     1     1     1     1   452     0
   695     2     5     0     1     3     5     7     1     0     1     1     0     2     1     0   532     0
   696     2     7     0     5     7     1     3     1     1     0     0     0     2     0     1   679     0
   697     1     3     1     6     8     2     4     0     0     1     0     1     3     1     1   570     1
   698     1     3     1     6     8     2     4     0     0     0     0     1     1     0     0   500     0
   699     1     4     1     8     2     4     6     0     1     0     1     1     2     0     1   583     0
   700     2     5     0     1     3     5     7     1     1     0     0     1     3     1     0   546     0
   701     1     1     2     2     4     6     8     0     0     0     0     1     3     1     1   413     0
   702     1     1     2     2     4     6     8     0     0     0     0     1     1     0     0   351     0
   703     2     5     0     1     3     5     7     1     0     0     1     0     3     1     0   758     0
   704     2     5     0     1     3     5     7     0     1     1     1     1     1     1     1   459     0
   705     2     6     2     3     5     7     1     0     0     0     1     1     2     0     1   310     0
   706     2     7     0     5     7     1     3     1     1     0     1     1     2     1     1   663     0
   707     1     3     1     6     8     2     4     1     0     1     1     0     3     0     1   483     0
   708     1     2     2     4     6     8     2     0     0     0     0     1     2     1     0   508     0
   709     2     8     1     7     1     3     5     0     1     1     0     0     3     0     1   488     0
   710     2     8     1     7     1     3     5     1     0     0     0     1     1     1     1   458     0
   711     1     2     2     4     6     8     2     0     1     1     1     0     3     1     1   576     0
   712     2     7     0     5     7     1     3     0     0     0     1     1     3     0     1   484     0
   713     1     3     1     6     8     2     4     0     0     0     0     0     3     0     0   428     0
   714     1     3     1     6     8     2     4     1     0     1     0     1     1     1     0   487     0
   715     2     6     2     3     5     7     1     0     1     1     1     1     3     1     1   483     0
   716     2     6     2     3     5     7     1     1     0     1     1     1     1     1     1   397     0
   717     1     2     2     4     6     8     2     0     0     1     0     1     3     1     0   513     0
   718     1     2     2     4     6     8     2     0     1     0     1     1     1     0     1   415     0
   719     2     8     1     7     1     3     5     0     1     1     0     0     3     0     0   428     1
   720     2     8     1     7     1     3     5     0     1     1     0     1     1     0     0   500     0
   721     1     3     1     6     8     2     4     0     0     1     1     1     3     0     1   588     0
   722     1     3     1     6     8     2     4     1     1     0     0     0     1     1     1   668     0
   723     2     5     0     1     3     5     7     0     0     1     0     0     3     1     1   590     0
   724     2     5     0     1     3     5     7     0     1     1     0     0     1     0     1   434     1
   725     1     3     1     6     8     2     4     1     1     1     0     0     3     1     0   550     0
   726     1     3     1     6     8     2     4     0     0     1     0     1     1     1     1   455     0
   727     2     6     2     3     5     7     1     1     0     1     0     1     3     1     0   689     0
   728     1     1     2     2     4     6     8     0     0     0     1     1     3     1     0   381     0
   729     2     8     1     7     1     3     5     0     0     1     1     1     3     0     0   471     0
   730     2     8     1     7     1     3     5     1     1     0     0     0     1     1     1   525     0
   731     2     5     0     1     3     5     7     1     0     1     0     1     2     0     1   642     0
   732     2     7     0     5     7     1     3     0     1     1     0     1     2     1     1   583     0
   733     1     3     1     6     8     2     4     1     1     1     1     1     3     1     0   433     0
   734     1     1     2     2     4     6     8     1     1     0     1     1     2     0     0   553     0
   735     1     1     2     2     4     6     8     0     1     0     1     0     1     1     0   588     0
   736     1     1     2     2     4     6     8     0     1     0     1     0     1     0     0   593     0
   737     2     7     0     5     7     1     3     0     1     1     0     1     3     0     0   537     0
   738     2     7     0     5     7     1     3     0     1     1     0     1     1     0     0   283     0
   739     1     4     1     8     2     4     6     1     0     1     0     1     3     1     1   561     0
   740     1     4     1     8     2     4     6     1     1     0     1     0     1     0     1   503     0
   741     1     4     1     8     2     4     6     0     0     0     0     0     1     1     1   710     0
   742     1     4     1     8     2     4     6     0     1     0     1     1     1     0     1   507     1
   743     1     1     2     2     4     6     8     1     0     0     0     0     2     1     1   636     0
   744     1     1     2     2     4     6     8     1     0     1     0     1     1     0     0   345     0
   745     2     5     0     1     3     5     7     1     0     0     1     0     3     0     0   416     0
   746     2     5     0     1     3     5     7     0     0     0     1     0     1     1     0   529     0
   747     2     8     1     7     1     3     5     1     0     0     0     0     2     1     0   637     0
   748     2     5     0     1     3     5     7     0     0     0     1     1     2     1     0   434     0
   749     1     2     2     4     6     8     2     0     0     1     1     0     3     0     0   536     0
   750     1     2     2     4     6     8     2     1     1     1     0     0     1     1     1   549     0
   751     1     4     1     8     2     4     6     0     1     0     1     0     2     1     0   513     0
   752     1     3     1     6     8     2     4     0     0     1     0     0     2     0     1   634     0
   753     1     2     2     4     6     8     2     1     1     1     0     0     2     1     1   631     0
   754     2     5     0     1     3     5     7     0     1     0     0     1     3     1     0   593     0
   755     1     1     2     2     4     6     8     0     1     1     0     0     3     0     0   527     0
   756     1     1     2     2     4     6     8     1     0     0     0     0     1     1     1   927     1
   757     1     4     1     8     2     4     6     1     1     0     1     0     2     0     1   504     0
   758     1     2     2     4     6     8     2     1     0     1     1     1     2     0     1   535     0
   759     2     5     0     1     3     5     7     0     1     1     0     0     3     1     1   515     0
   760     2     5     0     1     3     5     7     1     0     0     0     0     1     1     1   526     0
   761     2     8     1     7     1     3     5     0     0     1     0     0     2     1     0   484     0
   762     2     8     1     7     1     3     5     0     0     0     0     0     1     0     0   349     0
   763     1     1     2     2     4     6     8     0     0     1     0     0     3     0     0   450     0
   764     1     1     2     2     4     6     8     1     1     0     1     1     1     1     1   630     0
   765     2     7     0     5     7     1     3     1     1     0     1     1     3     0     0   629     0
   766     2     6     2     3     5     7     1     1     0     1     0     0     2     0     1   530     0
   767     2     6     2     3     5     7     1     0     0     1     0     1     1     1     0   565     0
   768     2     6     2     3     5     7     1     1     1     0     1     1     1     1     1   455     0
   769     1     1     2     2     4     6     8     0     0     0     0     0     3     1     1   454     0
   770     1     1     2     2     4     6     8     0     1     1     0     1     1     0     1   464     0
   771     2     7     0     5     7     1     3     0     0     0     0     1     3     0     1   524     0
   772     2     8     1     7     1     3     5     1     1     1     1     0     2     1     1   612     0
   773     2     6     2     3     5     7     1     0     1     1     1     1     2     1     0   599     0
   774     2     6     2     3     5     7     1     1     0     1     0     1     1     1     1   494     0
   775     1     3     1     6     8     2     4     1     1     0     1     1     3     0     1   511     0
   776     1     4     1     8     2     4     6     1     0     0     1     0     2     0     1   416     0
   777     1     1     2     2     4     6     8     0     0     1     1     0     2     1     0   555     1
   778     1     2     2     4     6     8     2     0     1     0     1     1     2     0     1   429     0
   779     1     4     1     8     2     4     6     1     0     0     0     0     2     1     1   486     0
   780     1     4     1     8     2     4     6     1     0     0     0     0     1     0     0   349     0
   781     2     6     2     3     5     7     1     1     0     1     0     1     3     0     0   364     0
   782     2     6     2     3     5     7     1     1     0     1     1     0     1     0     0   322     0
   783     2     7     0     5     7     1     3     1     0     1     0     1     2     0     0   447     0
   784     1     2     2     4     6     8     2     0     1     1     1     0     3     1     1   520     0
   785     2     7     0     5     7     1     3     1     1     1     0     1     3     1     0   544     1
   786     2     7     0     5     7     1     3     0     1     0     0     0     1     1     0   620     0
   787     2     8     1     7     1     3     5     1     0     1     1     1     2     1     1   448     0
   788     2     8     1     7     1     3     5     0     1     0     1     0     1     1     1   667     0
   789     1     4     1     8     2     4     6     1     0     0     1     1     3     1     1   470     0
   790     1     1     2     2     4     6     8     0     0     1     1     1     2     1     0   541     0
   791     2     8     1     7     1     3     5     0     1     0     0     0     3     0     1   483     0
   792     2     5     0     1     3     5     7     1     0     1     1     1     2     1     1   497     0
   793     1     3     1     6     8     2     4     1     1     1     1     0     3     0     1   430     0
   794     1     3     1     6     8     2     4     0     0     1     1     1     1     1     1   569     0
   795     1     3     1     6     8     2     4     1     1     1     1     0     1     1     1   698     0
   796     1     3     1     6     8     2     4     0     1     0     0     1     1     1     0   491     0
   797     1     4     1     8     2     4     6     1     1     1     0     0     2     1     0   476     0
   798     2     5     0     1     3     5     7     1     1     1     1     1     3     0     0   570     0
   799     2     8     1     7     1     3     5     0     0     1     1     1     2     1     1   463     0
   800     1     1     2     2     4     6     8     0     1     0     0     1     3     0     1   487     0
   801     1     3     1     6     8     2     4     0     1     0     0     1     2     0     0   504     0
   802     1     4     1     8     2     4     6     0     0     0     0     1     2     0     1   542     0
   803     2     6     2     3     5     7     1     0     0     1     1     1     3     0     0   462     0
   804     2     6     2     3     5     7     1     1     1     0     1     0     1     1     1   668     0
   805     1     1     2     2     4     6     8     1     0     1     0     0     3     0     1   398     0
   806     1     2     2     4     6     8     2     1     0     1     0     0     2     0     0   469     0
   807     1     3     1     6     8     2     4     0     0     0     1     0     2     1     0   500     0
   808     1     3     1     6     8     2     4     1     0     0     0     1     1     1     0   419     0
   809     2     6     2     3     5     7     1     0     0     1     0     0     3     1     0   501     0
   810     2     5     0     1     3     5     7     1     1     0     1     1     2     1     1   567     0
   811     2     8     1     7     1     3     5     0     0     0     0     1     2     1     1   428     0
   812     2     5     0     1     3     5     7     1     1     0     0     0     2     1     1   554     0
   813     2     7     0     5     7     1     3     0     1     1     0     1     2     1     0   550     0
   814     2     8     1     7     1     3     5     1     0     1     1     0     2     1     1   446     0
   815     1     3     1     6     8     2     4     1     1     0     0     0     3     0     1   410     0
   816     1     4     1     8     2     4     6     0     1     0     0     0     2     1     0   551     0
   817     2     8     1     7     1     3     5     0     0     0     0     0     3     0     1   452     0
   818     2     7     0     5     7     1     3     1     0     1     0     1     2     1     0   635     0
   819     1     4     1     8     2     4     6     0     0     1     0     0     3     1     0   550     0
   820     1     1     2     2     4     6     8     1     1     1     1     0     2     1     1   652     0
   821     1     1     2     2     4     6     8     0     0     1     1     0     1     1     1   560     0
   822     1     1     2     2     4     6     8     1     0     1     1     1     1     1     0   477     0
   823     1     4     1     8     2     4     6     0     1     0     1     0     2     1     1   544     0
   824     1     4     1     8     2     4     6     1     1     1     1     1     1     1     0   429     0
   825     1     4     1     8     2     4     6     1     1     0     0     0     1     0     0   460     0
   826     1     4     1     8     2     4     6     1     0     1     0     1     1     0     1   527     0
   827     2     5     0     1     3     5     7     0     0     1     0     1     3     1     0   747     1
   828     2     7     0     5     7     1     3     1     0     1     1     1     2     1     0   497     0
   829     1     1     2     2     4     6     8     1     0     0     1     1     3     0     0   452     0
   830     1     3     1     6     8     2     4     0     0     0     1     0     2     1     0   615     0
   831     2     5     0     1     3     5     7     0     1     0     0     0     3     0     1   497     0
   832     2     5     0     1     3     5     7     0     1     0     0     0     1     0     0   450     1
   833     2     5     0     1     3     5     7     1     1     0     0     1     1     1     0   476     0
   834     2     5     0     1     3     5     7     1     0     1     0     1     1     0     1   475     0
   835     1     4     1     8     2     4     6     1     0     1     1     1     3     0     0   448     1
   836     1     4     1     8     2     4     6     1     0     1     1     0     1     0     0   423     0
   837     1     1     2     2     4     6     8     1     0     0     1     1     2     0     0   428     0
   838     1     2     2     4     6     8     2     0     0     0     1     0     2     1     0   321     0
   839     2     7     0     5     7     1     3     1     1     0     1     1     3     1     1   709     0
   840     2     7     0     5     7     1     3     1     0     0     1     1     1     0     1   520     0
   841     1     3     1     6     8     2     4     0     0     0     0     0     3     1     0   434     0
   842     1     3     1     6     8     2     4     1     0     1     1     0     1     1     0   461     0
   843     1     1     2     2     4     6     8     0     0     1     0     1     2     1     0   464     0
   844     1     1     2     2     4     6     8     0     0     0     0     1     1     0     0   372     0
   845     2     6     2     3     5     7     1     0     0     1     1     0     3     0     0   381     0
   846     2     6     2     3     5     7     1     1     1     0     1     0     1     1     1   348     1
   847     2     7     0     5     7     1     3     1     0     0     0     1     2     0     1   449     0
   848     2     8     1     7     1     3     5     1     0     0     0     0     2     0     0   464     0
   849     1     4     1     8     2     4     6     0     1     0     1     0     3     1     1   795     0
   850     1     2     2     4     6     8     2     1     0     1     1     1     2     1     1   444     0
   851     1     2     2     4     6     8     2     1     1     1     1     1     1     0     1   391     0
   852     1     3     1     6     8     2     4     0     1     1     0     0     2     1     0   588     0
   853     2     6     2     3     5     7     1     0     1     0     1     0     3     0     0   394     1
   854     2     6     2     3     5     7     1     0     0     0     0     0     1     0     1   339     0
   855     1     4     1     8     2     4     6     0     0     1     0     0     3     0     0   548     0
   856     1     1     2     2     4     6     8     0     1     0     0     1     2     0     1   444     0
   857     2     8     1     7     1     3     5     0     1     1     0     0     3     0     0   533     0
   858     2     8     1     7     1     3     5     1     1     0     0     1     1     1     0   525     0
   859     2     7     0     5     7     1     3     1     0     0     1     1     2     0     1   547     0
   860     2     5     0     1     3     5     7     0     0     1     1     0     2     1     0   678     0
   861     1     4     1     8     2     4     6     0     1     1     1     0     3     0     1   611     0
   862     1     4     1     8     2     4     6     1     0     0     0     1     1     1     1   615     0
   863     1     2     2     4     6     8     2     0     1     0     1     1     2     1     1   422     0
   864     1     2     2     4     6     8     2     0     1     0     1     0     1     0     0   370     0
   865     2     7     0     5     7     1     3     1     0     0     1     1     3     1     1   560     0
   866     2     7     0     5     7     1     3     0     1     1     1     1     1     1     1   398     0
   867     2     8     1     7     1     3     5     0     1     1     0     1     2     0     0   417     0
   868     2     6     2     3     5     7     1     0     1     0     1     1     2     0     0   473     0
   869     1     1     2     2     4     6     8     1     0     1     0     1     3     1     1   585     0
   870     1     1     2     2     4     6     8     0     0     0     0     0     1     1     0   441     0
   871     1     4     1     8     2     4     6     0     0     1     1     1     2     0     0   374     1
   872     1     4     1     8     2     4     6     0     1     0     1     0     1     0     1   464     0
   873     2     8     1     7     1     3     5     1     1     0     1     1     3     1     0   398     0
   874     2     8     1     7     1     3     5     0     1     1     0     0     1     1     0   442     0
   875     1     1     2     2     4     6     8     1     1     0     0     1     3     1     0   604     0
   876     2     6     2     3     5     7     1     1     0     0     0     1     3     0     1   377     0
   877     1     2     2     4     6     8     2     1     1     1     0     0     3     0     1   820     0
   878     1     1     2     2     4     6     8     1     0     0     0     1     2     0     1   342     0
   879     2     5     0     1     3     5     7     1     0     0     0     1     3     0     0   361     0
   880     2     5     0     1     3     5     7     0     1     1     1     1     1     1     1   575     0
   881     1     4     1     8     2     4     6     1     0     1     1     1     3     1     1   509     0
   882     1     4     1     8     2     4     6     0     1     1     0     0     1     1     1   559     0
   883     2     8     1     7     1     3     5     1     1     0     1     0     3     1     0   591     0
   884     2     8     1     7     1     3     5     0     1     0     1     1     1     1     0   424     0
   885     2     7     0     5     7     1     3     1     1     1     0     0     2     1     0   448     0
   886     2     7     0     5     7     1     3     0     0     1     1     1     1     1     1   568     0
   887     1     4     1     8     2     4     6     1     0     0     1     1     3     1     0   665     0
   888     1     4     1     8     2     4     6     1     1     1     1     1     1     0     1   478     0
   889     1     2     2     4     6     8     2     1     0     1     0     1     2     0     1   487     0
   890     1     4     1     8     2     4     6     1     1     1     0     1     2     0     1   469     0
   891     1     3     1     6     8     2     4     1     1     0     0     1     2     0     0   546     0
   892     1     3     1     6     8     2     4     1     1     0     1     1     1     0     0   308     0
   893     2     8     1     7     1     3     5     0     0     0     0     0     3     1     1   544     0
   894     2     8     1     7     1     3     5     1     0     1     1     0     1     1     0   394     0
   895     1     4     1     8     2     4     6     0     1     1     1     0     3     1     1   448     0
   896     2     7     0     5     7     1     3     0     1     0     1     0     3     0     0   650     1
