     1     1     4     1     8     2     4     6     0     1     1     1     0     2     0     0  1263     0
     2     1     4     1     8     2     4     6     1     1     0     0     0     1     1     0   838     0
     3     1     4     1     8     2     4     6     0     0     1     0     0     1     1     1  1392     0
     4     1     4     1     8     2     4     6     0     1     0     0     1     1     0     1   824     0
     5     1     2     2     4     6     8     2     1     1     0     1     0     2     1     0  1342     0
     6     1     3     1     6     8     2     4     1     0     1     1     0     2     0     1  1343     0
     7     1     3     1     6     8     2     4     1     1     0     1     0     1     0     1   866     0
     8     1     3     1     6     8     2     4     0     1     1     0     1     1     1     0  1340     1
     9     1     3     1     6     8     2     4     1     1     0     0     1     1     1     0  1015     0
    10     1     3     1     6     8     2     4     0     1     0     1     0     1     1     0  1486     1
    11     1     3     1     6     8     2     4     0     1     0     0     1     1     0     0  1500     2
    12     1     3     1     6     8     2     4     1     0     1     1     0     1     1     1   788     1
    13     2     8     1     7     1     3     5     0     0     1     1     1     3     1     0   879     1
    14     1     1     2     2     4     6     8     1     0     1     1     1     3     1     0   937     1
    15     2     5     0     1     3     5     7     1     0     1     1     1     3     0     0  1500     2
    16     2     5     0     1     3     5     7     0     0     0     0     0     1     1     0  1006     0
    17     2     7     0     5     7     1     3     1     0     1     0     1     2     1     0  1052     0
    18     2     7     0     5     7     1     3     0     0     1     0     1     1     1     0  1182     0
    19     1     3     1     6     8     2     4     0     0     1     1     0     3     0     0  1500     2
    20     1     3     1     6     8     2     4     1     1     1     1     0     1     1     1   760     0
    21     2     7     0     5     7     1     3     0     0     1     1     0     3     1     1   928     0
    22     1     4     1     8     2     4     6     1     0     1     1     1     3     1     0  1312     1
    23     2     6     2     3     5     7     1     1     0     1     1     0     3     0     0  1171     0
    24     2     6     2     3     5     7     1     0     1     0     0     0     1     1     1   739     0
    25     1     3     1     6     8     2     4     0     0     0     0     0     3     0     1  1022     0
    26     1     3     1     6     8     2     4     0     0     1     1     0     1     0     0  1024     1
    27     1     3     1     6     8     2     4     1     0     0     0     1     1     1     0  1067     1
    28     2     6     2     3     5     7     1     0     1     0     1     1     3     1     1  1048     1
    29     2     7     0     5     7     1     3     1     1     1     0     0     2     1     0  1500     2
    30     2     7     0     5     7     1     3     0     0     0     0     1     1     1     1  1257     0
    31     2     5     0     1     3     5     7     0     0     0     0     0     2     0     0  1229     0
    32     2     6     2     3     5     7     1     0     0     1     1     1     2     0     0  1045     0
    33     2     7     0     5     7     1     3     0     1     0     1     0     2     0     1  1315     1
    34     2     6     2     3     5     7     1     0     1     0     1     1     2     0     0   804     0
    35     2     8     1     7     1     3     5     0     0     1     1     1     2     0     1  1059     0
    36     2     8     1     7     1     3     5     0     1     0     0     0     1     0     1  1109     0
    37     1     2     2     4     6     8     2     1     0     0     0     0     3     1     1   995     0
    38     2     5     0     1     3     5     7     0     1     0     0     0     3     1     1  1261     0
    39     2     7     0     5     7     1     3     0     1     0     1     0     2     0     0  1127     1
    40     2     7     0     5     7     1     3     1     1     0     1     1     1     1     0   963     0
    41     1     4     1     8     2     4     6     0     1     0     0     1     3     1     0  1112     1
    42     1     4     1     8     2     4     6     1     1     0     1     0     1     1     0  1121     0
    43     1     3     1     6     8     2     4     0     0     1     0     0     2     1     1   809     1
    44     1     3     1     6     8     2     4     1     0     0     0     0     1     1     0  1340     0
    45     2     8     1     7     1     3     5     0     0     1     1     1     3     1     0   955     0
    46     2     6     2     3     5     7     1     1     0     0     0     1     2     1     0   980     1
    47     1     1     2     2     4     6     8     1     0     1     0     1     3     0     0  1024     0
    48     1     1     2     2     4     6     8     1     1     0     1     0     1     0     1  1047     0
    49     2     7     0     5     7     1     3     0     0     0     0     0     3     1     1  1334     0
    50     2     6     2     3     5     7     1     1     1     1     0     0     2     1     1   769     0
    51     2     5     0     1     3     5     7     0     0     1     0     0     2     1     1  1098     0
    52     2     5     0     1     3     5     7     1     0     0     1     0     1     1     0  1486     0
    53     1     1     2     2     4     6     8     0     1     0     0     1     3     1     1  1100     0
    54     1     1     2     2     4     6     8     0     0     1     0     0     1     0     1   927     0
    55     2     7     0     5     7     1     3     1     0     1     1     0     3     1     0  1144     1
    56     2     6     2     3     5     7     1     0     1     0     0     1     2     1     1   915     1
    57     2     5     0     1     3     5     7     0     1     1     0     0     2     0     0  1152     0
    58     2     7     0     5     7     1     3     0     1     1     0     1     2     0     0  1243     1
    59     1     1     2     2     4     6     8     1     1     1     1     1     3     1     0  1472     1
    60     1     1     2     2     4     6     8     1     0     0     1     0     1     0     1  1343     1
    61     2     6     2     3     5     7     1     1     0     0     0     0     3     0     0  1347     0
    62     2     6     2     3     5     7     1     0     0     1     0     1     1     1     0   991     0
    63     1     3     1     6     8     2     4     0     0     0     0     1     3     0     0  1500     2
    64     1     3     1     6     8     2     4     0     1     0     1     0     1     0     1  1413     1
    65     2     8     1     7     1     3     5     0     1     0     0     1     3     0     0   909     1
    66     2     8     1     7     1     3     5     0     0     1     1     0     1     0     1  1500     2
    67     1     3     1     6     8     2     4     0     1     1     1     0     3     0     1  1185     0
    68     1     1     2     2     4     6     8     1     0     0     1     1     2     1     1  1226     0
    69     1     2     2     4     6     8     2     0     1     1     1     1     2     1     1  1419     0
    70     1     4     1     8     2     4     6     0     0     1     0     1     2     0     1  1140     0
    71     2     8     1     7     1     3     5     1     0     1     1     0     3     1     0  1316     0
    72     2     8     1     7     1     3     5     1     0     0     1     0     1     0     0  1108     0
    73     1     4     1     8     2     4     6     1     1     0     0     0     3     0     1   928     1
    74     1     4     1     8     2     4     6     0     1     1     0     0     1     1     0  1065     1
    75     1     4     1     8     2     4     6     1     1     0     0     1     1     1     0  1009     0
    76     1     4     1     8     2     4     6     1     0     0     1     1     1     0     1   990     0
    77     2     6     2     3     5     7     1     0     1     1     0     1     3     1     1  1269     1
    78     2     6     2     3     5     7     1     1     0     1     1     0     1     1     1  1276     0
    79     2     6     2     3     5     7     1     0     0     0     0     1     1     1     0  1262     0
    80     2     7     0     5     7     1     3     0     1     0     0     1     2     0     1  1197     1
    81     2     5     0     1     3     5     7     0     1     0     1     1     2     0     0   792     0
    82     2     5     0     1     3     5     7     1     0     0     0     0     1     1     1   886     0
    83     1     4     1     8     2     4     6     0     0     0     1     1     3     1     0   989     0
    84     1     4     1     8     2     4     6     1     0     0     1     1     1     1     0   773     0
    85     2     7     0     5     7     1     3     1     0     1     0     0     3     0     0   738     1
    86     2     7     0     5     7     1     3     0     1     0     1     0     1     1     1   992     1
    87     1     1     2     2     4     6     8     0     0     1     0     0     3     0     1   929     0
    88     1     2     2     4     6     8     2     0     1     1     0     1     2     0     1  1123     1
    89     2     5     0     1     3     5     7     1     1     1     0     1     3     1     0   930     1
    90     2     5     0     1     3     5     7     0     1     0     1     1     1     1     0  1092     1
    91     2     5     0     1     3     5     7     1     1     1     1     1     1     1     0  1280     0
    92     2     5     0     1     3     5     7     0     0     0     1     0     1     1     1  1228     0
    93     1     3     1     6     8     2     4     0     1     1     1     1     3     0     1   936     1
    94     1     3     1     6     8     2     4     1     0     0     0     0     1     1     1   904     0
    95     1     3     1     6     8     2     4     1     0     1     0     1     1     0     0   907     1
    96     1     3     1     6     8     2     4     1     0     1     0     0     1     0     0   759     0
    97     2     8     1     7     1     3     5     1     1     0     1     1     3     0     1   833     1
    98     2     8     1     7     1     3     5     1     1     0     1     1     1     0     0  1196     1
    99     1     1     2     2     4     6     8     0     0     0     1     1     3     1     1  1091     0
   100     2     6     2     3     5     7     1     1     1     1     0     1     3     1     1  1087     0
   101     2     8     1     7     1     3     5     0     1     1     1     1     2     1     0  1014     0
   102     1     3     1     6     8     2     4     0     1     1     1     1     3     0     0   834     1
   103     2     6     2     3     5     7     1     1     1     0     1     0     3     1     0  1079     0
   104     2     6     2     3     5     7     1     1     1     1     1     0     1     0     0  1093     0
   105     1     3     1     6     8     2     4     0     0     1     1     0     3     1     1  1008     0
   106     1     3     1     6     8     2     4     1     1     0     0     1     1     1     1   749     0
   107     1     1     2     2     4     6     8     0     0     1     0     1     2     1     1  1147     0
   108     1     3     1     6     8     2     4     0     0     0     1     0     2     0     0  1289     0
   109     2     8     1     7     1     3     5     0     1     0     0     1     3     0     1   836     0
   110     2     8     1     7     1     3     5     0     0     1     0     0     1     0     1   794     0
   111     1     4     1     8     2     4     6     1     0     1     1     0     3     1     0   968     0
   112     1     4     1     8     2     4     6     0     1     0     1     1     1     1     1   780     0
   113     1     1     2     2     4     6     8     0     0     1     1     1     2     0     1  1500     2
   114     1     1     2     2     4     6     8     0     0     1     0     1     1     0     0  1500     2
   115     2     8     1     7     1     3     5     1     0     0     0     1     3     1     0   972     1
   116     1     1     2     2     4     6     8     0     1     1     0     0     3     1     1   932     1
   117     2     6     2     3     5     7     1     1     0     0     0     0     3     1     1  1396     1
   118     2     7     0     5     7     1     3     1     1     1     1     1     2     0     1   811     1
   119     2     6     2     3     5     7     1     1     0     0     0     0     2     0     1   973     1
   120     2     8     1     7     1     3     5     1     1     1     0     0     2     0     1   884     0
   121     1     2     2     4     6     8     2     0     0     0     0     0     3     1     1   901     0
   122     1     2     2     4     6     8     2     0     0     1     0     0     1     0     0  1267     0
   123     1     4     1     8     2     4     6     0     0     1     1     0     2     0     0   901     1
   124     1     4     1     8     2     4     6     0     1     1     0     1     1     0     1   836     0
   125     2     6     2     3     5     7     1     1     1     1     0     1     3     1     0   604     1
   126     1     3     1     6     8     2     4     1     1     0     0     0     3     0     0  1314     1
   127     1     3     1     6     8     2     4     1     1     1     0     0     1     0     0   832     0
   128     2     8     1     7     1     3     5     0     0     0     1     0     3     1     1  1019     0
   129     1     3     1     6     8     2     4     1     0     1     1     0     3     1     0  1155     0
   130     2     6     2     3     5     7     1     0     1     0     0     0     3     1     1  1023     0
   131     2     5     0     1     3     5     7     1     0     0     1     0     2     1     1   646     1
   132     1     2     2     4     6     8     2     1     1     1     0     1     3     0     1   783     1
   133     2     8     1     7     1     3     5     1     0     0     0     1     3     0     1  1030     1
   134     1     1     2     2     4     6     8     0     1     1     1     0     3     1     1   435     1
   135     2     7     0     5     7     1     3     1     1     1     0     0     3     1     0   922     0
   136     2     8     1     7     1     3     5     0     0     1     0     0     2     1     1   722     0
   137     2     5     0     1     3     5     7     1     1     1     0     1     2     1     1   940     1
   138     2     7     0     5     7     1     3     0     1     0     1     0     2     1     0   694     0
   139     1     2     2     4     6     8     2     0     0     0     0     1     3     0     1   842     1
   140     1     1     2     2     4     6     8     1     1     0     1     0     2     1     1   706     0
   141     2     7     0     5     7     1     3     0     0     1     0     0     3     1     1   984     1
   142     2     7     0     5     7     1     3     1     1     1     1     1     1     1     1  1015     0
   143     1     4     1     8     2     4     6     1     0     0     1     0     3     0     1   734     0
   144     2     5     0     1     3     5     7     1     0     0     0     0     3     0     0   922     1
   145     2     6     2     3     5     7     1     1     1     1     1     1     2     0     1   702     0
   146     1     1     2     2     4     6     8     1     0     1     0     1     3     0     1   789     1
   147     2     8     1     7     1     3     5     1     1     1     1     1     3     0     1   612     0
   148     2     8     1     7     1     3     5     1     0     0     0     0     1     0     1   710     1
   149     1     1     2     2     4     6     8     1     1     1     1     1     3     0     1   618     0
   150     1     4     1     8     2     4     6     1     0     1     1     0     2     0     1   648     0
   151     1     3     1     6     8     2     4     1     1     0     0     1     2     0     1   634     0
   152     1     2     2     4     6     8     2     0     1     1     0     0     2     1     0   519     0
   153     2     7     0     5     7     1     3     0     0     0     0     1     3     0     1   625     1
   154     1     2     2     4     6     8     2     0     1     1     0     0     3     0     1   565     1
   155     2     8     1     7     1     3     5     0     1     0     0     0     3     0     0   526     0
   156     2     7     0     5     7     1     3     1     0     1     1     0     2     1     1   802     1
   157     2     7     0     5     7     1     3     1     0     0     0     1     1     0     0   965     1
   158     2     7     0     5     7     1     3     0     0     1     1     1     1     1     0  1500     2
   159     1     1     2     2     4     6     8     1     0     0     0     0     3     1     0   557     1
   160     1     1     2     2     4     6     8     0     1     1     0     0     1     1     1   725     0
   161     2     5     0     1     3     5     7     1     0     1     1     1     3     1     1   938     0
   162     2     5     0     1     3     5     7     1     0     0     0     0     1     0     0   934     1
   163     2     6     2     3     5     7     1     0     0     1     0     0     2     1     0   820     1
   164     2     6     2     3     5     7     1     1     0     0     1     1     1     1     0   799     0
   165     2     5     0     1     3     5     7     0     1     1     1     1     2     1     1   748     0
   166     2     5     0     1     3     5     7     0     1     0     1     0     1     0     0   713     0
   167     2     8     1     7     1     3     5     0     1     0     0     1     2     0     0   677     1
   168     1     1     2     2     4     6     8     0     1     1     0     0     3     0     0   581     0
   169     1     3     1     6     8     2     4     0     0     0     1     0     2     0     1   875     0
   170     1     4     1     8     2     4     6     1     1     0     0     1     2     1     1   773     1
   171     2     8     1     7     1     3     5     1     0     0     0     1     3     0     1  1000     1
   172     2     8     1     7     1     3     5     1     1     1     1     0     1     0     1   577     0
   173     2     7     0     5     7     1     3     0     0     1     0     0     2     1     1   768     0
   174     2     7     0     5     7     1     3     1     0     0     1     1     1     1     0   527     1
   175     2     6     2     3     5     7     1     0     1     1     0     0     2     1     1   652     0
   176     2     6     2     3     5     7     1     0     0     0     1     0     1     0     1   518     1
   177     2     5     0     1     3     5     7     0     0     0     1     1     2     0     0   645     0
   178     1     2     2     4     6     8     2     0     1     0     1     0     3     0     1   781     1
   179     2     7     0     5     7     1     3     1     1     1     1     0     3     1     0   907     0
   180     2     7     0     5     7     1     3     0     1     1     1     0     1     1     0   693     0
   181     1     2     2     4     6     8     2     1     0     0     0     1     3     1     1   954     1
   182     1     3     1     6     8     2     4     0     1     1     0     1     2     1     1   535     1
   183     2     5     0     1     3     5     7     1     1     0     0     0     3     1     0   755     0
   184     1     4     1     8     2     4     6     0     1     0     0     0     3     1     0   913     0
   185     1     3     1     6     8     2     4     1     1     1     1     0     2     1     0   815     0
   186     1     3     1     6     8     2     4     0     1     1     1     1     1     1     0   576     0
   187     2     8     1     7     1     3     5     1     0     0     0     1     3     1     1   943     0
   188     2     5     0     1     3     5     7     0     1     0     0     0     2     1     1   586     0
   189     2     5     0     1     3     5     7     1     0     0     1     0     1     1     1   561     1
   190     2     5     0     1     3     5     7     0     1     0     0     1     1     1     1   705     0
   191     1     4     1     8     2     4     6     0     0     0     1     1     3     0     1   817     0
   192     1     4     1     8     2     4     6     0     1     0     1     1     1     0     1   722     0
   193     2     5     0     1     3     5     7     1     1     0     0     0     3     1     0   845     0
   194     2     8     1     7     1     3     5     0     1     1     1     0     2     1     0   647     0
   195     1     2     2     4     6     8     2     0     1     1     0     0     3     0     0   672     0
   196     1     4     1     8     2     4     6     0     0     0     0     1     2     0     1   645     0
   197     1     3     1     6     8     2     4     0     1     1     0     1     2     0     1   505     0
   198     1     3     1     6     8     2     4     1     0     0     1     0     1     1     1   483     1
   199     2     8     1     7     1     3     5     0     1     0     0     0     3     1     1   593     0
   200     2     8     1     7     1     3     5     0     0     0     0     0     1     0     1   530     0
   201     1     2     2     4     6     8     2     0     1     0     0     0     3     0     1   535     0
   202     1     2     2     4     6     8     2     1     1     0     0     1     1     1     0   924     0
   203     2     5     0     1     3     5     7     0     1     1     0     0     3     1     0   566     1
   204     1     2     2     4     6     8     2     0     0     0     1     1     3     0     1   886     0
   205     2     5     0     1     3     5     7     1     1     0     0     0     3     1     1   641     0
   206     2     8     1     7     1     3     5     1     1     0     1     0     2     0     0   658     0
   207     2     5     0     1     3     5     7     1     1     1     1     1     2     0     0   479     0
   208     2     7     0     5     7     1     3     1     1     0     0     0     2     0     0   584     0
   209     2     5     0     1     3     5     7     0     1     1     1     1     2     1     0   544     0
   210     2     5     0     1     3     5     7     1     1     0     0     1     1     1     0   524     0
   211     1     4     1     8     2     4     6     0     1     0     0     0     3     1     0   511     1
   212     1     1     2     2     4     6     8     0     0     0     0     1     2     0     1   711     1
   213     1     4     1     8     2     4     6     1     1     0     0     0     2     1     1   761     0
   214     1     4     1     8     2     4     6     0     1     0     1     1     1     1     0   590     0
   215     2     8     1     7     1     3     5     1     0     0     1     1     3     1     1   497     0
   216     2     8     1     7     1     3     5     1     0     0     0     0     1     0     0   957     0
   217     2     7     0     5     7     1     3     1     1     1     0     1     2     0     1   453     0
   218     2     8     1     7     1     3     5     0     0     0     1     0     2     1     1   518     0
   219     1     2     2     4     6     8     2     1     0     1     0     0     3     1     0   478     1
   220     1     3     1     6     8     2     4     1     0     0     0     0     2     0     0   518     0
   221     2     8     1     7     1     3     5     0     0     0     1     0     3     1     0   512     0
   222     2     7     0     5     7     1     3     1     0     0     0     0     2     1     0   616     1
   223     2     5     0     1     3     5     7     0     0     0     1     1     2     1     0   354     1
   224     2     5     0     1     3     5     7     1     0     1     0     0     1     1     0   583     1
   225     1     1     2     2     4     6     8     1     1     0     1     1     3     0     1   728     0
   226     1     1     2     2     4     6     8     1     1     0     1     0     1     0     0   462     0
   227     1     4     1     8     2     4     6     1     1     1     0     1     2     0     0   520     0
   228     1     1     2     2     4     6     8     1     0     1     1     0     2     0     1   465     0
   229     2     8     1     7     1     3     5     1     0     0     0     0     3     0     0   643     1
   230     2     5     0     1     3     5     7     0     0     0     1     0     2     1     0   965     0
   231     1     3     1     6     8     2     4     1     0     1     0     0     3     1     0   969     1
   232     1     3     1     6     8     2     4     1     0     0     1     0     1     0     0   457     0
   233     1     3     1     6     8     2     4     0     0     0     0     1     1     1     0   721     0
   234     1     3     1     6     8     2     4     0     1     1     0     1     1     0     1   608     0
   235     2     6     2     3     5     7     1     0     0     1     1     1     3     0     1  1045     0
   236     2     6     2     3     5     7     1     0     1     1     0     1     1     0     1   561     0
   237     2     7     0     5     7     1     3     1     1     0     0     0     2     1     0   831     0
   238     1     4     1     8     2     4     6     1     0     0     1     0     3     0     1   697     1
   239     1     4     1     8     2     4     6     1     1     0     0     1     1     0     1   806     0
   240     1     3     1     6     8     2     4     1     1     0     1     1     2     0     0   560     0
   241     1     1     2     2     4     6     8     0     0     1     0     1     2     1     1   635     0
   242     1     3     1     6     8     2     4     0     0     0     0     0     2     0     0   691     1
   243     1     2     2     4     6     8     2     1     0     1     0     0     2     1     0   603     0
   244     1     3     1     6     8     2     4     0     0     1     0     0     2     1     0   616     0
   245     2     5     0     1     3     5     7     0     1     1     0     1     3     0     1   502     0
   246     2     6     2     3     5     7     1     0     1     1     1     0     2     0     0   534     0
   247     2     6     2     3     5     7     1     0     1     0     0     1     1     0     0   420     0
   248     2     7     0     5     7     1     3     0     0     0     0     1     2     0     1   521     0
   249     2     8     1     7     1     3     5     0     0     0     1     1     2     0     0   532     0
   250     2     8     1     7     1     3     5     0     0     0     0     1     1     0     0   458     0
   251     2     5     0     1     3     5     7     0     1     0     0     0     2     0     1   354     0
   252     2     5     0     1     3     5     7     0     0     1     0     1     1     0     1   493     0
   253     2     6     2     3     5     7     1     1     1     1     0     1     2     1     1   609     0
   254     2     6     2     3     5     7     1     1     0     0     0     0     1     0     1   493     0
   255     1     2     2     4     6     8     2     0     1     1     0     0     3     1     1   536     0
   256     1     2     2     4     6     8     2     0     0     0     1     0     1     0     1   536     0
   257     2     5     0     1     3     5     7     0     0     0     1     0     3     0     0   360     0
   258     2     5     0     1     3     5     7     0     0     1     0     1     1     0     0   371     0
   259     2     8     1     7     1     3     5     1     1     0     1     1     2     1     1   419     1
   260     1     3     1     6     8     2     4     0     0     1     1     0     3     1     1   404     0
   261     1     1     2     2     4     6     8     0     1     1     0     0     2     0     1   361     0
   262     1     2     2     4     6     8     2     1     1     1     1     0     2     1     0   581     0
   263     1     3     1     6     8     2     4     0     0     1     1     0     2     1     1   323     0
   264     1     3     1     6     8     2     4     0     0     0     1     0     1     0     0   332     0
   265     2     6     2     3     5     7     1     1     1     0     0     1     3     1     1   336     0
   266     1     3     1     6     8     2     4     1     0     0     0     1     3     0     1   341     0
   267     1     4     1     8     2     4     6     0     1     1     1     0     2     1     1   520     0
   268     1     4     1     8     2     4     6     0     0     0     1     1     1     0     1   516     1
   269     1     2     2     4     6     8     2     0     0     0     0     0     2     0     0   591     1
   270     1     2     2     4     6     8     2     0     0     1     1     1     1     0     0   537     0
   271     2     6     2     3     5     7     1     0     0     1     1     1     3     0     0   378     0
   272     2     6     2     3     5     7     1     0     1     0     0     0     1     0     1   353     0
   273     2     8     1     7     1     3     5     1     0     1     1     1     2     1     1   376     1
   274     2     8     1     7     1     3     5     1     1     1     1     0     1     0     1   501     0
   275     1     1     2     2     4     6     8     0     1     1     1     0     3     1     0   480     0
   276     2     6     2     3     5     7     1     1     1     0     0     0     3     1     0   768     1
   277     1     1     2     2     4     6     8     0     0     1     0     1     3     1     1   364     0
   278     1     1     2     2     4     6     8     0     1     1     0     1     1     0     1   316     0
   279     2     7     0     5     7     1     3     1     1     1     1     1     3     1     0   501     1
   280     2     8     1     7     1     3     5     1     1     0     0     0     2     0     0   582     0
   281     1     4     1     8     2     4     6     1     0     1     1     1     3     0     1   559     0
   282     1     1     2     2     4     6     8     1     0     1     1     1     2     0     0   490     0
   283     1     4     1     8     2     4     6     0     0     1     0     0     2     1     0   528     0
   284     1     4     1     8     2     4     6     1     0     1     0     0     1     1     0   421     0
   285     1     4     1     8     2     4     6     1     1     0     1     1     1     0     1   530     0
   286     1     2     2     4     6     8     2     1     0     1     1     1     2     0     1   489     0
   287     1     1     2     2     4     6     8     1     0     1     0     0     2     0     0   440     0
   288     1     1     2     2     4     6     8     0     1     1     0     0     1     1     1   516     0
   289     2     6     2     3     5     7     1     0     1     0     0     0     3     0     0   402     0
   290     2     6     2     3     5     7     1     1     0     1     1     1     1     1     1   362     0
   291     1     3     1     6     8     2     4     0     1     1     0     1     3     1     1   571     0
   292     1     4     1     8     2     4     6     0     0     0     1     0     2     0     1   360     0
   293     2     5     0     1     3     5     7     0     1     1     1     0     3     0     1   337     0
   294     2     8     1     7     1     3     5     1     1     0     0     0     2     1     0   335     1
   295     1     4     1     8     2     4     6     0     0     1     1     0     3     1     1   475     0
   296     1     4     1     8     2     4     6     0     0     0     0     1     1     0     0   341     0
   297     1     3     1     6     8     2     4     1     1     0     0     0     2     1     1   380     1
   298     1     3     1     6     8     2     4     1     1     0     0     0     1     0     0   351     1
   299     2     7     0     5     7     1     3     0     0     1     1     1     3     1     1   625     0
   300     1     2     2     4     6     8     2     0     1     0     1     1     3     0     1   442     0
   301     2     6     2     3     5     7     1     1     1     1     1     1     3     1     0   556     0
   302     2     6     2     3     5     7     1     0     0     0     0     0     1     1     1   505     1
   303     1     2     2     4     6     8     2     1     1     0     0     1     3     1     1   477     0
   304     1     2     2     4     6     8     2     1     0     0     1     1     1     0     1   566     1
   305     2     6     2     3     5     7     1     0     0     1     1     0     3     1     0   509     0
   306     2     5     0     1     3     5     7     0     1     1     1     0     2     0     1   497     0
   307     2     5     0     1     3     5     7     1     1     0     1     0     1     1     0   482     0
   308     2     5     0     1     3     5     7     0     0     1     0     0     1     1     1   483     0
   309     2     7     0     5     7     1     3     1     0     1     1     0     2     1     0   642     0
   310     2     5     0     1     3     5     7     1     1     0     0     0     2     0     1   368     0
   311     1     2     2     4     6     8     2     0     0     1     0     1     3     1     1   534     0
   312     1     3     1     6     8     2     4     0     0     0     1     0     2     0     0   531     0
   313     1     2     2     4     6     8     2     0     0     1     1     1     2     0     0   487     0
   314     1     2     2     4     6     8     2     1     0     0     1     1     1     1     0   359     0
   315     1     3     1     6     8     2     4     1     0     0     1     0     2     0     0   380     0
   316     1     1     2     2     4     6     8     1     0     0     0     0     2     0     0   457     0
   317     1     4     1     8     2     4     6     1     1     0     1     1     2     0     1   474     1
   318     1     4     1     8     2     4     6     1     0     1     0     0     1     0     1   384     0
   319     2     6     2     3     5     7     1     1     1     0     1     1     3     0     1   336     0
   320     2     8     1     7     1     3     5     1     1     0     0     1     2     0     0   283     1
   321     1     3     1     6     8     2     4     1     0     0     1     1     3     0     1   294     0
   322     1     3     1     6     8     2     4     0     0     1     1     0     1     1     0   603     0
   323     2     5     0     1     3     5     7     0     1     1     0     1     3     0     1   349     0
   324     2     5     0     1     3     5     7     1     1     0     0     1     1     1     0   562     0
   325     2     6     2     3     5     7     1     0     1     0     0     0     2     1     0   649     1
   326     2     6     2     3     5     7     1     0     0     0     1     0     1     0     1   433     0
   327     1     3     1     6     8     2     4     1     0     0     0     0     3     1     0   577     0
   328     1     4     1     8     2     4     6     1     0     0     1     1     2     0     0   384     0
   329     1     1     2     2     4     6     8     1     0     1     0     1     2     0     0   467     0
   330     1     2     2     4     6     8     2     0     1     0     0     0     2     1     1   592     0
   331     2     7     0     5     7     1     3     0     0     0     0     0     3     0     1   420     0
   332     2     7     0     5     7     1     3     1     1     0     0     0     1     1     1   525     0
   333     2     7     0     5     7     1     3     1     0     0     1     1     1     0     1   344     0
   334     2     7     0     5     7     1     3     0     1     0     0     1     1     1     1   514     0
   335     2     6     2     3     5     7     1     1     1     1     1     0     2     1     0   694     0
   336     2     8     1     7     1     3     5     1     0     0     0     1     2     0     1   496     0
   337     1     1     2     2     4     6     8     0     0     1     1     1     3     1     0   568     0
   338     1     1     2     2     4     6     8     0     1     0     1     0     1     0     1   323     0
   339     2     5     0     1     3     5     7     1     0     0     1     0     3     1     1   424     0
   340     2     5     0     1     3     5     7     0     1     0     1     1     1     1     1   370     0
   341     1     1     2     2     4     6     8     0     0     0     1     0     3     0     1   399     0
   342     1     3     1     6     8     2     4     0     0     1     1     1     2     0     0   514     0
   343     2     5     0     1     3     5     7     0     0     0     0     0     3     0     0   376     0
   344     2     5     0     1     3     5     7     0     0     0     0     0     1     0     0   438     0
   345     1     2     2     4     6     8     2     1     0     1     0     1     3     1     0   326     1
   346     2     7     0     5     7     1     3     0     0     1     0     1     3     1     0   413     0
   347     2     8     1     7     1     3     5     1     0     0     1     0     2     1     0   542     0
   348     2     5     0     1     3     5     7     0     0     0     1     0     2     1     0   540     0
   349     1     4     1     8     2     4     6     0     1     1     1     1     3     0     1   342     1
   350     1     4     1     8     2     4     6     1     1     1     0     1     1     1     0   316     1
   351     1     2     2     4     6     8     2     0     1     0     1     1     2     1     0   598     0
   352     1     2     2     4     6     8     2     0     0     0     0     0     1     0     1   519     0
   353     1     4     1     8     2     4     6     1     0     1     1     1     2     1     0   640     0
   354     1     4     1     8     2     4     6     1     1     0     0     0     1     0     1   434     1
   355     2     7     0     5     7     1     3     1     0     1     1     1     3     0     1   610     0
   356     2     7     0     5     7     1     3     0     1     1     0     0     1     1     1   658     0
   357     2     5     0     1     3     5     7     0     0     1     0     0     2     0     1   345     0
   358     2     5     0     1     3     5     7     0     0     0     0     0     1     0     0   570     0
   359     1     4     1     8     2     4     6     0     1     1     1     1     3     0     1   387     0
   360     1     1     2     2     4     6     8     0     0     0     1     1     2     0     1   447     0
   361     1     3     1     6     8     2     4     1     0     0     1     1     2     1     0   652     0
   362     2     8     1     7     1     3     5     0     0     0     0     1     3     1     0   597     0
   363     2     7     0     5     7     1     3     1     1     0     0     1     2     1     1   464     0
   364     2     7     0     5     7     1     3     0     0     0     0     0     1     1     1   338     0
   365     1     2     2     4     6     8     2     0     1     1     1     0     3     0     1   385     0
   366     1     2     2     4     6     8     2     0     0     0     1     1     1     0     1   436     0
   367     2     6     2     3     5     7     1     0     1     1     1     1     3     0     1   350     0
   368     2     6     2     3     5     7     1     0     1     1     1     1     1     0     0   352     0
   369     2     8     1     7     1     3     5     1     1     0     1     0     2     1     0   309     1
   370     2     5     0     1     3     5     7     1     0     1     1     0     2     0     1   648     1
   371     1     2     2     4     6     8     2     1     1     0     0     1     3     0     1   469     0
   372     2     7     0     5     7     1     3     0     0     0     0     1     3     1     1   610     0
   373     1     2     2     4     6     8     2     0     1     0     0     1     3     0     1   334     0
   374     1     2     2     4     6     8     2     1     1     1     0     0     1     1     0   493     0
   375     2     8     1     7     1     3     5     1     0     1     0     0     3     0     1   288     0
   376     2     8     1     7     1     3     5     0     1     0     0     1     1     1     1   456     0
   377     1     2     2     4     6     8     2     1     1     1     1     1     3     1     0   388     0
   378     1     2     2     4     6     8     2     0     0     1     0     1     1     1     1   516     1
   379     1     1     2     2     4     6     8     0     1     0     0     0     2     0     1   821     0
   380     2     6     2     3     5     7     1     0     0     1     0     1     3     0     1   633     1
   381     2     7     0     5     7     1     3     0     1     1     0     1     2     0     1   285     1
   382     2     7     0     5     7     1     3     1     1     1     0     0     1     1     0   386     0
   383     2     7     0     5     7     1     3     1     1     0     0     1     1     0     0   447     0
   384     1     2     2     4     6     8     2     0     0     1     1     1     3     1     1   449     0
   385     2     7     0     5     7     1     3     1     0     0     1     1     3     1     0   414     1
   386     2     7     0     5     7     1     3     1     1     1     0     1     1     0     1   387     0
   387     2     7     0     5     7     1     3     0     1     1     0     1     1     1     0   421     0
   388     2     8     1     7     1     3     5     1     0     1     1     0     2     1     1   652     0
   389     2     8     1     7     1     3     5     1     0     1     0     1     1     0     0   601     0
   390     2     8     1     7     1     3     5     1     1     1     1     0     1     0     1   596     0
   391     1     4     1     8     2     4     6     0     0     1     0     0     3     1     1   920     1
   392     1     4     1     8     2     4     6     1     1     0     1     0     1     1     1   701     0
   393     1     1     2     2     4     6     8     1     0     1     1     1     2     0     1   526     0
   394     1     2     2     4     6     8     2     1     1     1     0     1     2     0     1   357     0
   395     2     5     0     1     3     5     7     0     0     1     1     0     3     1     1   651     1
   396     2     7     0     5     7     1     3     0     1     1     1     0     2     0     1   629     1
   397     1     3     1     6     8     2     4     0     0     0     0     1     3     0     1   462     1
   398     1     3     1     6     8     2     4     1     1     1     0     0     1     1     1   628     0
   399     1     1     2     2     4     6     8     0     1     0     1     0     2     1     0   742     1
   400     1     3     1     6     8     2     4     1     0     1     0     0     2     1     1   820     0
   401     2     6     2     3     5     7     1     1     1     1     1     1     3     0     1   429     0
   402     2     6     2     3     5     7     1     0     0     0     1     1     1     1     1   889     0
   403     1     2     2     4     6     8     2     1     1     0     0     1     3     1     1   464     0
   404     1     3     1     6     8     2     4     1     0     1     1     1     2     0     1   552     0
   405     1     2     2     4     6     8     2     1     1     1     0     0     2     0     1   416     0
   406     1     2     2     4     6     8     2     0     1     1     0     0     1     1     0   451     0
   407     2     7     0     5     7     1     3     1     0     0     0     0     3     1     1   356     0
   408     2     7     0     5     7     1     3     1     1     0     1     0     1     0     1   412     0
   409     1     4     1     8     2     4     6     0     0     1     0     0     3     1     1   833     0
   410     1     4     1     8     2     4     6     1     1     1     1     0     1     1     1   545     0
   411     2     7     0     5     7     1     3     1     1     1     0     0     3     0     0   496     1
   412     2     8     1     7     1     3     5     0     0     0     0     1     2     1     1   985     1
   413     2     7     0     5     7     1     3     1     1     1     0     0     2     1     1   537     0
   414     2     7     0     5     7     1     3     1     1     1     0     1     1     0     0   471     0
   415     1     3     1     6     8     2     4     0     0     0     1     0     3     1     1   709     0
   416     1     2     2     4     6     8     2     0     1     0     1     1     2     0     1   374     0
   417     2     7     0     5     7     1     3     0     0     1     0     0     3     0     1   585     0
   418     2     7     0     5     7     1     3     0     1     1     0     1     1     0     1   451     0
   419     1     2     2     4     6     8     2     0     0     1     1     0     3     0     1   417     1
   420     1     2     2     4     6     8     2     1     1     1     1     1     1     1     1   403     0
   421     2     7     0     5     7     1     3     1     0     0     0     1     3     0     1   416     0
   422     1     4     1     8     2     4     6     1     1     1     0     0     3     0     1   577     0
   423     2     8     1     7     1     3     5     1     1     1     0     1     3     0     0   526     0
   424     2     5     0     1     3     5     7     1     0     1     0     1     2     0     1   628     0
   425     2     7     0     5     7     1     3     0     0     1     1     0     2     1     0   377     1
   426     2     7     0     5     7     1     3     1     0     1     0     1     1     1     0  1020     1
   427     2     8     1     7     1     3     5     1     0     0     1     1     2     0     0   620     0
   428     2     8     1     7     1     3     5     0     0     1     1     1     1     1     0   791     0
   429     2     7     0     5     7     1     3     1     1     1     0     1     2     1     1   469     0
   430     2     7     0     5     7     1     3     0     0     0     1     1     1     1     1   772     0
   431     2     5     0     1     3     5     7     0     0     0     1     0     2     0     0   675     0
   432     2     6     2     3     5     7     1     0     1     0     1     1     2     0     1   758     0
   433     1     3     1     6     8     2     4     0     0     1     1     0     3     0     1   606     0
   434     1     4     1     8     2     4     6     0     1     0     0     0     2     0     1   771     0
   435     2     6     2     3     5     7     1     0     1     0     0     0     3     0     0   791     0
   436     2     5     0     1     3     5     7     0     1     1     0     0     2     0     0   496     0
   437     1     4     1     8     2     4     6     1     1     0     1     1     3     1     0   635     0
   438     2     7     0     5     7     1     3     1     0     0     1     1     3     0     1   667     0
   439     2     7     0     5     7     1     3     1     1     1     1     1     1     0     1   514     0
   440     2     7     0     5     7     1     3     0     1     0     1     0     1     1     0   488     1
   441     1     1     2     2     4     6     8     1     1     0     1     0     3     1     0   719     0
   442     1     1     2     2     4     6     8     0     0     0     0     1     1     1     1   595     0
   443     2     7     0     5     7     1     3     1     1     0     1     0     3     1     1   606     0
   444     1     4     1     8     2     4     6     0     1     1     0     1     3     1     0   546     1
   445     1     4     1     8     2     4     6     1     1     0     1     1     1     1     0   554     0
   446     2     5     0     1     3     5     7     1     0     0     0     0     3     0     1   753     0
   447     2     6     2     3     5     7     1     1     1     0     0     1     2     0     1   429     0
   448     1     1     2     2     4     6     8     1     0     0     1     0     3     0     1   528     0
   449     2     6     2     3     5     7     1     0     0     0     1     0     3     1     0   520     0
   450     1     1     2     2     4     6     8     0     0     1     0     1     3     0     0   672     0
   451     2     5     0     1     3     5     7     0     1     1     1     0     3     0     1   455     0
   452     2     5     0     1     3     5     7     1     1     1     0     0     1     1     0   628     0
   453     1     2     2     4     6     8     2     0     0     1     1     0     3     1     1   533     0
   454     1     3     1     6     8     2     4     0     0     1     0     1     2     0     0   627     0
   455     2     5     0     1     3     5     7     0     1     0     1     1     3     0     1   391     0
   456     1     4     1     8     2     4     6     0     1     1     0     1     3     0     0   492     0
   457     2     7     0     5     7     1     3     0     0     0     0     1     3     0     1   585     0
   458     2     5     0     1     3     5     7     0     1     1     1     1     2     0     1   333     0
   459     2     7     0     5     7     1     3     1     1     1     0     0     2     1     0   370     1
   460     2     7     0     5     7     1     3     0     1     0     0     1     1     1     0   465     0
   461     2     8     1     7     1     3     5     1     0     0     1     1     2     1     1   375     0
   462     2     8     1     7     1     3     5     1     0     0     1     1     1     0     0   496     0
   463     1     1     2     2     4     6     8     1     0     0     0     0     3     0     0   373     1
   464     1     1     2     2     4     6     8     0     0     0     1     0     1     1     0   708     0
   465     1     2     2     4     6     8     2     1     0     1     0     0     2     1     0   702     0
   466     1     2     2     4     6     8     2     1     0     0     0     1     1     0     0   568     0
   467     1     4     1     8     2     4     6     1     1     1     0     1     2     0     1   429     0
   468     1     4     1     8     2     4     6     1     1     0     0     1     1     0     0   470     0
   469     2     5     0     1     3     5     7     0     1     1     0     0     3     1     0   532     0
   470     2     5     0     1     3     5     7     0     1     1     1     0     1     0     0   402     0
   471     1     4     1     8     2     4     6     1     0     1     1     1     3     1     1   515     0
   472     2     7     0     5     7     1     3     1     1     1     1     1     3     0     1   469     0
   473     2     7     0     5     7     1     3     1     0     1     1     1     1     0     1   566     1
   474     1     2     2     4     6     8     2     0     1     1     0     0     3     1     1   585     0
   475     1     2     2     4     6     8     2     1     0     0     0     0     1     1     1   523     0
   476     1     2     2     4     6     8     2     1     0     0     0     0     1     0     0   455     0
   477     1     4     1     8     2     4     6     1     1     0     0     0     2     0     1   443     1
   478     1     1     2     2     4     6     8     1     0     1     1     1     2     0     1   551     0
   479     2     5     0     1     3     5     7     0     1     1     0     0     3     1     1   353     0
   480     2     5     0     1     3     5     7     0     0     1     1     0     1     0     1   531     0
   481     2     6     2     3     5     7     1     1     0     0     1     1     2     1     0   542     1
   482     2     6     2     3     5     7     1     1     1     1     0     1     1     0     1   499     0
   483     2     6     2     3     5     7     1     0     1     0     0     1     1     1     0   393     0
   484     2     6     2     3     5     7     1     1     0     1     0     0     1     1     1   396     0
   485     1     3     1     6     8     2     4     1     0     1     0     1     3     0     0   680     0
   486     2     8     1     7     1     3     5     0     1     0     0     1     3     1     1   627     1
   487     2     7     0     5     7     1     3     1     0     1     0     1     2     1     1   621     0
   488     2     7     0     5     7     1     3     1     0     1     1     1     1     0     0   394     1
   489     2     7     0     5     7     1     3     1     0     1     1     0     1     0     0   483     0
   490     2     8     1     7     1     3     5     0     0     1     0     0     2     1     0   551     0
   491     1     1     2     2     4     6     8     1     1     0     1     1     3     1     1   527     0
   492     1     1     2     2     4     6     8     1     1     0     1     1     1     0     0   402     0
   493     1     1     2     2     4     6     8     0     1     1     1     1     1     1     0   581     0
   494     1     4     1     8     2     4     6     1     0     1     0     0     2     1     1   366     0
   495     1     1     2     2     4     6     8     0     0     0     0     0     2     1     0   464     0
   496     1     1     2     2     4     6     8     1     1     1     1     0     1     1     1   471     0
   497     2     5     0     1     3     5     7     1     1     1     0     0     3     0     0   367     1
   498     2     5     0     1     3     5     7     1     0     1     0     1     1     0     1   482     0
   499     1     2     2     4     6     8     2     1     1     1     0     1     3     0     1   526     0
   500     2     5     0     1     3     5     7     1     1     0     0     1     3     0     0   599     0
   501     1     2     2     4     6     8     2     0     1     0     0     1     3     1     0   589     1
   502     2     7     0     5     7     1     3     0     1     1     1     0     3     0     0   617     1
   503     1     4     1     8     2     4     6     1     0     0     0     1     3     1     1   525     0
   504     1     4     1     8     2     4     6     0     1     1     0     0     1     1     1   650     0
   505     1     2     2     4     6     8     2     1     0     0     0     0     2     1     1   601     0
   506     2     5     0     1     3     5     7     1     0     0     1     0     3     0     0   451     0
   507     1     3     1     6     8     2     4     1     1     0     0     0     3     0     1   557     0
   508     1     1     2     2     4     6     8     0     1     1     0     1     2     1     0   508     0
   509     1     1     2     2     4     6     8     0     1     0     1     1     1     0     0   355     0
   510     2     8     1     7     1     3     5     0     0     0     0     0     3     0     1   302     0
   511     1     1     2     2     4     6     8     0     1     0     0     1     3     0     1   318     0
   512     2     8     1     7     1     3     5     0     1     1     0     0     3     0     0   318     1
   513     2     7     0     5     7     1     3     1     0     1     1     0     2     1     1   630     0
   514     2     8     1     7     1     3     5     1     0     0     1     0     2     0     0   461     0
   515     1     1     2     2     4     6     8     0     0     0     1     0     3     1     0   478     1
   516     1     1     2     2     4     6     8     0     0     1     0     0     1     0     0   579     0
   517     1     1     2     2     4     6     8     0     0     0     0     1     1     0     0   413     0
   518     1     1     2     2     4     6     8     0     1     1     0     1     1     0     1   337     0
   519     2     7     0     5     7     1     3     1     1     1     1     1     3     1     0   500     0
   520     2     7     0     5     7     1     3     1     1     1     0     0     1     0     0   636     0
   521     1     1     2     2     4     6     8     1     1     1     1     1     3     0     0   375     0
   522     1     2     2     4     6     8     2     0     0     0     1     1     2     1     1   603     0
   523     1     1     2     2     4     6     8     1     1     0     0     0     2     1     1   337     0
   524     1     1     2     2     4     6     8     1     0     1     1     1     1     0     1   341     0
   525     2     5     0     1     3     5     7     0     0     0     0     1     3     1     0   853     0
   526     2     5     0     1     3     5     7     0     0     0     0     1     1     0     0   489     0
   527     1     4     1     8     2     4     6     0     0     0     1     1     3     0     0   379     0
   528     1     1     2     2     4     6     8     0     1     1     1     1     2     0     1   402     0
   529     1     4     1     8     2     4     6     0     1     1     1     0     2     0     0   308     1
   530     1     4     1     8     2     4     6     0     1     0     0     0     1     0     0   331     1
   531     1     4     1     8     2     4     6     0     1     0     0     0     1     0     0   540     0
   532     1     2     2     4     6     8     2     1     1     1     0     0     2     1     0   790     0
   533     2     8     1     7     1     3     5     1     1     1     0     0     3     0     0   504     0
   534     2     8     1     7     1     3     5     1     0     0     1     1     1     0     1   355     0
   535     2     5     0     1     3     5     7     1     0     1     0     1     2     0     0   393     0
   536     2     5     0     1     3     5     7     1     1     1     0     1     1     0     1   386     0
   537     2     6     2     3     5     7     1     1     0     0     1     0     2     0     1   479     0
   538     2     6     2     3     5     7     1     0     1     0     1     1     1     1     1   329     0
   539     1     1     2     2     4     6     8     1     1     1     1     0     3     1     0   355     0
   540     1     4     1     8     2     4     6     1     0     0     1     1     2     0     1   325     0
   541     1     3     1     6     8     2     4     0     0     0     1     0     2     1     0   538     0
   542     1     4     1     8     2     4     6     0     1     1     0     1     2     0     1   348     1
   543     1     3     1     6     8     2     4     1     1     1     0     1     2     1     0   366     1
   544     1     3     1     6     8     2     4     0     1     1     1     1     1     1     0   546     0
   545     2     6     2     3     5     7     1     1     1     1     1     1     3     1     0   513     0
   546     2     6     2     3     5     7     1     0     1     1     1     1     1     1     0   537     0
   547     1     3     1     6     8     2     4     1     1     1     0     0     3     1     0   338     1
   548     1     3     1     6     8     2     4     0     1     1     1     0     1     1     0   545     0
   549     2     8     1     7     1     3     5     1     0     0     0     1     3     1     1   380     0
   550     2     8     1     7     1     3     5     0     0     1     0     0     1     1     0  1017     1
   551     2     6     2     3     5     7     1     1     0     0     0     0     2     1     0   528     0
   552     2     7     0     5     7     1     3     0     0     0     0     1     2     1     0   599     0
   553     1     2     2     4     6     8     2     1     1     0     0     0     3     1     1   385     0
   554     1     2     2     4     6     8     2     0     1     1     0     0     1     1     0   747     0
   555     1     4     1     8     2     4     6     0     1     0     0     1     2     0     0   542     0
   556     2     7     0     5     7     1     3     1     0     1     1     0     3     1     1   388     0
   557     2     8     1     7     1     3     5     1     0     1     1     1     2     0     0   527     0
   558     2     8     1     7     1     3     5     1     1     0     0     0     1     0     1   303     1
   559     2     8     1     7     1     3     5     1     1     1     1     0     1     0     0   392     0
   560     2     7     0     5     7     1     3     0     1     0     0     0     2     1     0   618     0
   561     1     3     1     6     8     2     4     0     1     0     1     0     3     0     0   520     0
   562     1     4     1     8     2     4     6     0     0     1     0     0     2     0     1   387     0
   563     2     6     2     3     5     7     1     0     1     1     0     1     3     0     1   341     0
   564     2     6     2     3     5     7     1     0     1     1     1     1     1     0     0   307     0
   565     1     3     1     6     8     2     4     1     1     1     0     0     3     1     0   443     1
   566     2     6     2     3     5     7     1     0     1     1     1     1     3     1     0   357     0
   567     1     2     2     4     6     8     2     0     1     0     1     0     3     0     0   362     0
   568     1     3     1     6     8     2     4     1     0     0     0     0     2     1     1   372     0
   569     2     8     1     7     1     3     5     1     0     0     1     1     3     0     0   537     1
   570     2     8     1     7     1     3     5     1     0     1     0     1     1     0     0   365     0
   571     2     8     1     7     1     3     5     0     1     0     0     1     1     1     1   460     0
   572     2     8     1     7     1     3     5     0     0     0     0     1     1     0     1   416     0
   573     2     6     2     3     5     7     1     1     0     1     1     0     2     1     0   366     1
   574     2     6     2     3     5     7     1     0     0     1     1     1     1     1     0   482     0
   575     1     1     2     2     4     6     8     0     0     0     0     1     3     0     0   645     0
   576     1     1     2     2     4     6     8     1     1     0     0     1     1     1     1   466     0
   577     2     5     0     1     3     5     7     0     0     0     0     0     3     1     1   662     0
   578     2     6     2     3     5     7     1     0     1     1     0     0     2     0     1   374     1
   579     1     3     1     6     8     2     4     0     0     0     0     1     3     0     1   375     0
   580     1     3     1     6     8     2     4     0     1     0     0     0     1     0     1   453     0
   581     2     5     0     1     3     5     7     1     0     0     1     1     3     1     1   558     0
   582     1     4     1     8     2     4     6     1     1     1     0     0     3     0     1   464     0
   583     2     8     1     7     1     3     5     1     0     0     1     0     3     0     1   366     0
   584     2     8     1     7     1     3     5     0     0     0     1     0     1     1     0   522     0
   585     2     5     0     1     3     5     7     0     0     1     1     0     2     0     0   565     0
   586     2     5     0     1     3     5     7     0     1     1     0     1     1     0     1   371     0
   587     2     8     1     7     1     3     5     1     0     0     1     0     2     1     1   420     0
   588     2     8     1     7     1     3     5     1     0     0     1     0     1     0     0   343     0
   589     1     4     1     8     2     4     6     1     1     0     1     1     3     0     1   377     1
   590     1     4     1     8     2     4     6     0     0     0     0     1     1     1     1   368     0
   591     1     3     1     6     8     2     4     1     0     1     0     1     2     1     0   756     0
   592     1     1     2     2     4     6     8     0     1     1     1     1     2     1     1   386     0
   593     2     6     2     3     5     7     1     1     1     1     0     0     3     1     0   429     0
   594     2     5     0     1     3     5     7     0     0     1     1     1     2     1     1   560     0
   595     1     2     2     4     6     8     2     0     0     0     0     1     3     0     0   702     0
   596     1     2     2     4     6     8     2     1     0     0     0     0     1     1     0   608     0
   597     1     4     1     8     2     4     6     1     1     1     1     0     2     0     1   434     0
   598     1     4     1     8     2     4     6     1     0     1     1     0     1     0     1   451     0
   599     2     5     0     1     3     5     7     1     0     1     1     1     3     0     0   372     0
   600     2     6     2     3     5     7     1     0     1     0     1     0     2     1     1   381     0
   601     1     2     2     4     6     8     2     1     1     0     1     1     3     1     0   640     1
   602     1     2     2     4     6     8     2     0     1     1     1     0     1     1     0   769     0
   603     2     6     2     3     5     7     1     1     0     1     1     0     3     1     1   450     0
   604     2     6     2     3     5     7     1     0     1     0     1     0     1     1     1   372     0
   605     1     2     2     4     6     8     2     0     0     0     0     0     3     0     1   357     0
   606     1     2     2     4     6     8     2     0     1     1     1     0     1     0     1   348     0
   607     1     4     1     8     2     4     6     0     0     1     1     1     2     0     1   337     0
   608     1     2     2     4     6     8     2     1     1     0     0     0     2     1     1   449     0
   609     2     5     0     1     3     5     7     0     1     1     0     1     3     1     0   429     0
   610     2     5     0     1     3     5     7     0     1     1     1     1     1     0     0   313     0
   611     2     8     1     7     1     3     5     0     1     0     1     0     2     0     0   373     1
   612     2     8     1     7     1     3     5     0     1     1     1     0     1     0     0   365     0
   613     1     1     2     2     4     6     8     0     0     1     0     1     3     0     1   443     0
   614     2     6     2     3     5     7     1     0     1     0     1     1     3     0     1   423     0
   615     2     5     0     1     3     5     7     0     0     1     0     0     2     0     1   433     0
   616     2     5     0     1     3     5     7     0     0     1     0     0     1     0     0   307     1
   617     1     4     1     8     2     4     6     0     1     1     0     1     3     0     1   434     0
   618     1     3     1     6     8     2     4     0     1     1     1     0     2     0     0   456     0
   619     1     1     2     2     4     6     8     0     1     0     0     0     2     0     0   410     0
   620     1     2     2     4     6     8     2     0     1     1     0     0     2     0     0   575     0
   621     2     8     1     7     1     3     5     0     1     0     0     0     3     0     0   496     0
   622     2     5     0     1     3     5     7     0     1     1     0     1     2     0     0   356     0
   623     1     3     1     6     8     2     4     1     1     1     0     1     3     1     0   443     1
   624     1     3     1     6     8     2     4     1     1     0     0     1     1     0     0   390     0
   625     2     5     0     1     3     5     7     0     0     0     1     1     3     1     1   457     0
   626     2     8     1     7     1     3     5     1     1     0     1     1     2     1     1   525     0
   627     1     4     1     8     2     4     6     1     0     0     0     0     3     0     1   477     0
   628     1     1     2     2     4     6     8     1     1     0     1     0     2     0     1   410     0
   629     1     2     2     4     6     8     2     0     1     1     0     1     2     1     0   359     0
   630     1     2     2     4     6     8     2     1     1     1     0     0     1     1     0   464     0
   631     2     7     0     5     7     1     3     0     1     1     0     1     3     1     0   302     0
   632     2     7     0     5     7     1     3     0     1     1     1     0     1     0     0   530     0
   633     1     4     1     8     2     4     6     1     1     1     0     0     3     1     0   530     0
   634     1     3     1     6     8     2     4     1     0     1     0     0     2     0     1   358     0
   635     1     3     1     6     8     2     4     1     1     0     0     0     1     0     1   485     0
   636     1     2     2     4     6     8     2     1     1     0     1     0     2     0     0   388     0
   637     2     8     1     7     1     3     5     1     1     1     1     1     3     0     0   354     0
   638     2     6     2     3     5     7     1     1     0     1     0     1     2     0     1   340     1
   639     1     3     1     6     8     2     4     0     1     1     0     0     3     1     1   585     0
   640     1     3     1     6     8     2     4     1     1     0     1     1     1     1     0   452     0
   641     2     7     0     5     7     1     3     1     1     0     1     1     3     0     0   369     0
   642     2     5     0     1     3     5     7     0     0     0     1     0     2     1     1   425     1
   643     1     1     2     2     4     6     8     1     0     1     0     1     3     1     0   570     0
   644     1     1     2     2     4     6     8     1     0     0     0     0     1     0     0   493     0
   645     1     1     2     2     4     6     8     0     0     0     1     1     1     1     0   531     0
   646     2     8     1     7     1     3     5     1     0     0     1     0     3     1     0   368     1
   647     2     7     0     5     7     1     3     1     1     0     0     1     2     0     1   351     1
   648     2     7     0     5     7     1     3     0     0     0     0     1     1     1     1   543     0
   649     1     2     2     4     6     8     2     1     0     1     1     1     3     1     0   423     0
   650     2     5     0     1     3     5     7     0     0     1     1     1     3     1     0   427     1
   651     2     5     0     1     3     5     7     0     0     0     1     0     1     0     0   624     0
   652     2     6     2     3     5     7     1     1     1     0     0     1     2     1     1   423     0
   653     1     3     1     6     8     2     4     1     0     0     1     0     3     0     1   388     0
   654     1     3     1     6     8     2     4     0     1     0     1     0     1     1     1   552     0
   655     1     1     2     2     4     6     8     0     1     1     0     1     2     0     0   453     0
   656     1     1     2     2     4     6     8     1     1     1     0     1     1     1     0   381     0
   657     1     3     1     6     8     2     4     1     1     0     0     1     2     0     0   395     1
   658     1     3     1     6     8     2     4     1     1     1     1     0     1     0     0   407     0
   659     2     6     2     3     5     7     1     0     0     1     1     1     3     1     1   482     1
   660     2     6     2     3     5     7     1     1     0     0     1     1     1     1     0   456     0
   661     2     6     2     3     5     7     1     1     1     1     0     1     1     0     1   437     0
   662     2     6     2     3     5     7     1     0     1     0     1     0     1     1     0   641     0
   663     1     2     2     4     6     8     2     0     1     0     0     0     3     0     0   384     0
   664     1     2     2     4     6     8     2     1     1     0     1     0     1     1     0   540     0
   665     2     6     2     3     5     7     1     1     0     0     1     0     3     0     1   490     1
   666     2     7     0     5     7     1     3     0     1     0     1     1     2     1     1   528     0
   667     1     4     1     8     2     4     6     0     1     1     1     1     3     0     0   477     0
   668     2     7     0     5     7     1     3     0     1     1     1     0     3     0     0   602     0
   669     2     7     0     5     7     1     3     0     1     1     1     0     1     0     0   472     0
   670     2     7     0     5     7     1     3     1     0     0     0     1     1     1     1   647     0
   671     1     4     1     8     2     4     6     0     0     1     1     1     3     1     0   579     1
   672     1     4     1     8     2     4     6     0     0     0     0     0     1     0     0   524     0
   673     1     1     2     2     4     6     8     1     0     0     0     1     2     1     0   632     0
   674     1     1     2     2     4     6     8     0     0     1     0     1     1     1     0   498     0
   675     2     8     1     7     1     3     5     1     1     1     1     1     3     1     1   552     0
   676     2     8     1     7     1     3     5     0     0     0     0     1     1     1     1   489     0
   677     2     6     2     3     5     7     1     0     0     1     1     1     2     0     0   451     0
   678     2     7     0     5     7     1     3     0     1     0     0     1     2     0     1   487     0
   679     2     6     2     3     5     7     1     0     0     0     1     1     2     0     1   399     0
   680     2     6     2     3     5     7     1     1     0     0     1     1     1     1     0   426     0
   681     2     5     0     1     3     5     7     1     1     1     1     1     2     0     1   702     0
   682     2     6     2     3     5     7     1     0     0     0     1     0     2     1     1   571     1
   683     1     4     1     8     2     4     6     0     1     0     1     0     3     0     1   504     0
   684     2     5     0     1     3     5     7     1     0     0     0     1     3     1     1   485     0
   685     1     3     1     6     8     2     4     1     0     1     0     1     3     0     0   455     0
   686     1     2     2     4     6     8     2     1     1     0     1     0     2     0     1   567     0
   687     1     1     2     2     4     6     8     0     0     1     0     1     2     1     1   574     0
   688     1     1     2     2     4     6     8     1     0     0     1     0     1     1     0   435     0
   689     2     8     1     7     1     3     5     0     0     0     0     0     3     1     0   444     0
   690     2     7     0     5     7     1     3     1     1     0     1     0     2     1     1   845     0
   691     1     1     2     2     4     6     8     1     0     1     1     1     3     0     1   469     0
   692     1     1     2     2     4     6     8     1     1     0     1     0     1     0     1   446     0
   693     1     4     1     8     2     4     6     0     0     1     0     0     2     1     1   364     0
   694     1     4     1     8     2     4     6     1     0     1     0     1     1     1     0   620     0
   695     2     5     0     1     3     5     7     0     1     1     0     0     3     1     1   468     0
   696     1     2     2     4     6     8     2     1     0     0     0     1     3     1     1   383     0
   697     1     1     2     2     4     6     8     1     0     1     1     1     2     0     0   602     0
   698     1     1     2     2     4     6     8     1     0     1     1     1     1     0     0   413     0
   699     1     3     1     6     8     2     4     0     0     1     0     1     2     1     0   695     0
   700     2     6     2     3     5     7     1     0     0     1     1     0     3     0     0   522     0
   701     2     7     0     5     7     1     3     1     0     1     1     0     2     1     0   405     0
   702     2     7     0     5     7     1     3     1     0     0     1     0     1     0     0   367     0
   703     1     2     2     4     6     8     2     0     0     0     1     0     3     1     0   430     0
   704     1     2     2     4     6     8     2     1     0     0     0     0     1     1     0   443     0
   705     1     1     2     2     4     6     8     0     0     0     0     1     2     1     0   383     0
   706     1     1     2     2     4     6     8     1     0     0     0     1     1     1     0   391     0
   707     2     8     1     7     1     3     5     0     1     1     1     1     3     1     1   507     0
   708     2     8     1     7     1     3     5     0     1     1     0     0     1     0     0   364     1
   709     2     7     0     5     7     1     3     0     1     1     0     0     2     0     0   559     0
   710     2     7     0     5     7     1     3     0     0     0     1     1     1     0     1   410     1
   711     2     8     1     7     1     3     5     1     1     0     0     1     2     1     1   735     0
   712     2     5     0     1     3     5     7     0     1     1     0     1     2     1     0   660     0
   713     2     7     0     5     7     1     3     1     0     1     1     0     2     1     1   676     0
   714     2     6     2     3     5     7     1     0     0     1     1     1     2     1     0   951     0
   715     2     6     2     3     5     7     1     0     0     1     0     1     1     0     0  1052     0
   716     2     6     2     3     5     7     1     1     0     0     1     0     1     1     0   589     0
   717     2     6     2     3     5     7     1     0     1     1     1     1     1     1     1   530     0
   718     2     6     2     3     5     7     1     0     1     1     0     1     1     0     0   447     0
   719     1     3     1     6     8     2     4     0     1     0     1     1     3     0     0   628     0
   720     1     4     1     8     2     4     6     1     0     1     0     1     2     1     1   581     0
   721     2     7     0     5     7     1     3     0     1     0     0     1     3     1     1   660     1
   722     2     7     0     5     7     1     3     1     0     0     1     0     1     1     1   972     1
   723     2     5     0     1     3     5     7     1     0     1     0     0     2     0     0   717     0
   724     2     5     0     1     3     5     7     0     0     0     1     0     1     1     0   722     1
   725     2     6     2     3     5     7     1     1     0     0     1     0     2     1     0   638     0
   726     2     6     2     3     5     7     1     0     0     1     1     1     1     1     0   735     0
   727     1     1     2     2     4     6     8     0     0     0     0     1     3     0     0   809     0
   728     1     1     2     2     4     6     8     1     1     1     0     1     1     1     1   701     0
   729     1     2     2     4     6     8     2     0     1     1     0     1     2     1     0   744     1
   730     1     2     2     4     6     8     2     1     1     1     0     1     1     1     0   868     0
   731     1     2     2     4     6     8     2     1     1     0     0     1     1     0     0   522     0
   732     1     2     2     4     6     8     2     1     1     0     0     0     1     0     0   495     0
   733     1     2     2     4     6     8     2     1     1     0     1     0     1     0     0   409     0
   734     1     4     1     8     2     4     6     1     0     1     1     0     2     0     1   561     0
   735     1     3     1     6     8     2     4     0     1     1     0     0     2     1     1   540     1
   736     1     4     1     8     2     4     6     1     1     0     1     0     2     1     0   920     0
   737     1     2     2     4     6     8     2     1     1     1     1     1     2     0     0   481     0
   738     1     1     2     2     4     6     8     1     1     0     1     0     2     0     0   539     0
   739     2     8     1     7     1     3     5     0     1     1     0     1     3     1     0   641     1
   740     2     8     1     7     1     3     5     0     0     1     1     1     1     0     1   614     0
   741     2     8     1     7     1     3     5     1     1     1     0     0     1     1     1   990     0
   742     2     6     2     3     5     7     1     0     0     0     1     0     2     1     1   539     0
   743     2     5     0     1     3     5     7     0     1     1     1     0     2     0     1   573     0
   744     2     5     0     1     3     5     7     0     1     0     0     0     1     0     0   498     0
   745     2     7     0     5     7     1     3     1     1     0     0     0     2     1     0   752     0
   746     2     5     0     1     3     5     7     1     1     1     1     1     2     0     0   585     0
   747     2     5     0     1     3     5     7     0     1     0     1     0     1     1     0   557     0
   748     2     5     0     1     3     5     7     1     1     0     1     1     1     1     0   411     0
   749     2     8     1     7     1     3     5     0     1     0     0     1     2     1     0   488     1
   750     2     8     1     7     1     3     5     1     1     0     1     1     1     1     0   524     0
   751     1     3     1     6     8     2     4     1     0     0     0     0     3     0     1   449     0
   752     1     3     1     6     8     2     4     0     1     0     0     0     1     1     1   571     0
   753     2     8     1     7     1     3     5     0     0     0     0     1     3     0     1   703     0
   754     2     8     1     7     1     3     5     1     1     0     0     0     1     1     1   441     0
   755     1     1     2     2     4     6     8     0     1     1     0     0     3     1     0   495     0
   756     1     2     2     4     6     8     2     1     1     0     0     1     2     1     0   367     0
   757     2     8     1     7     1     3     5     1     1     0     0     0     3     0     0   537     0
   758     2     8     1     7     1     3     5     0     1     1     0     1     1     1     0   423     1
   759     2     6     2     3     5     7     1     1     1     1     1     1     2     1     0   426     0
   760     1     3     1     6     8     2     4     1     1     0     0     0     3     0     0   462     0
   761     2     6     2     3     5     7     1     1     1     1     1     0     3     0     0   413     0
   762     2     6     2     3     5     7     1     0     0     0     1     1     1     1     1   413     1
   763     1     4     1     8     2     4     6     1     1     0     1     0     3     1     1   521     0
   764     1     4     1     8     2     4     6     1     0     0     1     1     1     0     1   502     0
   765     1     3     1     6     8     2     4     1     1     0     0     1     2     0     1   548     0
   766     1     3     1     6     8     2     4     0     1     1     1     0     1     1     0   674     0
   767     2     8     1     7     1     3     5     0     1     0     0     0     3     0     0   573     0
   768     2     5     0     1     3     5     7     0     0     0     0     1     2     0     1   631     0
   769     1     1     2     2     4     6     8     1     1     1     0     1     3     1     1   366     0
   770     1     1     2     2     4     6     8     0     1     1     0     1     1     1     0   408     0
   771     1     1     2     2     4     6     8     1     1     1     0     0     1     1     0   356     0
   772     1     1     2     2     4     6     8     1     1     0     0     1     1     0     0   356     0
   773     2     6     2     3     5     7     1     1     0     1     0     1     3     0     1   463     0
   774     2     6     2     3     5     7     1     0     0     1     0     1     1     1     0   384     1
   775     1     4     1     8     2     4     6     0     0     0     1     0     3     0     0   550     0
   776     1     4     1     8     2     4     6     0     0     1     1     0     1     0     0   640     0
   777     2     6     2     3     5     7     1     1     0     1     1     1     3     1     0   635     0
   778     2     6     2     3     5     7     1     1     1     1     0     0     1     0     1   398     0
   779     1     1     2     2     4     6     8     1     1     1     0     1     3     0     0   439     0
   780     2     8     1     7     1     3     5     0     0     0     1     0     3     1     1   622     0
   781     1     2     2     4     6     8     2     0     1     1     1     1     3     0     1   404     0
   782     1     2     2     4     6     8     2     1     0     1     1     1     1     1     1   490     0
   783     2     6     2     3     5     7     1     1     0     0     1     1     3     0     0   455     0
   784     2     6     2     3     5     7     1     0     0     1     1     0     1     1     0   448     0
   785     2     6     2     3     5     7     1     0     1     1     0     0     1     0     1   464     0
   786     2     5     0     1     3     5     7     1     1     0     0     1     2     1     0   429     1
   787     1     2     2     4     6     8     2     0     0     1     1     0     3     1     1   583     0
   788     1     2     2     4     6     8     2     1     0     0     1     0     1     1     0   443     0
   789     2     7     0     5     7     1     3     1     1     1     1     1     3     0     1   494     0
   790     2     7     0     5     7     1     3     1     0     0     0     1     1     0     1   302     0
   791     1     1     2     2     4     6     8     1     1     1     0     0     3     0     1   379     0
   792     1     4     1     8     2     4     6     0     1     1     1     1     2     1     0   481     0
   793     2     6     2     3     5     7     1     0     0     1     1     0     3     0     1   470     0
   794     2     7     0     5     7     1     3     1     1     0     0     0     2     1     1   473     1
   795     1     2     2     4     6     8     2     0     1     0     0     1     3     1     0   369     0
   796     1     2     2     4     6     8     2     0     1     1     0     0     1     0     0   315     0
   797     2     5     0     1     3     5     7     1     0     1     1     0     3     1     1   612     0
   798     2     6     2     3     5     7     1     0     0     0     0     1     2     1     0   322     1
   799     1     2     2     4     6     8     2     0     1     1     1     0     3     0     1   398     0
   800     1     1     2     2     4     6     8     1     1     0     0     0     2     1     0   551     0
   801     2     6     2     3     5     7     1     0     1     0     1     0     3     1     0   456     0
   802     1     3     1     6     8     2     4     0     0     0     1     0     3     0     1   422     0
   803     1     1     2     2     4     6     8     1     0     1     1     1     2     1     0   374     1
   804     1     1     2     2     4     6     8     0     0     0     1     0     1     1     0   476     0
   805     1     3     1     6     8     2     4     0     0     0     1     1     2     0     0   518     0
   806     1     3     1     6     8     2     4     1     0     0     0     0     1     1     0   485     0
   807     1     3     1     6     8     2     4     1     1     0     0     0     1     0     1   500     0
   808     1     3     1     6     8     2     4     1     1     0     0     1     1     0     0   362     1
   809     1     2     2     4     6     8     2     0     1     0     0     0     2     1     0   484     0
   810     1     2     2     4     6     8     2     1     0     0     1     0     1     1     1   742     0
   811     1     2     2     4     6     8     2     0     1     0     0     1     1     1     1   412     0
   812     1     2     2     4     6     8     2     1     0     0     1     0     1     1     1   514     0
   813     2     5     0     1     3     5     7     0     0     1     1     1     3     1     0   566     0
   814     2     5     0     1     3     5     7     0     1     1     0     0     1     0     1   398     0
   815     1     4     1     8     2     4     6     1     0     0     0     0     3     1     1   459     0
   816     1     4     1     8     2     4     6     0     0     0     0     0     1     1     0   439     0
   817     2     8     1     7     1     3     5     0     1     0     0     0     3     0     1   612     0
   818     2     6     2     3     5     7     1     0     0     1     1     0     2     0     1   507     0
   819     1     3     1     6     8     2     4     1     1     0     1     1     3     1     1   758     0
   820     1     3     1     6     8     2     4     1     1     0     0     1     1     0     0   437     0
   821     2     5     0     1     3     5     7     1     0     0     1     1     3     0     1   480     0
   822     2     5     0     1     3     5     7     0     0     0     1     1     1     1     0   493     0
   823     1     2     2     4     6     8     2     1     1     0     1     1     3     1     1   416     0
   824     1     2     2     4     6     8     2     1     1     0     1     1     1     0     0   405     0
   825     2     7     0     5     7     1     3     1     0     1     1     1     3     0     1   428     0
   826     2     7     0     5     7     1     3     1     1     0     1     1     1     0     1   375     0
   827     1     1     2     2     4     6     8     0     0     1     0     0     3     1     1   595     0
   828     1     1     2     2     4     6     8     0     0     1     0     1     1     0     0   562     0
   829     1     2     2     4     6     8     2     1     1     0     1     0     2     1     1   420     0
   830     2     7     0     5     7     1     3     0     1     1     0     1     3     1     0   647     0
   831     1     4     1     8     2     4     6     1     1     0     1     1     3     1     0   536     1
   832     1     4     1     8     2     4     6     0     1     1     1     0     1     1     0   457     0
   833     1     4     1     8     2     4     6     0     1     0     1     1     1     0     0   477     0
   834     1     4     1     8     2     4     6     0     1     1     0     0     1     0     0   363     0
   835     1     4     1     8     2     4     6     0     0     0     1     1     1     0     1   456     0
   836     1     2     2     4     6     8     2     1     0     1     0     0     2     1     0   736     1
   837     1     2     2     4     6     8     2     1     1     0     1     1     1     0     1   355     0
   838     1     4     1     8     2     4     6     1     1     0     1     1     2     0     0   441     0
   839     1     4     1     8     2     4     6     1     0     0     0     1     1     0     1   421     0
   840     2     5     0     1     3     5     7     0     0     1     1     0     3     1     0   600     0
   841     1     2     2     4     6     8     2     1     1     0     1     1     3     1     1   602     0
   842     1     2     2     4     6     8     2     0     1     1     0     1     1     1     0   389     0
   843     2     8     1     7     1     3     5     0     1     1     1     0     3     0     0   400     1
   844     2     8     1     7     1     3     5     1     1     0     0     0     1     1     0   610     0
   845     2     5     0     1     3     5     7     0     0     0     0     0     2     1     1   469     0
   846     2     5     0     1     3     5     7     0     1     0     0     0     1     0     1   355     0
   847     1     3     1     6     8     2     4     0     1     0     1     0     3     0     0   498     0
   848     2     8     1     7     1     3     5     1     1     1     0     1     3     1     0   472     0
   849     2     6     2     3     5     7     1     1     0     0     0     0     2     0     1   563     1
   850     2     6     2     3     5     7     1     0     0     1     1     1     1     1     0   411     0
   851     1     4     1     8     2     4     6     0     0     0     0     0     3     0     0   463     0
   852     1     1     2     2     4     6     8     0     0     0     0     1     2     0     0   348     1
   853     2     7     0     5     7     1     3     1     0     0     1     0     3     1     0   929     0
   854     2     7     0     5     7     1     3     1     1     0     1     1     1     0     1   428     0
   855     2     8     1     7     1     3     5     0     1     0     0     1     2     1     0   484     0
   856     2     8     1     7     1     3     5     0     1     1     0     1     1     0     0   396     0
   857     1     1     2     2     4     6     8     1     0     0     0     0     3     1     1   445     0
   858     1     1     2     2     4     6     8     0     1     0     1     0     1     1     1   373     0
   859     2     6     2     3     5     7     1     1     1     1     1     1     3     1     0   379     0
   860     2     8     1     7     1     3     5     0     1     0     1     0     2     1     0   470     0
   861     1     2     2     4     6     8     2     1     0     0     1     0     3     1     1   475     0
   862     1     2     2     4     6     8     2     0     1     0     1     1     1     1     1   351     0
   863     1     3     1     6     8     2     4     0     0     1     0     0     2     0     1   614     0
   864     1     3     1     6     8     2     4     0     0     1     0     0     1     0     0   362     0
   865     1     3     1     6     8     2     4     0     0     1     0     0     1     0     0   360     0
   866     1     3     1     6     8     2     4     0     1     1     0     1     1     0     1   342     1
   867     2     8     1     7     1     3     5     0     1     1     1     0     3     0     0   528     0
   868     1     3     1     6     8     2     4     1     1     0     0     1     3     1     0   585     0
   869     2     6     2     3     5     7     1     0     1     0     0     0     3     1     0   561     0
   870     2     7     0     5     7     1     3     0     0     0     1     0     2     0     1   377     0
   871     1     1     2     2     4     6     8     1     0     1     0     1     3     1     0   670     0
   872     1     2     2     4     6     8     2     0     0     0     1     1     2     1     0   449     0
   873     1     1     2     2     4     6     8     0     0     0     1     0     2     0     0   447     0
   874     1     1     2     2     4     6     8     0     1     1     0     1     1     0     1   354     0
   875     1     4     1     8     2     4     6     1     0     1     0     1     2     1     1   748     0
   876     1     4     1     8     2     4     6     1     1     1     1     1     1     0     1   401     0
   877     1     4     1     8     2     4     6     1     0     1     1     1     1     0     1   484     0
   878     1     3     1     6     8     2     4     1     1     1     1     0     2     0     1   582     0
   879     1     1     2     2     4     6     8     0     0     1     0     0     2     1     1   521     0
   880     1     1     2     2     4     6     8     1     1     1     1     1     1     1     1   447     0
   881     1     2     2     4     6     8     2     1     0     0     1     0     2     0     1   325     0
   882     1     2     2     4     6     8     2     0     0     1     1     0     1     1     0   479     0
   883     1     2     2     4     6     8     2     1     0     1     1     1     1     1     0   527     0
   884     1     1     2     2     4     6     8     1     1     1     1     0     2     0     1   360     0
   885     2     6     2     3     5     7     1     1     1     1     0     0     3     0     0   424     0
   886     1     1     2     2     4     6     8     0     1     1     1     1     3     1     0   392     0
   887     2     7     0     5     7     1     3     0     0     0     0     1     3     0     1   537     0
   888     2     8     1     7     1     3     5     1     0     0     1     0     2     1     0   502     0
   889     2     8     1     7     1     3     5     0     0     1     1     0     1     1     0   695     0
   890     2     8     1     7     1     3     5     0     0     1     0     1     1     0     0   413     0
   891     2     5     0     1     3     5     7     1     1     0     0     0     2     1     1   578     0
   892     1     4     1     8     2     4     6     0     1     1     0     0     3     1     0   340     1
   893     2     8     1     7     1     3     5     0     1     1     0     1     3     0     0   567     0
   894     1     3     1     6     8     2     4     0     1     0     0     1     3     0     0   426     0
   895     1     4     1     8     2     4     6     0     0     1     0     1     2     0     1   496     0
   896     1     4     1     8     2     4     6     1     0     1     0     0     1     1     0   354     0
