     1     1     2     2     4     6     8     2     0     1     0     1     0     0     1     0   727     0
     2     1     2     2     4     6     8     2     1     1     0     1     0     1     1     0  1070     1
     3     2     7     0     5     7     1     3     0     1     0     0     1     3     1     0   953     0
     4     2     7     0     5     7     1     3     0     1     0     1     0     1     0     0   600     0
     5     1     3     1     6     8     2     4     1     1     1     1     1     3     1     0   735     0
     6     1     3     1     6     8     2     4     1     1     0     0     0     1     0     0   623     0
     7     1     2     2     4     6     8     2     1     1     0     0     1     2     0     0   978     0
     8     1     3     1     6     8     2     4     0     0     0     1     1     2     1     1   652     0
     9     2     6     2     3     5     7     1     0     0     0     1     0     3     0     0   656     0
    10     2     5     0     1     3     5     7     1     1     1     0     1     2     1     1  1078     1
    11     1     3     1     6     8     2     4     1     0     1     1     0     3     0     1   760     1
    12     1     3     1     6     8     2     4     1     0     0     1     1     1     0     0   802     0
    13     1     2     2     4     6     8     2     0     1     0     0     1     2     1     1   807     0
    14     1     2     2     4     6     8     2     1     1     1     1     1     1     1     0   809     0
    15     1     2     2     4     6     8     2     1     0     0     0     1     1     0     1  1150     1
    16     1     2     2     4     6     8     2     1     1     0     0     0     1     0     1   919     0
    17     1     4     1     8     2     4     6     0     0     1     0     0     2     1     1   868     0
    18     1     4     1     8     2     4     6     0     1     0     0     1     1     0     1   774     0
    19     2     6     2     3     5     7     1     1     1     0     1     1     3     1     0   592     0
    20     2     7     0     5     7     1     3     0     0     1     0     0     2     1     1   582     0
    21     2     5     0     1     3     5     7     1     0     1     1     0     2     1     0   608     1
    22     2     5     0     1     3     5     7     0     1     0     1     1     1     1     1   728     0
    23     1     2     2     4     6     8     2     0     0     0     0     0     3     0     1   627     0
    24     1     2     2     4     6     8     2     0     1     0     1     0     1     0     1   596     0
    25     1     2     2     4     6     8     2     0     0     0     1     0     1     0     1   590     0
    26     1     2     2     4     6     8     2     0     0     0     1     0     1     0     0   488     1
    27     1     2     2     4     6     8     2     1     0     1     1     0     1     1     0   756     0
    28     2     5     0     1     3     5     7     0     0     0     1     0     3     1     0   681     0
    29     1     3     1     6     8     2     4     0     1     1     1     0     3     0     1   578     0
    30     1     3     1     6     8     2     4     1     0     1     1     1     1     1     1   668     1
    31     1     3     1     6     8     2     4     1     0     1     1     0     1     0     0   766     0
    32     1     1     2     2     4     6     8     0     0     1     0     1     2     1     0   877     0
    33     1     2     2     4     6     8     2     0     1     1     1     0     2     0     1   795     0
    34     2     7     0     5     7     1     3     0     1     1     1     0     3     0     0   829     0
    35     1     3     1     6     8     2     4     0     0     0     1     1     3     0     1   515     0
    36     1     3     1     6     8     2     4     0     0     0     0     0     1     0     0   813     0
    37     2     8     1     7     1     3     5     1     1     1     0     1     3     1     1   723     0
    38     2     8     1     7     1     3     5     0     0     1     1     0     1     1     1   677     0
    39     1     4     1     8     2     4     6     0     1     1     0     0     3     0     1   695     0
    40     1     1     2     2     4     6     8     1     1     0     0     1     2     1     0   691     1
    41     1     3     1     6     8     2     4     1     0     1     0     1     2     0     1  1104     0
    42     1     3     1     6     8     2     4     1     1     0     0     1     1     0     1   658     0
    43     2     6     2     3     5     7     1     1     0     0     1     0     3     0     1   697     1
    44     2     7     0     5     7     1     3     1     0     1     1     0     2     0     0   653     0
    45     1     2     2     4     6     8     2     1     0     0     1     1     3     0     0   763     0
    46     1     2     2     4     6     8     2     1     1     1     1     1     1     0     1   588     0
    47     1     1     2     2     4     6     8     0     1     0     0     0     2     1     0  1057     0
    48     1     1     2     2     4     6     8     1     0     0     0     1     1     1     1   815     0
    49     1     1     2     2     4     6     8     1     0     1     0     1     1     0     0   686     0
    50     1     1     2     2     4     6     8     1     1     1     1     0     1     0     1   545     0
    51     1     4     1     8     2     4     6     1     0     0     0     1     2     0     1   562     0
    52     1     4     1     8     2     4     6     0     0     0     1     1     1     1     0   846     0
    53     2     6     2     3     5     7     1     1     1     0     0     1     3     1     1   540     0
    54     2     6     2     3     5     7     1     1     1     0     0     0     1     0     0   511     0
    55     2     5     0     1     3     5     7     1     0     0     1     0     2     0     1   744     0
    56     2     5     0     1     3     5     7     0     1     1     0     0     1     1     1  1100     1
    57     2     5     0     1     3     5     7     0     0     1     1     0     1     0     1   754     0
    58     2     5     0     1     3     5     7     0     0     1     0     1     1     0     0   547     0
    59     1     4     1     8     2     4     6     0     0     0     0     0     3     0     0   537     0
    60     1     4     1     8     2     4     6     0     0     1     0     1     1     0     0   536     0
    61     2     7     0     5     7     1     3     1     1     0     1     1     3     1     1   844     1
    62     2     7     0     5     7     1     3     0     1     1     0     1     1     1     0  1087     0
    63     1     3     1     6     8     2     4     1     0     1     1     0     3     1     1  1016     0
    64     1     1     2     2     4     6     8     1     0     0     1     1     2     0     0   714     0
    65     2     7     0     5     7     1     3     0     0     0     1     1     3     1     0   654     0
    66     2     7     0     5     7     1     3     0     1     0     0     1     1     0     1   652     0
    67     1     4     1     8     2     4     6     1     1     1     1     1     3     1     0   883     0
    68     1     4     1     8     2     4     6     1     0     1     0     1     1     0     1   602     0
    69     1     2     2     4     6     8     2     0     1     1     0     1     2     1     1   763     0
    70     1     1     2     2     4     6     8     0     0     1     1     0     2     0     1  1100     0
    71     1     3     1     6     8     2     4     1     1     0     1     0     2     1     1   964     1
    72     1     4     1     8     2     4     6     1     1     1     0     1     2     0     0   700     0
    73     1     3     1     6     8     2     4     1     0     0     0     0     2     0     1   584     0
    74     2     8     1     7     1     3     5     0     1     0     1     0     3     1     1   786     0
    75     2     7     0     5     7     1     3     1     1     0     1     1     2     1     0  1058     0
    76     2     7     0     5     7     1     3     0     0     0     0     0     1     1     1   630     0
    77     1     1     2     2     4     6     8     1     0     1     0     1     3     1     0   581     0
    78     1     1     2     2     4     6     8     0     1     1     0     1     1     1     1   660     0
    79     2     6     2     3     5     7     1     1     0     1     0     0     3     1     1   710     0
    80     2     6     2     3     5     7     1     1     1     0     1     1     1     0     1   589     0
    81     2     6     2     3     5     7     1     1     0     0     1     0     1     0     1   617     0
    82     2     6     2     3     5     7     1     1     0     1     0     1     1     0     0   831     0
    83     1     4     1     8     2     4     6     1     1     0     1     1     3     0     1   661     0
    84     2     7     0     5     7     1     3     1     0     1     0     1     3     0     1   741     0
    85     1     3     1     6     8     2     4     0     0     1     0     1     3     1     0   674     0
    86     1     4     1     8     2     4     6     1     0     0     1     0     2     1     0   601     0
    87     1     1     2     2     4     6     8     0     1     0     1     0     2     1     1   578     0
    88     1     1     2     2     4     6     8     0     0     0     0     0     1     0     1   739     0
    89     1     2     2     4     6     8     2     0     1     1     1     0     2     0     1   691     0
    90     1     2     2     4     6     8     2     1     0     0     0     1     1     1     1   517     1
    91     1     3     1     6     8     2     4     0     0     1     1     1     2     1     0   617     0
    92     1     3     1     6     8     2     4     0     1     1     1     0     1     0     1   620     0
    93     1     4     1     8     2     4     6     0     0     0     1     0     2     0     1   576     0
    94     1     4     1     8     2     4     6     0     1     1     1     0     1     0     1   433     1
    95     2     5     0     1     3     5     7     1     1     0     1     0     3     1     0   699     0
    96     1     4     1     8     2     4     6     0     0     1     1     0     3     1     1   672     0
    97     2     8     1     7     1     3     5     1     0     1     1     0     3     1     0   729     0
    98     2     8     1     7     1     3     5     0     1     1     1     0     1     1     1   597     0
    99     2     7     0     5     7     1     3     1     0     0     1     1     2     1     1   676     0
   100     2     7     0     5     7     1     3     0     0     0     0     1     1     1     0   599     0
   101     1     3     1     6     8     2     4     1     1     1     0     1     3     1     1   582     0
   102     1     3     1     6     8     2     4     0     1     0     0     1     1     1     0   730     1
   103     1     1     2     2     4     6     8     0     1     1     0     1     2     0     0  1024     0
   104     1     1     2     2     4     6     8     1     0     1     1     1     1     1     1   573     0
   105     2     7     0     5     7     1     3     0     1     0     1     1     3     1     1   816     0
   106     2     8     1     7     1     3     5     0     1     1     1     1     2     0     0   597     0
   107     2     6     2     3     5     7     1     0     1     1     1     0     2     0     0   683     0
   108     2     6     2     3     5     7     1     1     1     0     1     0     1     1     0   553     0
   109     2     8     1     7     1     3     5     0     0     1     1     0     2     1     1   588     0
   110     2     8     1     7     1     3     5     1     1     0     1     0     1     1     1   586     0
   111     2     7     0     5     7     1     3     0     1     0     0     1     2     1     0   672     0
   112     2     7     0     5     7     1     3     0     0     1     0     1     1     0     1   500     0
   113     1     1     2     2     4     6     8     1     1     0     1     1     3     1     1   664     0
   114     1     1     2     2     4     6     8     0     0     0     0     0     1     1     1   603     0
   115     2     5     0     1     3     5     7     1     0     1     0     1     3     1     0   538     1
   116     2     5     0     1     3     5     7     1     1     1     0     0     1     0     1   677     0
   117     1     1     2     2     4     6     8     1     1     1     0     1     3     0     0   501     0
   118     1     1     2     2     4     6     8     1     1     0     1     0     1     0     0   612     0
   119     1     2     2     4     6     8     2     0     0     0     0     0     2     1     1   542     0
   120     1     2     2     4     6     8     2     0     1     0     1     0     1     0     1   605     0
   121     1     2     2     4     6     8     2     1     0     0     1     0     1     1     1   613     1
   122     1     2     2     4     6     8     2     1     1     0     1     1     1     0     1   627     0
   123     2     7     0     5     7     1     3     0     1     0     0     1     3     1     0   709     1
   124     2     7     0     5     7     1     3     1     0     0     1     0     1     1     1   644     0
   125     1     3     1     6     8     2     4     0     0     1     1     1     3     1     0  1108     0
   126     1     4     1     8     2     4     6     0     0     1     0     1     2     0     0   859     0
   127     2     6     2     3     5     7     1     1     0     0     0     0     3     1     0   521     0
   128     2     7     0     5     7     1     3     0     1     0     0     0     2     1     1   691     0
   129     1     1     2     2     4     6     8     1     0     0     1     1     3     1     1   663     1
   130     1     1     2     2     4     6     8     1     1     1     0     1     1     0     1   607     0
   131     2     6     2     3     5     7     1     0     0     0     0     1     3     1     1   550     0
   132     1     3     1     6     8     2     4     1     0     0     0     1     3     1     0   760     0
   133     1     1     2     2     4     6     8     0     1     0     1     0     2     1     1   591     0
   134     1     1     2     2     4     6     8     0     1     0     0     1     1     0     0   636     0
   135     2     7     0     5     7     1     3     0     0     1     0     1     3     0     1   627     0
   136     2     7     0     5     7     1     3     1     0     1     1     1     1     1     0   890     1
   137     2     8     1     7     1     3     5     1     0     0     1     1     2     0     0   764     0
   138     2     8     1     7     1     3     5     0     0     1     1     0     1     1     0   551     1
   139     2     5     0     1     3     5     7     0     1     1     0     1     2     0     1   530     0
   140     2     6     2     3     5     7     1     1     1     0     0     0     2     1     0   603     1
   141     2     5     0     1     3     5     7     0     1     1     0     0     2     1     0  1128     0
   142     2     5     0     1     3     5     7     0     1     1     1     0     1     0     0   520     0
   143     1     1     2     2     4     6     8     1     0     1     1     1     3     1     1   478     0
   144     2     8     1     7     1     3     5     0     0     1     1     0     3     1     0   530     1
   145     2     6     2     3     5     7     1     0     0     0     0     0     2     0     0   607     0
   146     1     1     2     2     4     6     8     1     1     1     1     0     3     1     1   493     0
   147     2     8     1     7     1     3     5     0     0     1     1     1     3     1     1   725     0
   148     2     8     1     7     1     3     5     1     0     0     1     0     1     1     0   470     0
   149     1     3     1     6     8     2     4     1     1     0     0     0     3     0     1   667     0
   150     1     3     1     6     8     2     4     0     0     0     0     1     1     1     1   552     0
   151     2     5     0     1     3     5     7     1     1     0     0     0     3     1     1   570     0
   152     2     6     2     3     5     7     1     1     1     0     1     0     2     0     0   575     1
   153     1     4     1     8     2     4     6     1     1     1     1     1     3     0     0   721     0
   154     1     2     2     4     6     8     2     1     1     1     1     0     2     0     0   606     0
   155     2     5     0     1     3     5     7     0     0     1     0     1     3     1     1   711     0
   156     2     5     0     1     3     5     7     0     0     1     0     0     1     0     0   562     0
   157     2     8     1     7     1     3     5     0     0     1     1     0     2     0     0   622     0
   158     2     5     0     1     3     5     7     0     0     1     0     1     2     0     0   463     0
   159     1     4     1     8     2     4     6     1     1     1     1     0     3     1     1   500     0
   160     2     7     0     5     7     1     3     1     0     0     1     1     3     0     1   582     1
   161     1     2     2     4     6     8     2     0     0     0     1     1     3     1     0   866     0
   162     2     7     0     5     7     1     3     0     0     0     1     1     3     0     0   574     0
   163     1     1     2     2     4     6     8     1     1     0     0     1     3     1     1   661     0
   164     1     1     2     2     4     6     8     0     0     0     0     1     1     1     1   504     0
   165     1     2     2     4     6     8     2     0     0     1     1     1     2     0     0   484     0
   166     1     2     2     4     6     8     2     1     0     0     1     1     1     1     0   897     0
   167     1     1     2     2     4     6     8     1     0     1     0     1     2     0     0   525     0
   168     1     2     2     4     6     8     2     0     1     1     0     1     2     1     1   606     0
   169     2     8     1     7     1     3     5     1     0     0     0     0     3     1     1   491     0
   170     2     8     1     7     1     3     5     1     1     1     0     0     1     0     1   925     0
   171     2     6     2     3     5     7     1     1     1     0     1     0     2     0     0   617     0
   172     2     8     1     7     1     3     5     0     1     0     1     1     2     1     0   786     0
   173     1     3     1     6     8     2     4     1     1     1     1     0     3     1     0   696     0
   174     1     3     1     6     8     2     4     0     0     0     0     0     1     1     1   591     1
   175     1     2     2     4     6     8     2     0     1     1     1     1     2     0     1   573     0
   176     2     7     0     5     7     1     3     0     0     1     0     0     3     0     1   406     0
   177     1     4     1     8     2     4     6     0     0     0     0     0     3     0     0   566     0
   178     1     4     1     8     2     4     6     0     1     1     0     0     1     0     1   469     1
   179     1     2     2     4     6     8     2     0     1     0     1     0     2     0     0   572     0
   180     1     2     2     4     6     8     2     1     1     1     0     1     1     1     0   733     0
   181     1     2     2     4     6     8     2     0     1     0     0     0     1     1     0   578     0
   182     2     5     0     1     3     5     7     1     1     1     1     0     3     1     0   552     0
   183     1     2     2     4     6     8     2     1     1     1     0     0     3     0     0   532     0
   184     1     2     2     4     6     8     2     1     0     1     1     0     1     0     1   545     0
   185     2     8     1     7     1     3     5     1     1     0     1     0     3     0     1   687     0
   186     2     5     0     1     3     5     7     1     0     0     1     1     2     0     1   568     0
   187     2     6     2     3     5     7     1     0     1     1     1     1     2     1     1   567     0
   188     2     6     2     3     5     7     1     0     1     0     1     0     1     0     0   466     0
   189     1     3     1     6     8     2     4     0     1     1     1     1     3     0     0   449     0
   190     1     4     1     8     2     4     6     1     1     1     0     1     2     1     0   451     0
   191     2     7     0     5     7     1     3     1     1     0     1     1     3     0     0   457     1
   192     1     4     1     8     2     4     6     0     1     0     1     1     3     1     0   562     0
   193     2     5     0     1     3     5     7     1     1     1     1     1     3     1     0   461     0
   194     2     5     0     1     3     5     7     0     0     0     0     0     1     1     1   511     0
   195     2     6     2     3     5     7     1     1     1     0     0     0     2     1     1   528     0
   196     2     6     2     3     5     7     1     1     0     1     1     1     1     0     1   485     0
   197     1     3     1     6     8     2     4     0     0     1     1     1     3     1     0   913     0
   198     1     3     1     6     8     2     4     0     1     0     0     0     1     0     1   523     1
   199     1     4     1     8     2     4     6     1     0     1     0     1     2     1     1   554     0
   200     2     5     0     1     3     5     7     1     1     1     1     0     3     0     1   513     0
   201     1     4     1     8     2     4     6     1     0     0     0     1     3     0     1   423     0
   202     1     1     2     2     4     6     8     0     0     0     1     0     2     1     0   612     0
   203     1     2     2     4     6     8     2     1     0     0     0     1     2     1     0   622     0
   204     1     2     2     4     6     8     2     1     0     1     1     1     1     0     0   423     0
   205     2     7     0     5     7     1     3     0     1     1     0     1     3     1     1   497     0
   206     2     7     0     5     7     1     3     0     0     0     0     0     1     0     1   514     0
   207     2     5     0     1     3     5     7     0     0     1     0     1     2     0     0   775     0
   208     2     6     2     3     5     7     1     0     0     0     1     1     2     0     0   680     0
   209     2     8     1     7     1     3     5     1     0     0     1     0     2     1     0   856     0
   210     2     6     2     3     5     7     1     1     0     0     0     1     2     0     0   516     0
   211     1     3     1     6     8     2     4     0     0     0     1     0     3     1     0  1016     0
   212     1     3     1     6     8     2     4     1     1     1     1     1     1     1     1   392     0
   213     2     7     0     5     7     1     3     1     1     0     1     1     3     0     0   458     0
   214     2     5     0     1     3     5     7     1     1     0     1     0     2     0     0   502     0
   215     2     8     1     7     1     3     5     1     0     0     1     0     2     0     1   457     0
   216     2     8     1     7     1     3     5     0     1     1     1     1     1     1     1   861     0
   217     2     5     0     1     3     5     7     0     0     1     1     1     2     0     1   549     0
   218     2     5     0     1     3     5     7     0     1     0     0     1     1     0     1   430     1
   219     2     6     2     3     5     7     1     1     1     1     0     0     2     1     0   406     1
   220     2     7     0     5     7     1     3     1     0     1     0     0     2     0     1   863     1
   221     2     5     0     1     3     5     7     0     0     0     1     0     2     1     0   856     0
   222     2     6     2     3     5     7     1     1     0     0     0     0     2     1     0   496     0
   223     1     1     2     2     4     6     8     0     0     0     1     1     3     1     0   635     0
   224     2     8     1     7     1     3     5     1     0     0     0     0     3     1     0   552     0
   225     1     3     1     6     8     2     4     1     0     0     1     1     3     0     0   632     0
   226     1     4     1     8     2     4     6     1     1     1     1     1     2     0     1   478     0
   227     2     8     1     7     1     3     5     0     1     0     0     0     3     1     0   824     0
   228     2     8     1     7     1     3     5     0     0     0     1     1     1     0     1   497     0
   229     2     6     2     3     5     7     1     0     0     1     1     0     2     0     0   499     0
   230     2     6     2     3     5     7     1     0     0     1     0     1     1     0     0   342     0
   231     1     1     2     2     4     6     8     1     1     0     1     1     3     1     1   537     0
   232     1     1     2     2     4     6     8     0     0     0     1     0     1     1     1   506     0
   233     1     1     2     2     4     6     8     1     1     0     1     1     1     1     1   633     1
   234     1     2     2     4     6     8     2     0     1     0     0     1     2     1     0   872     1
   235     1     2     2     4     6     8     2     1     1     1     1     1     1     1     0   509     0
   236     1     1     2     2     4     6     8     1     0     1     0     0     2     0     1   673     0
   237     2     7     0     5     7     1     3     0     1     1     0     1     3     1     1   735     1
   238     2     7     0     5     7     1     3     0     1     1     1     1     1     0     0   801     0
   239     1     4     1     8     2     4     6     0     0     1     1     1     3     0     1   583     0
   240     2     7     0     5     7     1     3     1     1     1     1     0     3     1     1   776     0
   241     2     6     2     3     5     7     1     0     0     1     1     0     2     1     1   899     0
   242     2     6     2     3     5     7     1     0     0     0     1     0     1     0     0   459     0
   243     1     2     2     4     6     8     2     0     1     1     0     1     3     0     1   396     1
   244     1     2     2     4     6     8     2     1     0     0     0     0     1     1     1  1032     0
   245     1     3     1     6     8     2     4     1     1     0     1     0     2     0     1   518     0
   246     1     3     1     6     8     2     4     1     1     1     0     1     1     0     0   502     0
   247     1     3     1     6     8     2     4     1     1     0     1     0     1     0     0   459     0
   248     1     3     1     6     8     2     4     0     1     1     0     1     1     1     0   489     0
   249     2     7     0     5     7     1     3     1     1     1     0     1     3     1     0   604     0
   250     2     7     0     5     7     1     3     1     1     1     1     1     1     0     0   410     0
   251     2     5     0     1     3     5     7     1     0     0     0     0     2     0     1   458     0
   252     2     5     0     1     3     5     7     0     1     0     1     0     1     1     1   861     0
   253     1     3     1     6     8     2     4     1     0     0     0     1     3     1     1   457     0
   254     1     4     1     8     2     4     6     0     0     1     0     1     2     1     0   637     1
   255     2     8     1     7     1     3     5     1     1     0     1     1     3     1     1   632     0
   256     2     8     1     7     1     3     5     0     0     0     0     0     1     1     1   536     0
   257     1     3     1     6     8     2     4     1     0     1     0     0     3     1     0   736     0
   258     1     2     2     4     6     8     2     0     0     1     0     0     2     1     0   883     1
   259     2     5     0     1     3     5     7     0     1     1     0     1     3     0     1   603     0
   260     2     6     2     3     5     7     1     1     0     1     0     1     2     1     1   853     0
   261     1     4     1     8     2     4     6     0     1     0     1     1     3     1     1   577     0
   262     1     4     1     8     2     4     6     0     1     1     0     1     1     0     0   461     1
   263     2     7     0     5     7     1     3     1     1     1     1     0     3     1     0   859     0
   264     1     2     2     4     6     8     2     1     0     1     0     1     3     0     1   644     0
   265     1     1     2     2     4     6     8     1     0     0     1     0     2     0     0   632     0
   266     1     1     2     2     4     6     8     1     0     0     1     0     1     0     0   405     0
   267     1     2     2     4     6     8     2     1     0     1     1     0     2     0     0   448     0
   268     2     7     0     5     7     1     3     0     1     1     0     1     3     1     1   740     0
   269     1     2     2     4     6     8     2     0     0     0     1     1     3     0     1   632     0
   270     1     3     1     6     8     2     4     1     1     0     1     1     2     1     1   410     0
   271     1     1     2     2     4     6     8     1     1     0     1     0     2     0     0   466     1
   272     2     8     1     7     1     3     5     1     0     1     1     0     3     0     1   600     0
   273     1     2     2     4     6     8     2     0     1     1     1     1     3     1     1   712     0
   274     1     1     2     2     4     6     8     1     0     0     0     1     2     1     1   398     0
   275     2     6     2     3     5     7     1     0     1     1     1     0     3     1     1   616     1
   276     1     1     2     2     4     6     8     1     1     0     0     0     3     1     0   616     0
   277     1     3     1     6     8     2     4     0     0     0     0     0     2     1     1   501     1
   278     1     3     1     6     8     2     4     1     1     1     1     0     1     1     1   692     0
   279     2     5     0     1     3     5     7     1     1     1     0     0     3     0     0   501     0
   280     2     5     0     1     3     5     7     1     0     0     0     0     1     0     1   511     0
   281     1     3     1     6     8     2     4     0     0     0     0     1     3     1     0   903     0
   282     2     8     1     7     1     3     5     1     0     0     0     1     3     1     0   482     0
   283     1     1     2     2     4     6     8     0     0     1     0     1     3     1     0   544     1
   284     1     1     2     2     4     6     8     1     1     0     1     0     1     1     1   565     0
   285     1     3     1     6     8     2     4     0     0     1     0     1     2     1     1   946     0
   286     1     2     2     4     6     8     2     1     1     0     1     1     2     1     1   530     0
   287     1     1     2     2     4     6     8     0     0     0     0     0     2     1     1   864     1
   288     1     2     2     4     6     8     2     1     0     1     0     0     2     1     0   612     0
   289     2     8     1     7     1     3     5     0     0     0     1     0     3     1     0   946     0
   290     2     8     1     7     1     3     5     1     0     1     1     0     1     1     0   562     1
   291     2     5     0     1     3     5     7     1     1     0     1     0     2     0     1   731     0
   292     1     4     1     8     2     4     6     0     0     1     1     0     3     1     1   688     0
   293     2     8     1     7     1     3     5     1     0     1     1     0     3     1     0   545     0
   294     2     8     1     7     1     3     5     1     1     1     0     1     1     0     1   495     0
   295     1     4     1     8     2     4     6     1     0     1     0     0     3     0     1   500     0
   296     1     3     1     6     8     2     4     0     1     0     0     1     2     1     1   701     0
   297     1     1     2     2     4     6     8     1     1     0     1     1     2     1     0   588     0
   298     1     1     2     2     4     6     8     0     0     0     0     0     1     1     1   504     0
   299     2     8     1     7     1     3     5     1     0     0     0     0     3     1     0   426     1
   300     2     8     1     7     1     3     5     1     0     1     0     0     1     0     0   538     1
   301     1     2     2     4     6     8     2     0     0     0     0     0     3     1     0   596     0
   302     1     3     1     6     8     2     4     1     1     1     0     1     2     1     1   753     0
   303     1     4     1     8     2     4     6     0     0     0     1     0     2     1     1   598     0
   304     2     5     0     1     3     5     7     1     1     1     1     1     3     1     1   494     0
   305     1     3     1     6     8     2     4     0     0     1     1     0     3     1     1   710     0
   306     1     3     1     6     8     2     4     1     1     1     0     1     1     1     1   793     0
   307     2     8     1     7     1     3     5     1     0     1     0     1     3     0     1   482     0
   308     2     8     1     7     1     3     5     1     1     1     1     1     1     0     1   483     0
   309     1     1     2     2     4     6     8     1     0     1     0     0     3     0     1   650     0
   310     1     1     2     2     4     6     8     0     1     0     0     1     1     1     1   519     0
   311     2     7     0     5     7     1     3     1     0     1     1     0     3     1     1   478     0
   312     2     7     0     5     7     1     3     1     1     1     1     0     1     0     1   531     0
   313     1     3     1     6     8     2     4     1     1     1     0     1     3     0     0   543     0
   314     2     6     2     3     5     7     1     1     0     1     1     0     3     0     1   407     0
   315     1     4     1     8     2     4     6     1     1     0     1     0     3     0     1   444     0
   316     1     1     2     2     4     6     8     0     1     1     0     1     2     1     0   562     0
   317     1     4     1     8     2     4     6     1     1     0     0     1     2     1     0   546     0
   318     1     1     2     2     4     6     8     1     1     0     0     0     2     0     0   393     1
   319     2     8     1     7     1     3     5     1     0     1     0     1     3     0     1   696     0
   320     2     7     0     5     7     1     3     0     0     1     0     1     2     1     0   651     0
   321     1     3     1     6     8     2     4     0     0     0     0     0     3     0     0   487     0
   322     1     3     1     6     8     2     4     0     1     0     0     0     1     0     1   403     1
   323     2     7     0     5     7     1     3     0     1     0     0     0     3     0     0   509     0
   324     1     2     2     4     6     8     2     1     0     0     0     1     3     1     1   514     0
   325     2     5     0     1     3     5     7     1     0     1     0     0     3     0     0   921     0
   326     2     5     0     1     3     5     7     0     1     1     0     0     1     1     1   514     0
   327     1     2     2     4     6     8     2     0     0     0     1     0     3     0     1   577     0
   328     1     3     1     6     8     2     4     1     0     1     0     0     2     1     0   840     0
   329     2     7     0     5     7     1     3     1     1     0     1     1     3     0     1   867     0
   330     2     8     1     7     1     3     5     1     1     0     1     0     2     0     0   590     0
   331     2     6     2     3     5     7     1     0     0     0     1     0     2     1     1   539     0
   332     2     6     2     3     5     7     1     0     0     0     0     0     1     0     0   541     1
   333     1     2     2     4     6     8     2     1     0     1     0     0     3     1     0   624     0
   334     1     4     1     8     2     4     6     1     0     1     0     0     2     0     0   642     0
   335     1     4     1     8     2     4     6     0     0     0     0     0     1     1     0   583     0
   336     1     1     2     2     4     6     8     1     1     0     1     0     2     1     1   552     0
   337     2     6     2     3     5     7     1     0     0     1     0     1     3     1     1   544     0
   338     2     6     2     3     5     7     1     1     1     1     1     0     1     1     1   539     0
   339     2     8     1     7     1     3     5     1     0     0     1     1     2     0     1   608     0
   340     2     8     1     7     1     3     5     0     0     1     1     1     1     1     0   530     0
   341     2     7     0     5     7     1     3     0     0     0     0     1     2     0     0   583     0
   342     2     7     0     5     7     1     3     1     0     0     1     0     1     1     0   490     0
   343     1     1     2     2     4     6     8     0     0     1     0     0     3     1     0   568     1
   344     2     6     2     3     5     7     1     0     0     1     0     1     3     0     0   550     0
   345     1     4     1     8     2     4     6     0     0     0     0     0     3     0     0   494     0
   346     1     4     1     8     2     4     6     0     0     0     0     1     1     0     0   366     0
   347     1     4     1     8     2     4     6     1     1     1     1     1     1     1     1   486     0
   348     1     4     1     8     2     4     6     1     1     0     0     1     1     0     0   508     1
   349     1     3     1     6     8     2     4     1     1     1     1     0     2     0     0   518     0
   350     2     6     2     3     5     7     1     0     0     1     0     1     3     1     1   517     0
   351     2     7     0     5     7     1     3     1     1     0     1     0     2     1     1   655     0
   352     2     7     0     5     7     1     3     0     1     1     0     1     1     1     0   463     0
   353     2     8     1     7     1     3     5     1     1     1     0     1     2     1     0   776     0
   354     1     3     1     6     8     2     4     0     1     0     1     1     3     1     0   546     0
   355     1     2     2     4     6     8     2     0     1     1     0     1     2     0     0   387     1
   356     1     2     2     4     6     8     2     0     0     1     1     0     1     0     1   458     0
   357     1     4     1     8     2     4     6     0     0     1     0     0     2     0     0   513     1
   358     2     5     0     1     3     5     7     1     1     1     1     1     3     1     1   562     0
   359     1     4     1     8     2     4     6     0     1     0     1     0     3     1     0   507     0
   360     1     2     2     4     6     8     2     1     0     1     0     0     2     1     1   479     0
   361     2     6     2     3     5     7     1     1     0     0     1     1     3     0     0   404     0
   362     2     6     2     3     5     7     1     1     1     0     0     0     1     0     1   389     1
   363     2     7     0     5     7     1     3     1     1     1     1     1     2     0     0   656     0
   364     2     5     0     1     3     5     7     1     0     1     0     1     2     0     1   466     0
   365     2     5     0     1     3     5     7     1     1     0     1     0     1     0     1   601     0
   366     2     5     0     1     3     5     7     1     0     1     1     1     1     0     1   677     0
   367     2     5     0     1     3     5     7     0     1     1     0     0     1     1     1   518     0
   368     2     7     0     5     7     1     3     0     1     1     1     1     2     0     0   432     0
   369     1     2     2     4     6     8     2     1     0     1     1     1     3     1     1   413     0
   370     1     2     2     4     6     8     2     0     0     1     0     0     1     1     0   473     0
   371     1     1     2     2     4     6     8     0     1     1     0     0     2     0     1   390     1
   372     1     1     2     2     4     6     8     0     0     1     0     1     1     0     1   674     0
   373     1     4     1     8     2     4     6     0     0     1     0     1     2     0     0   630     0
   374     1     4     1     8     2     4     6     1     0     1     1     0     1     1     0   525     1
   375     2     5     0     1     3     5     7     1     0     0     0     0     3     0     0   520     0
   376     2     5     0     1     3     5     7     0     0     1     1     1     1     1     0   664     0
   377     2     8     1     7     1     3     5     1     0     1     1     1     2     1     0   756     0
   378     2     7     0     5     7     1     3     1     0     1     1     1     2     0     0   644     0
   379     2     5     0     1     3     5     7     0     0     1     1     1     2     1     0   686     0
   380     1     4     1     8     2     4     6     0     0     1     0     1     3     0     0   785     0
   381     1     2     2     4     6     8     2     1     1     0     1     0     2     1     1   574     0
   382     1     2     2     4     6     8     2     0     1     1     1     1     1     1     0   467     0
   383     2     7     0     5     7     1     3     0     0     1     0     1     3     0     1   383     0
   384     2     7     0     5     7     1     3     0     0     0     1     1     1     0     0   457     0
   385     1     2     2     4     6     8     2     0     1     1     1     1     3     0     1   446     0
   386     1     2     2     4     6     8     2     0     0     0     1     0     1     0     1   476     0
   387     1     1     2     2     4     6     8     1     1     1     0     1     2     1     1   725     0
   388     1     1     2     2     4     6     8     0     1     0     1     0     1     1     0   892     0
   389     2     8     1     7     1     3     5     0     1     1     0     0     3     0     0   601     0
   390     2     6     2     3     5     7     1     1     1     1     0     0     2     1     0   556     0
   391     2     5     0     1     3     5     7     1     0     0     0     0     2     0     1   696     0
   392     2     5     0     1     3     5     7     0     0     0     0     1     1     1     0   550     0
   393     2     7     0     5     7     1     3     1     0     0     1     1     2     1     0   493     1
   394     2     6     2     3     5     7     1     0     1     0     1     1     2     1     1   493     0
   395     2     5     0     1     3     5     7     0     0     1     1     1     2     0     1   539     0
   396     2     8     1     7     1     3     5     0     1     0     1     0     2     0     1   606     0
   397     1     3     1     6     8     2     4     1     0     0     1     0     3     1     1   839     0
   398     1     4     1     8     2     4     6     0     1     0     1     1     2     1     1   533     0
   399     1     1     2     2     4     6     8     1     0     1     1     0     2     1     1   526     1
   400     2     6     2     3     5     7     1     0     1     1     0     0     3     1     1   581     0
   401     2     8     1     7     1     3     5     0     1     0     0     1     2     0     0   589     0
   402     2     8     1     7     1     3     5     0     1     1     0     0     1     0     0   561     0
   403     2     6     2     3     5     7     1     1     0     0     0     0     2     1     1   496     0
   404     2     6     2     3     5     7     1     0     0     0     1     1     1     1     0   616     0
   405     2     8     1     7     1     3     5     0     0     0     0     0     2     0     0   504     0
   406     2     8     1     7     1     3     5     1     1     1     0     0     1     1     1   635     0
   407     2     7     0     5     7     1     3     0     0     1     1     0     2     1     1   572     0
   408     2     6     2     3     5     7     1     0     0     0     1     0     2     0     0   532     0
   409     2     7     0     5     7     1     3     0     1     1     1     0     2     0     1   489     0
   410     2     7     0     5     7     1     3     1     0     1     0     1     1     1     1   705     1
   411     1     3     1     6     8     2     4     0     0     1     1     0     3     1     0   496     0
   412     1     3     1     6     8     2     4     1     1     1     0     1     1     1     1   490     0
   413     2     7     0     5     7     1     3     1     1     1     0     1     3     0     0   466     0
   414     2     7     0     5     7     1     3     0     1     1     1     1     1     1     0   391     0
   415     2     8     1     7     1     3     5     0     0     1     0     0     2     0     1   405     0
   416     2     8     1     7     1     3     5     0     1     1     1     1     1     0     1   462     0
   417     2     6     2     3     5     7     1     0     1     1     1     1     2     0     0   504     0
   418     2     6     2     3     5     7     1     0     0     0     1     1     1     0     1   451     1
   419     1     2     2     4     6     8     2     1     1     0     0     1     3     1     1   537     0
   420     1     3     1     6     8     2     4     1     0     1     0     1     2     0     1   628     0
   421     2     7     0     5     7     1     3     0     1     1     0     1     3     1     1   401     0
   422     1     4     1     8     2     4     6     1     1     1     1     0     3     1     0   673     1
   423     1     1     2     2     4     6     8     0     1     1     0     1     2     1     0   542     0
   424     1     2     2     4     6     8     2     1     0     1     0     0     2     1     1   396     0
   425     1     2     2     4     6     8     2     1     1     0     1     1     1     0     1   513     0
   426     1     2     2     4     6     8     2     1     0     1     0     1     1     0     1   397     1
   427     2     5     0     1     3     5     7     1     1     1     0     0     3     0     1   541     0
   428     2     5     0     1     3     5     7     1     1     1     0     1     1     0     0   423     0
   429     1     4     1     8     2     4     6     0     0     1     0     0     3     1     1   549     0
   430     1     4     1     8     2     4     6     1     1     1     1     0     1     1     1   396     0
   431     2     6     2     3     5     7     1     0     0     1     0     1     3     1     1   387     0
   432     2     7     0     5     7     1     3     0     1     0     0     1     2     0     1   590     0
   433     1     4     1     8     2     4     6     1     0     0     1     1     3     1     1   606     0
   434     1     4     1     8     2     4     6     0     0     1     1     0     1     1     0   635     0
   435     2     6     2     3     5     7     1     1     1     0     1     0     3     1     1   631     0
   436     2     7     0     5     7     1     3     1     0     0     1     1     2     0     1   592     0
   437     2     6     2     3     5     7     1     0     0     1     1     1     2     1     0   467     1
   438     1     1     2     2     4     6     8     0     1     0     0     0     3     0     1   819     0
   439     2     8     1     7     1     3     5     1     1     1     1     1     3     1     0   634     0
   440     2     8     1     7     1     3     5     0     0     1     0     1     1     1     1   512     0
   441     1     3     1     6     8     2     4     0     0     0     0     0     3     0     0   464     0
   442     1     3     1     6     8     2     4     0     0     0     0     0     1     0     0   467     0
   443     1     1     2     2     4     6     8     1     0     1     0     0     2     1     0   878     0
   444     1     1     2     2     4     6     8     0     0     1     0     0     1     1     0   570     0
   445     2     7     0     5     7     1     3     0     0     1     1     0     3     0     0   395     0
   446     2     5     0     1     3     5     7     0     0     1     0     0     2     0     0   633     0
   447     2     6     2     3     5     7     1     0     0     0     1     1     2     0     0   429     1
   448     2     8     1     7     1     3     5     1     1     1     0     1     2     1     1   600     0
   449     1     3     1     6     8     2     4     1     1     0     0     1     3     0     0   616     0
   450     1     3     1     6     8     2     4     0     1     0     0     1     1     1     0   472     0
   451     1     2     2     4     6     8     2     0     0     0     0     1     2     0     1   567     0
   452     1     2     2     4     6     8     2     1     0     0     1     1     1     1     0   532     0
   453     2     5     0     1     3     5     7     0     1     1     1     1     3     1     1   509     0
   454     2     5     0     1     3     5     7     0     1     0     1     1     1     0     0   467     0
   455     2     7     0     5     7     1     3     0     1     0     0     1     2     0     0   575     0
   456     1     2     2     4     6     8     2     0     0     1     1     1     3     0     1   372     0
   457     2     7     0     5     7     1     3     1     1     0     1     0     3     1     1   665     1
   458     2     7     0     5     7     1     3     1     0     1     1     1     1     0     1   485     0
   459     2     6     2     3     5     7     1     1     1     0     1     0     2     0     1   570     1
   460     2     6     2     3     5     7     1     1     0     1     1     0     1     0     1   562     0
   461     1     2     2     4     6     8     2     0     1     1     0     0     3     1     1   711     0
   462     1     2     2     4     6     8     2     1     1     0     0     1     1     1     0   632     0
   463     1     1     2     2     4     6     8     1     0     0     1     1     2     0     1   757     0
   464     1     4     1     8     2     4     6     0     0     1     1     0     2     1     0   613     1
   465     2     6     2     3     5     7     1     1     0     1     0     0     3     1     0   542     0
   466     2     7     0     5     7     1     3     1     1     1     1     0     2     0     1   648     0
   467     1     1     2     2     4     6     8     0     1     1     1     0     3     1     0   845     0
   468     1     1     2     2     4     6     8     1     0     0     0     1     1     1     1   470     0
   469     2     7     0     5     7     1     3     0     0     1     1     1     3     1     0   668     1
   470     2     7     0     5     7     1     3     1     1     0     1     0     1     1     1   713     0
   471     2     8     1     7     1     3     5     0     1     0     1     0     2     1     0   579     0
   472     2     5     0     1     3     5     7     1     1     1     0     0     2     1     0   750     0
   473     2     7     0     5     7     1     3     0     0     1     0     0     2     1     1   430     0
   474     2     7     0     5     7     1     3     1     1     1     0     1     1     1     1   570     0
   475     2     6     2     3     5     7     1     1     0     0     0     0     2     0     1   531     0
   476     1     1     2     2     4     6     8     0     0     0     1     0     3     1     0   607     0
   477     1     4     1     8     2     4     6     1     0     1     1     0     2     1     0   611     0
   478     1     4     1     8     2     4     6     1     0     0     1     1     1     0     0   496     0
   479     2     6     2     3     5     7     1     0     1     1     1     0     3     1     1   697     1
   480     1     3     1     6     8     2     4     1     1     1     1     1     3     1     0   595     0
   481     2     6     2     3     5     7     1     0     0     1     0     0     3     1     1   534     0
   482     2     8     1     7     1     3     5     1     1     0     0     0     2     1     1   860     0
   483     2     5     0     1     3     5     7     0     0     1     1     1     2     1     1   601     0
   484     2     5     0     1     3     5     7     0     1     0     0     0     1     0     1   556     0
   485     1     3     1     6     8     2     4     1     0     0     1     1     3     1     1   880     0
   486     1     2     2     4     6     8     2     1     1     1     1     1     2     0     1   491     0
   487     2     7     0     5     7     1     3     1     0     1     0     0     3     0     1   502     0
   488     2     7     0     5     7     1     3     0     1     1     0     0     1     1     1   514     0
   489     2     7     0     5     7     1     3     0     1     0     1     1     1     0     0   452     0
   490     2     7     0     5     7     1     3     0     1     1     0     1     1     0     0   431     0
   491     1     4     1     8     2     4     6     0     0     0     1     1     3     0     1   511     0
   492     1     4     1     8     2     4     6     0     1     0     0     1     1     0     1   610     0
   493     2     7     0     5     7     1     3     0     0     1     0     1     3     0     1   461     0
   494     2     6     2     3     5     7     1     1     0     0     1     1     2     1     0   670     0
   495     1     3     1     6     8     2     4     0     1     0     1     1     3     1     1   568     0
   496     2     6     2     3     5     7     1     0     1     1     0     1     3     0     0   471     0
   497     1     2     2     4     6     8     2     0     0     0     1     1     3     0     1   423     0
   498     1     2     2     4     6     8     2     0     1     1     1     0     1     0     1   427     0
   499     1     4     1     8     2     4     6     0     1     1     0     0     2     0     0   558     0
   500     1     4     1     8     2     4     6     0     0     0     0     1     1     0     1   447     0
   501     1     3     1     6     8     2     4     1     1     0     0     0     2     1     1   613     0
   502     1     3     1     6     8     2     4     0     0     0     0     1     1     1     1   546     0
   503     2     7     0     5     7     1     3     0     1     0     0     0     3     0     1   470     0
   504     2     8     1     7     1     3     5     0     0     0     0     1     2     0     1   490     0
   505     2     5     0     1     3     5     7     1     1     0     0     0     2     1     1   489     0
   506     2     7     0     5     7     1     3     0     1     0     1     0     2     1     0   587     0
   507     2     7     0     5     7     1     3     1     1     1     0     0     1     1     0   445     0
   508     2     7     0     5     7     1     3     1     0     1     0     1     1     0     1   548     0
   509     2     5     0     1     3     5     7     0     1     1     0     0     2     1     1   491     0
   510     2     5     0     1     3     5     7     1     1     0     0     1     1     1     0   486     0
   511     2     6     2     3     5     7     1     0     1     0     1     1     2     1     0   670     0
   512     2     6     2     3     5     7     1     0     1     0     0     0     1     0     0   494     0
   513     1     4     1     8     2     4     6     0     1     0     0     1     3     0     0   559     0
   514     1     4     1     8     2     4     6     1     0     0     1     1     1     1     1   661     0
   515     1     1     2     2     4     6     8     0     1     1     1     1     2     1     1   454     0
   516     1     1     2     2     4     6     8     0     0     1     1     0     1     0     1   468     0
   517     2     8     1     7     1     3     5     0     1     1     0     0     3     0     1   581     0
   518     2     8     1     7     1     3     5     1     1     0     1     1     1     1     0   497     0
   519     1     1     2     2     4     6     8     1     1     0     1     1     3     0     0   476     0
   520     2     6     2     3     5     7     1     1     0     0     1     0     3     0     1   364     0
   521     1     1     2     2     4     6     8     1     0     1     0     0     3     0     0   503     1
   522     1     4     1     8     2     4     6     1     0     0     1     0     2     0     0   491     0
   523     2     5     0     1     3     5     7     0     0     0     0     1     3     1     0   616     0
   524     2     5     0     1     3     5     7     1     1     1     0     0     1     1     1   421     0
   525     1     2     2     4     6     8     2     0     1     1     0     1     3     1     0   701     0
   526     1     3     1     6     8     2     4     1     0     1     0     1     2     1     1   681     0
   527     1     1     2     2     4     6     8     0     1     0     1     1     2     1     1   731     0
   528     1     2     2     4     6     8     2     0     0     1     0     0     2     0     1   554     0
   529     2     8     1     7     1     3     5     0     0     1     1     0     3     0     0   556     0
   530     1     1     2     2     4     6     8     0     0     1     0     1     3     0     0   588     0
   531     1     4     1     8     2     4     6     1     1     0     1     1     2     1     1   629     0
   532     1     4     1     8     2     4     6     0     1     0     1     1     1     1     0   758     0
   533     2     6     2     3     5     7     1     1     0     0     0     1     3     1     1   552     0
   534     2     5     0     1     3     5     7     0     0     0     0     1     2     1     0   531     0
   535     1     4     1     8     2     4     6     1     1     0     0     1     3     1     1   625     0
   536     1     4     1     8     2     4     6     1     1     1     0     0     1     0     0   442     0
   537     2     7     0     5     7     1     3     1     1     1     0     0     3     0     0   615     0
   538     2     8     1     7     1     3     5     1     0     0     1     0     2     0     1   497     0
   539     1     2     2     4     6     8     2     0     0     0     1     0     3     1     0   563     0
   540     1     1     2     2     4     6     8     0     0     1     1     0     2     0     0   573     1
   541     2     7     0     5     7     1     3     0     1     1     1     1     3     0     1   593     0
   542     2     7     0     5     7     1     3     0     0     0     1     1     1     0     1   508     0
   543     1     3     1     6     8     2     4     1     1     0     1     1     3     1     1   623     0
   544     1     3     1     6     8     2     4     0     0     0     0     0     1     1     1   411     0
   545     2     8     1     7     1     3     5     1     0     1     0     0     3     1     0   593     0
   546     1     3     1     6     8     2     4     1     0     1     0     0     3     0     0   401     0
   547     2     5     0     1     3     5     7     1     1     0     1     0     3     0     1   449     1
   548     2     5     0     1     3     5     7     1     1     1     1     1     1     0     0   459     0
   549     2     6     2     3     5     7     1     0     1     0     0     0     2     1     0   796     0
   550     2     6     2     3     5     7     1     1     1     0     0     0     1     1     0   465     0
   551     2     7     0     5     7     1     3     1     0     1     0     0     2     0     1   425     0
   552     2     8     1     7     1     3     5     1     1     0     0     0     2     0     1   655     0
   553     1     2     2     4     6     8     2     1     1     0     1     0     3     0     0   473     0
   554     1     2     2     4     6     8     2     0     1     0     0     1     1     1     0   651     0
   555     1     2     2     4     6     8     2     1     1     1     1     0     1     1     0   454     0
   556     1     2     2     4     6     8     2     1     1     1     1     0     1     0     0   397     0
   557     2     7     0     5     7     1     3     1     0     1     0     0     3     0     1   447     0
   558     2     8     1     7     1     3     5     0     1     0     1     1     2     1     1   375     0
   559     1     3     1     6     8     2     4     1     1     1     1     1     3     1     0   369     0
   560     1     3     1     6     8     2     4     0     0     0     1     0     1     1     1   442     0
   561     2     5     0     1     3     5     7     0     1     0     0     1     3     0     1   456     1
   562     2     8     1     7     1     3     5     0     0     1     1     1     2     0     1   522     0
   563     1     2     2     4     6     8     2     1     1     1     0     0     3     1     1   597     0
   564     1     4     1     8     2     4     6     1     1     0     0     1     2     0     0   419     0
   565     2     8     1     7     1     3     5     0     0     0     1     1     3     1     1   451     0
   566     2     8     1     7     1     3     5     0     1     0     1     1     1     0     1   550     0
   567     2     5     0     1     3     5     7     1     1     1     1     1     2     1     0   434     0
   568     2     7     0     5     7     1     3     0     1     1     0     1     2     1     0   580     0
   569     2     6     2     3     5     7     1     1     1     1     1     1     2     1     0   441     0
   570     2     5     0     1     3     5     7     0     0     1     1     0     2     1     1   622     0
   571     2     5     0     1     3     5     7     0     1     0     0     1     1     0     1   428     0
   572     2     5     0     1     3     5     7     0     1     1     0     1     1     0     0   336     0
   573     1     4     1     8     2     4     6     1     1     1     0     1     3     1     0   638     0
   574     1     4     1     8     2     4     6     1     0     0     0     0     1     0     1   459     1
   575     1     2     2     4     6     8     2     0     1     0     0     1     2     1     1   532     0
   576     1     3     1     6     8     2     4     1     1     0     1     0     2     1     0   642     0
   577     1     2     2     4     6     8     2     0     0     0     1     0     2     1     1   486     0
   578     1     2     2     4     6     8     2     0     1     1     0     0     1     0     1   445     0
   579     1     3     1     6     8     2     4     1     0     0     0     1     2     1     1   624     0
   580     1     3     1     6     8     2     4     1     0     0     0     0     1     0     0   469     0
   581     1     4     1     8     2     4     6     1     1     1     1     0     2     0     1   494     0
   582     1     4     1     8     2     4     6     0     1     1     1     0     1     1     0   512     0
   583     1     1     2     2     4     6     8     1     0     0     0     1     2     1     1   494     0
   584     1     3     1     6     8     2     4     1     1     0     1     1     2     0     1   522     0
   585     1     1     2     2     4     6     8     0     0     1     0     0     2     1     1   733     0
   586     1     1     2     2     4     6     8     0     0     1     0     0     1     0     0   491     1
   587     2     8     1     7     1     3     5     0     1     1     1     0     3     0     1   371     0
   588     2     6     2     3     5     7     1     0     1     1     1     0     2     0     0   439     0
   589     2     6     2     3     5     7     1     0     0     0     1     1     1     0     1   369     0
   590     1     3     1     6     8     2     4     0     1     1     1     1     3     0     1   393     0
   591     1     3     1     6     8     2     4     1     1     1     1     0     1     1     0   501     0
   592     1     1     2     2     4     6     8     0     0     1     1     1     2     1     1   466     0
   593     1     2     2     4     6     8     2     0     0     0     0     1     2     0     0   525     0
   594     1     2     2     4     6     8     2     1     0     0     0     1     1     1     0   528     0
   595     2     8     1     7     1     3     5     1     1     0     0     0     3     0     1   382     0
   596     1     1     2     2     4     6     8     0     1     0     0     0     3     1     0   440     1
   597     1     3     1     6     8     2     4     0     1     0     0     0     2     0     0   553     0
   598     1     3     1     6     8     2     4     1     1     0     0     0     1     1     0   643     0
   599     2     7     0     5     7     1     3     1     0     1     0     1     3     0     1   516     0
   600     1     4     1     8     2     4     6     0     0     1     0     0     3     1     0   613     1
   601     2     5     0     1     3     5     7     1     0     0     0     0     3     1     0   575     0
   602     2     5     0     1     3     5     7     1     1     1     1     1     1     0     1   498     0
   603     1     4     1     8     2     4     6     1     0     0     0     0     3     0     1   450     0
   604     1     3     1     6     8     2     4     1     1     1     1     1     2     0     1   515     0
   605     2     6     2     3     5     7     1     0     1     0     1     0     3     1     0   645     1
   606     2     6     2     3     5     7     1     1     0     0     0     0     1     1     1   484     0
   607     1     1     2     2     4     6     8     0     1     0     1     1     3     1     1   481     0
   608     1     4     1     8     2     4     6     0     0     1     1     1     2     0     1   585     0
   609     2     5     0     1     3     5     7     1     1     1     0     0     3     1     1   461     0
   610     2     5     0     1     3     5     7     1     0     1     0     0     1     0     1   465     0
   611     1     3     1     6     8     2     4     0     0     0     1     0     3     1     0   597     0
   612     1     2     2     4     6     8     2     1     1     1     1     1     2     1     1   486     0
   613     2     6     2     3     5     7     1     1     0     0     0     1     3     0     1   483     1
   614     1     3     1     6     8     2     4     1     1     1     0     0     3     0     1   662     0
   615     2     6     2     3     5     7     1     1     1     1     0     1     3     0     0   545     0
   616     2     6     2     3     5     7     1     1     1     0     1     0     1     0     0   443     0
   617     2     6     2     3     5     7     1     0     0     0     0     0     1     1     1   483     0
   618     2     6     2     3     5     7     1     1     1     1     0     0     1     1     1   528     0
   619     1     1     2     2     4     6     8     0     0     1     1     1     3     1     1   666     0
   620     1     1     2     2     4     6     8     0     1     0     0     0     1     0     1   767     0
   621     2     7     0     5     7     1     3     1     0     0     1     1     3     1     1   576     0
   622     2     7     0     5     7     1     3     0     1     1     1     1     1     1     1   420     0
   623     1     1     2     2     4     6     8     1     1     1     0     0     3     1     0   483     0
   624     1     1     2     2     4     6     8     0     1     1     1     0     1     1     0   391     0
   625     1     2     2     4     6     8     2     0     0     1     0     1     2     0     1   473     0
   626     1     2     2     4     6     8     2     1     0     0     1     1     1     1     0   573     0
   627     2     5     0     1     3     5     7     0     1     1     1     1     3     1     1   405     0
   628     2     5     0     1     3     5     7     1     0     1     1     0     1     1     1   530     0
   629     2     7     0     5     7     1     3     0     0     1     1     1     2     1     0   591     1
   630     2     7     0     5     7     1     3     0     1     0     0     1     1     0     1   439     0
   631     1     1     2     2     4     6     8     0     0     0     1     0     3     0     1   406     0
   632     1     2     2     4     6     8     2     1     1     0     1     1     2     1     1   595     0
   633     2     5     0     1     3     5     7     1     0     0     1     0     3     0     1   482     0
   634     1     2     2     4     6     8     2     1     0     1     0     0     3     0     0   422     0
   635     2     5     0     1     3     5     7     1     0     0     1     0     3     0     0   413     1
   636     2     6     2     3     5     7     1     1     1     0     0     1     2     0     1   467     0
   637     1     4     1     8     2     4     6     0     0     0     0     1     3     1     1   562     0
   638     1     4     1     8     2     4     6     0     1     0     1     0     1     0     1   412     0
   639     1     3     1     6     8     2     4     0     1     1     1     1     2     0     0   530     0
   640     2     8     1     7     1     3     5     1     1     0     1     1     3     1     0   686     0
   641     1     4     1     8     2     4     6     1     0     1     1     0     3     0     1   527     0
   642     1     4     1     8     2     4     6     1     0     0     0     0     1     0     0   665     1
   643     2     5     0     1     3     5     7     1     1     1     1     1     3     0     1   450     0
   644     1     2     2     4     6     8     2     1     1     0     0     1     3     0     0   429     1
   645     1     4     1     8     2     4     6     0     1     0     1     1     2     1     0  1154     0
   646     1     4     1     8     2     4     6     0     0     0     0     0     1     0     1   504     0
   647     2     7     0     5     7     1     3     1     0     0     1     1     3     1     0   632     0
   648     2     5     0     1     3     5     7     0     0     1     1     1     2     1     0   576     1
   649     2     8     1     7     1     3     5     0     0     0     1     1     2     0     0   534     0
   650     2     8     1     7     1     3     5     0     1     0     0     1     1     0     1   555     0
   651     1     1     2     2     4     6     8     1     0     1     0     1     3     1     1   817     0
   652     1     1     2     2     4     6     8     1     1     1     1     1     1     0     1   439     0
   653     2     8     1     7     1     3     5     1     0     1     1     0     3     0     1   516     0
   654     2     5     0     1     3     5     7     0     1     1     0     1     2     1     1   536     0
   655     2     5     0     1     3     5     7     1     1     1     0     1     1     1     0   565     0
   656     2     7     0     5     7     1     3     1     1     0     1     0     2     0     0   597     0
   657     1     1     2     2     4     6     8     0     0     0     0     0     3     1     1   451     0
   658     1     3     1     6     8     2     4     1     1     1     0     0     2     1     1   600     0
   659     1     2     2     4     6     8     2     0     0     1     0     1     2     1     1   858     0
   660     2     5     0     1     3     5     7     0     1     1     1     1     3     0     1   465     0
   661     1     2     2     4     6     8     2     1     0     1     1     1     3     1     1   477     0
   662     1     3     1     6     8     2     4     0     0     0     1     1     2     1     0   433     1
   663     1     1     2     2     4     6     8     0     0     1     1     1     2     0     0   647     0
   664     1     3     1     6     8     2     4     0     1     1     0     0     2     0     1   692     0
   665     2     7     0     5     7     1     3     1     1     1     0     0     3     1     0   578     0
   666     2     8     1     7     1     3     5     1     0     0     1     0     2     0     1   768     0
   667     1     3     1     6     8     2     4     1     0     0     0     1     3     0     0   781     0
   668     2     8     1     7     1     3     5     0     0     0     1     1     3     1     0   498     0
   669     2     7     0     5     7     1     3     1     1     1     1     1     2     1     1   512     0
   670     1     4     1     8     2     4     6     0     0     0     1     1     3     1     1   543     0
   671     2     6     2     3     5     7     1     1     1     0     1     0     3     1     1   811     0
   672     2     6     2     3     5     7     1     1     1     0     1     1     1     0     0   421     0
   673     2     6     2     3     5     7     1     1     1     0     0     1     1     0     0   432     0
   674     2     6     2     3     5     7     1     1     1     0     0     1     1     0     0   346     0
   675     1     1     2     2     4     6     8     0     1     0     0     0     3     1     0   576     0
   676     1     1     2     2     4     6     8     1     0     1     1     1     1     1     1   393     0
   677     1     4     1     8     2     4     6     0     1     1     0     1     2     1     1   331     0
   678     1     4     1     8     2     4     6     0     1     0     0     1     1     0     0   583     0
   679     2     8     1     7     1     3     5     0     1     1     0     1     3     0     0   479     0
   680     2     8     1     7     1     3     5     0     0     1     0     0     1     0     1   490     0
   681     1     1     2     2     4     6     8     1     1     1     1     0     3     1     1   606     1
   682     1     1     2     2     4     6     8     0     1     1     1     0     1     1     0   457     0
   683     2     6     2     3     5     7     1     1     1     0     1     0     3     1     0   393     0
   684     2     6     2     3     5     7     1     1     1     1     1     1     1     0     0   373     0
   685     2     8     1     7     1     3     5     1     0     0     0     1     2     0     1   375     0
   686     2     8     1     7     1     3     5     1     1     1     0     0     1     0     1   439     1
   687     1     4     1     8     2     4     6     0     1     0     0     0     3     1     0   629     1
   688     1     1     2     2     4     6     8     1     0     1     1     1     2     1     1   562     0
   689     1     4     1     8     2     4     6     1     0     1     0     0     2     0     0   308     1
   690     1     4     1     8     2     4     6     0     1     1     1     1     1     1     1   556     0
   691     1     1     2     2     4     6     8     1     1     1     0     0     2     1     0   469     0
   692     1     1     2     2     4     6     8     1     0     1     0     1     1     0     1   430     0
   693     2     7     0     5     7     1     3     1     0     0     0     0     3     0     0   396     0
   694     1     2     2     4     6     8     2     0     1     0     0     1     3     1     1   692     0
   695     2     6     2     3     5     7     1     1     0     0     1     0     3     1     1   428     0
   696     2     6     2     3     5     7     1     1     0     1     1     0     1     0     0   383     1
   697     1     2     2     4     6     8     2     0     0     0     1     0     3     1     0   513     0
   698     1     2     2     4     6     8     2     0     0     0     0     0     1     0     0   485     0
   699     1     1     2     2     4     6     8     0     0     1     0     1     2     0     0   703     0
   700     2     6     2     3     5     7     1     0     0     1     0     0     3     0     0   466     0
   701     1     3     1     6     8     2     4     0     0     0     0     0     3     0     0   437     0
   702     1     3     1     6     8     2     4     0     0     0     0     0     1     0     0   407     0
   703     1     1     2     2     4     6     8     0     1     0     0     0     2     0     1   486     0
   704     1     1     2     2     4     6     8     1     1     0     1     0     1     1     0   507     0
   705     2     7     0     5     7     1     3     1     1     0     1     0     3     0     0   487     0
   706     2     7     0     5     7     1     3     0     1     1     0     1     1     1     0   495     0
   707     1     4     1     8     2     4     6     1     1     1     1     0     3     1     0   523     0
   708     1     3     1     6     8     2     4     1     0     0     1     1     2     0     1   508     0
   709     2     8     1     7     1     3     5     1     0     1     0     1     3     0     0   696     0
   710     2     7     0     5     7     1     3     0     0     0     0     1     2     1     0   531     0
   711     1     2     2     4     6     8     2     0     1     0     1     1     3     0     1   584     0
   712     1     2     2     4     6     8     2     0     1     1     1     1     1     0     0   412     0
   713     2     8     1     7     1     3     5     0     0     1     0     1     3     0     1   476     0
   714     2     5     0     1     3     5     7     0     1     1     0     1     2     0     1   423     0
   715     2     6     2     3     5     7     1     0     0     1     1     0     2     0     1   460     0
   716     2     6     2     3     5     7     1     1     1     1     1     0     1     1     1   445     0
   717     1     3     1     6     8     2     4     1     1     1     0     1     3     0     0   378     0
   718     1     4     1     8     2     4     6     0     0     0     1     0     2     1     1   575     0
   719     1     4     1     8     2     4     6     0     1     1     1     1     1     0     1   340     0
   720     1     4     1     8     2     4     6     0     0     1     1     1     1     0     1   429     0
   721     2     6     2     3     5     7     1     0     1     0     0     0     3     0     1   428     0
   722     2     6     2     3     5     7     1     1     0     0     0     1     1     1     1   605     0
   723     2     6     2     3     5     7     1     1     0     1     0     0     1     0     0   406     0
   724     2     6     2     3     5     7     1     0     1     0     0     0     1     1     1   514     0
   725     2     7     0     5     7     1     3     0     1     1     1     0     2     0     0   479     1
   726     2     7     0     5     7     1     3     0     1     1     1     0     1     0     0   558     0
   727     2     8     1     7     1     3     5     0     1     1     0     1     2     0     0   545     0
   728     2     8     1     7     1     3     5     1     1     0     0     1     1     1     0   461     0
   729     1     3     1     6     8     2     4     0     1     0     0     0     3     1     0   584     0
   730     1     1     2     2     4     6     8     0     0     0     0     1     2     0     1   501     0
   731     1     1     2     2     4     6     8     1     1     0     0     0     1     1     1   506     0
   732     1     1     2     2     4     6     8     0     0     0     0     1     1     1     1   471     0
   733     2     6     2     3     5     7     1     1     1     0     1     1     3     1     1   369     0
   734     2     6     2     3     5     7     1     0     0     0     1     0     1     1     1   466     0
   735     1     2     2     4     6     8     2     0     1     1     1     1     3     0     1   436     0
   736     1     2     2     4     6     8     2     1     0     1     0     1     1     1     1   689     0
   737     2     6     2     3     5     7     1     0     1     1     0     1     3     1     1   345     0
   738     2     6     2     3     5     7     1     1     1     1     0     1     1     1     0   395     0
   739     1     1     2     2     4     6     8     1     1     0     0     1     3     0     0   401     0
   740     1     2     2     4     6     8     2     1     0     0     0     1     2     0     1   359     0
   741     1     4     1     8     2     4     6     0     1     1     1     0     2     1     1   414     0
   742     1     1     2     2     4     6     8     1     1     0     0     1     2     1     0   467     0
   743     2     8     1     7     1     3     5     1     0     0     1     1     3     0     1   525     0
   744     2     5     0     1     3     5     7     0     0     0     1     1     2     1     0   570     0
   745     1     1     2     2     4     6     8     1     0     0     1     0     3     1     0   440     0
   746     1     1     2     2     4     6     8     1     1     0     1     1     1     0     1   417     0
   747     1     3     1     6     8     2     4     1     1     0     1     0     2     0     0   477     0
   748     1     3     1     6     8     2     4     0     0     1     0     0     1     1     1   483     0
   749     1     3     1     6     8     2     4     0     1     1     0     0     1     0     1   424     0
   750     2     6     2     3     5     7     1     1     0     0     1     0     3     1     1   485     0
   751     2     6     2     3     5     7     1     1     1     0     1     0     1     0     1   394     1
   752     2     6     2     3     5     7     1     0     1     1     0     0     1     1     0   386     0
   753     1     2     2     4     6     8     2     1     1     0     1     1     3     1     0   399     0
   754     1     4     1     8     2     4     6     1     1     0     1     1     2     0     0   656     0
   755     1     1     2     2     4     6     8     1     0     0     1     0     2     0     1   495     0
   756     1     1     2     2     4     6     8     1     0     0     0     0     1     0     0   375     0
   757     1     4     1     8     2     4     6     0     1     0     0     0     2     1     1   385     0
   758     1     3     1     6     8     2     4     1     1     0     1     0     2     1     0   615     0
   759     2     8     1     7     1     3     5     1     1     0     1     0     3     0     0   395     0
   760     2     8     1     7     1     3     5     0     0     1     0     0     1     1     1   494     0
   761     2     5     0     1     3     5     7     1     1     1     0     1     2     1     1   293     0
   762     2     5     0     1     3     5     7     0     0     0     1     0     1     1     1   565     1
   763     2     8     1     7     1     3     5     1     1     0     1     0     2     1     1   673     0
   764     1     3     1     6     8     2     4     0     0     0     0     1     3     1     1   734     0
   765     2     5     0     1     3     5     7     1     1     1     1     0     3     1     1   429     0
   766     1     2     2     4     6     8     2     1     1     1     1     0     3     0     0   514     1
   767     2     6     2     3     5     7     1     0     1     1     1     0     3     1     0   436     0
   768     2     6     2     3     5     7     1     1     1     1     1     1     1     1     0   415     0
   769     1     1     2     2     4     6     8     1     0     0     0     0     3     0     1   406     0
   770     1     2     2     4     6     8     2     1     1     0     0     1     2     0     1   424     0
   771     2     8     1     7     1     3     5     0     0     0     0     1     3     1     1   508     0
   772     2     5     0     1     3     5     7     1     1     1     0     1     2     1     1   380     0
   773     2     6     2     3     5     7     1     0     1     0     0     1     2     1     0   439     0
   774     2     8     1     7     1     3     5     0     1     1     1     0     2     0     0   360     0
   775     2     5     0     1     3     5     7     1     0     0     0     1     2     1     1   591     1
   776     2     5     0     1     3     5     7     0     0     1     1     0     1     1     0   551     0
   777     1     4     1     8     2     4     6     0     0     1     0     0     3     0     0   563     0
   778     1     4     1     8     2     4     6     0     1     1     1     1     1     0     1   438     0
   779     1     3     1     6     8     2     4     0     0     0     0     1     2     0     1   511     0
   780     1     3     1     6     8     2     4     0     1     0     1     1     1     0     1   462     0
   781     2     7     0     5     7     1     3     1     1     0     0     1     3     1     0   541     1
   782     2     7     0     5     7     1     3     1     0     0     0     1     1     0     1   409     0
   783     2     5     0     1     3     5     7     0     0     0     0     0     2     1     0   503     0
   784     1     4     1     8     2     4     6     1     1     0     1     0     3     1     1   640     0
   785     2     5     0     1     3     5     7     1     1     1     1     1     3     0     0   408     0
   786     2     8     1     7     1     3     5     1     0     1     0     1     2     0     1   613     1
   787     2     8     1     7     1     3     5     0     1     1     0     0     1     1     1   543     0
   788     2     7     0     5     7     1     3     0     1     1     1     1     2     0     0   515     0
   789     2     7     0     5     7     1     3     0     1     0     1     1     1     0     0   454     0
   790     2     6     2     3     5     7     1     1     0     1     1     0     2     1     1   566     0
   791     2     5     0     1     3     5     7     0     0     0     0     1     2     1     0   531     0
   792     2     8     1     7     1     3     5     0     0     1     1     0     2     0     0   457     1
   793     1     4     1     8     2     4     6     0     1     1     0     0     3     0     1   429     0
   794     2     7     0     5     7     1     3     1     1     0     0     1     3     1     0   513     0
   795     1     2     2     4     6     8     2     1     0     1     0     1     3     0     1   554     0
   796     1     4     1     8     2     4     6     0     1     1     1     1     2     1     1   403     0
   797     2     7     0     5     7     1     3     1     1     1     0     0     3     1     0   612     0
   798     2     7     0     5     7     1     3     0     1     1     1     1     1     1     0   466     0
   799     2     8     1     7     1     3     5     0     1     1     0     1     2     0     0   463     0
   800     2     8     1     7     1     3     5     1     0     1     1     0     1     1     1   494     0
   801     2     6     2     3     5     7     1     0     1     1     0     0     2     1     1   656     0
   802     2     7     0     5     7     1     3     0     1     0     0     0     2     0     0   502     0
   803     1     4     1     8     2     4     6     1     1     0     1     1     3     1     0   542     0
   804     1     4     1     8     2     4     6     1     1     0     0     1     1     0     0   485     0
   805     2     6     2     3     5     7     1     0     1     0     0     0     3     1     0   574     0
   806     2     5     0     1     3     5     7     0     0     0     0     1     2     0     1   461     0
   807     1     2     2     4     6     8     2     0     1     1     0     1     3     0     1   460     0
   808     1     2     2     4     6     8     2     0     0     1     0     0     1     0     1   387     0
   809     2     8     1     7     1     3     5     1     0     1     0     0     3     1     0   517     0
   810     2     8     1     7     1     3     5     0     0     0     0     1     1     1     0   575     0
   811     1     3     1     6     8     2     4     1     1     0     0     0     3     1     1   604     0
   812     1     3     1     6     8     2     4     0     1     1     1     0     1     1     0   682     0
   813     2     8     1     7     1     3     5     0     1     0     1     1     3     0     0   470     0
   814     1     1     2     2     4     6     8     0     1     0     0     0     3     0     0   438     1
   815     2     5     0     1     3     5     7     1     0     1     0     1     3     1     1   658     0
   816     2     5     0     1     3     5     7     1     1     1     0     0     1     0     1   399     0
   817     2     8     1     7     1     3     5     1     1     1     0     1     2     0     0   516     0
   818     2     8     1     7     1     3     5     0     0     0     1     0     1     1     1   547     0
   819     2     7     0     5     7     1     3     0     1     0     0     0     2     0     1   438     0
   820     2     8     1     7     1     3     5     1     0     1     1     1     2     1     1   597     0
   821     2     5     0     1     3     5     7     0     1     1     0     0     2     1     1   400     0
   822     1     2     2     4     6     8     2     1     1     1     1     0     3     1     0   693     0
   823     2     5     0     1     3     5     7     1     0     0     0     0     3     0     1   464     0
   824     2     5     0     1     3     5     7     1     0     1     1     1     1     0     0   445     1
   825     2     8     1     7     1     3     5     0     0     0     0     1     2     1     0   491     0
   826     2     5     0     1     3     5     7     0     1     0     0     1     2     0     1   367     0
   827     2     6     2     3     5     7     1     0     0     0     0     1     2     0     1   443     0
   828     2     6     2     3     5     7     1     1     0     1     1     1     1     1     0   674     0
   829     2     5     0     1     3     5     7     1     1     1     1     0     2     0     1   460     0
   830     2     5     0     1     3     5     7     0     0     0     1     1     1     1     1   431     0
   831     1     4     1     8     2     4     6     0     0     0     1     0     3     0     0   425     0
   832     1     4     1     8     2     4     6     1     1     1     0     1     1     1     1   410     0
   833     2     8     1     7     1     3     5     1     0     0     0     0     3     0     1   453     0
   834     2     8     1     7     1     3     5     1     1     1     0     1     1     0     1   395     0
   835     2     5     0     1     3     5     7     0     0     1     0     0     2     1     1   680     0
   836     2     6     2     3     5     7     1     1     1     1     0     0     2     1     1   632     0
   837     1     4     1     8     2     4     6     0     0     1     1     0     3     1     1   523     0
   838     1     4     1     8     2     4     6     0     0     1     0     1     1     0     0   449     0
   839     2     6     2     3     5     7     1     1     1     1     0     1     3     1     1   453     0
   840     2     6     2     3     5     7     1     0     0     0     1     1     1     1     1   464     0
   841     2     8     1     7     1     3     5     0     1     0     1     1     2     0     1   410     0
   842     2     8     1     7     1     3     5     1     0     1     1     0     1     1     1   469     0
   843     1     3     1     6     8     2     4     1     0     0     0     1     3     0     0   552     0
   844     1     3     1     6     8     2     4     0     0     1     1     1     1     1     0   452     1
   845     1     3     1     6     8     2     4     1     1     0     1     0     1     1     1   460     0
   846     1     3     1     6     8     2     4     1     0     1     1     0     1     0     1   428     0
   847     1     4     1     8     2     4     6     0     0     0     1     0     2     1     0   634     0
   848     1     4     1     8     2     4     6     0     0     1     1     0     1     0     0   520     0
   849     1     1     2     2     4     6     8     1     0     1     1     1     2     1     0   587     0
   850     1     4     1     8     2     4     6     1     1     0     0     0     2     0     1   500     0
   851     2     8     1     7     1     3     5     1     0     0     1     0     3     0     1   511     0
   852     2     8     1     7     1     3     5     0     1     0     0     0     1     1     1   556     0
   853     1     1     2     2     4     6     8     0     0     1     0     0     3     0     1   450     0
   854     1     1     2     2     4     6     8     1     1     0     0     0     1     1     1   541     0
   855     2     5     0     1     3     5     7     1     1     1     1     1     3     0     0   388     0
   856     2     5     0     1     3     5     7     0     1     0     1     1     1     1     0   412     0
   857     1     2     2     4     6     8     2     1     1     1     1     1     3     1     0   485     0
   858     1     2     2     4     6     8     2     0     0     0     1     1     1     1     1   453     0
   859     2     8     1     7     1     3     5     1     1     0     0     0     3     1     1   363     0
   860     2     8     1     7     1     3     5     0     1     1     0     0     1     1     0   406     0
   861     1     4     1     8     2     4     6     0     1     1     1     0     3     0     0   363     0
   862     1     1     2     2     4     6     8     0     0     0     1     1     2     0     1   367     0
   863     2     5     0     1     3     5     7     0     0     0     0     0     3     0     0   398     0
   864     2     5     0     1     3     5     7     0     1     0     0     0     1     0     1   394     0
   865     1     2     2     4     6     8     2     0     0     0     1     1     3     0     1   408     0
   866     2     5     0     1     3     5     7     1     0     0     0     1     3     1     0   394     0
   867     2     5     0     1     3     5     7     1     1     0     0     0     1     0     1   389     0
   868     2     6     2     3     5     7     1     1     0     1     0     0     2     0     1   361     0
   869     2     7     0     5     7     1     3     0     1     1     0     0     2     1     1   441     1
   870     2     7     0     5     7     1     3     0     0     0     1     0     1     0     1   440     0
   871     1     4     1     8     2     4     6     1     0     0     1     1     3     1     0   430     1
   872     1     4     1     8     2     4     6     1     1     1     0     1     1     0     1   520     0
   873     2     8     1     7     1     3     5     1     0     0     0     0     3     0     1   471     0
   874     1     3     1     6     8     2     4     0     1     0     1     0     3     1     1   370     0
   875     1     1     2     2     4     6     8     1     1     1     1     0     2     1     0   556     0
   876     1     3     1     6     8     2     4     0     0     1     0     1     2     1     1   561     0
   877     2     8     1     7     1     3     5     1     0     0     0     0     3     1     0   428     0
   878     2     6     2     3     5     7     1     0     1     0     1     0     2     1     1   454     0
   879     1     1     2     2     4     6     8     0     1     0     0     1     3     0     0   745     0
   880     2     8     1     7     1     3     5     0     1     1     0     0     3     0     0   599     0
   881     1     4     1     8     2     4     6     0     1     0     0     1     3     0     0   389     0
   882     1     2     2     4     6     8     2     1     1     1     1     0     2     1     0   615     1
   883     2     7     0     5     7     1     3     1     0     1     0     1     3     0     1   470     0
   884     2     7     0     5     7     1     3     1     0     1     1     1     1     0     0   544     0
   885     1     4     1     8     2     4     6     1     0     1     1     1     3     0     0   456     1
   886     1     2     2     4     6     8     2     0     0     0     0     1     2     1     0   527     0
   887     1     4     1     8     2     4     6     1     0     1     0     0     2     1     0   553     0
   888     2     5     0     1     3     5     7     1     1     1     1     1     3     0     1   414     0
   889     1     3     1     6     8     2     4     0     0     1     1     1     3     1     1   607     0
   890     1     3     1     6     8     2     4     1     1     0     0     0     1     1     1   557     0
   891     1     3     1     6     8     2     4     1     1     1     1     0     1     0     0   522     0
   892     1     3     1     6     8     2     4     0     1     1     1     0     1     1     0   572     0
   893     2     8     1     7     1     3     5     1     0     1     0     1     3     1     1   504     0
   894     1     1     2     2     4     6     8     1     0     1     0     0     3     0     0   458     0
   895     2     5     0     1     3     5     7     1     1     0     1     1     3     0     1   480     0
   896     2     5     0     1     3     5     7     1     1     0     1     1     1     0     0   586     0
